# SPIRE_350micron
#photon
# SPIRE_350micron
1666670.00000  0.00000
1669450.00000  0.00000
1672240.00000  0.00000
1674760.00000  0.00000
1677570.00000  0.00000
1680390.00000  0.00000
1683220.00000  0.00000
1685770.00000  0.00000
1688620.00000  0.00000
1691480.00000  0.00000
1694340.00000  0.00000
1697210.00000  0.00000
1699810.00000  0.00000
1702710.00000  0.00000
1705610.00000  0.00000
1708520.00000  0.00000
1711450.00000  0.00000
1714090.00000  0.00000
1717030.00000  0.00000
1719990.00000  0.00000
1722950.00000  0.00000
1725620.00000  0.00000
1728610.00000  0.00000
1731600.00000  0.00000
1734610.00000  0.00000
1737620.00000  0.00000
1740340.00000  0.00000
1743370.00000  0.00000
1746420.00000  0.00000
1749480.00000  0.00000
1752540.00000  0.00000
1755310.00000  0.00000
1758400.00000  0.00000
1761500.00000  0.00000
1764610.00000  0.00000
1767400.00000  0.00000
1770540.00000  0.00000
1773680.00000  0.00000
1776830.00000  0.00000
1780000.00000  0.00000
1782840.00000  0.00000
1786030.00000  0.00000
1789230.00000  0.00000
1792440.00000  0.00000
1795660.00000  0.00000
1798560.00000  0.00000
1801800.00000  0.00000
1805050.00000  0.00000
1808320.00000  0.00000
1811270.00000  0.00000
1814550.00000  0.00000
1817850.00000  0.00000
1821160.00000  0.00000
1824490.00000  0.00000
1827490.00000  0.00000
1830830.00000  0.00000
1834190.00000  0.00000
1837560.00000  0.00000
1840950.00000  0.00000
1844000.00000  0.00000
1847400.00000  0.00000
1850820.00000  0.00000
1854260.00000  0.00000
1857360.00000  0.00000
1860820.00000  0.00000
1864280.00000  0.00000
1867760.00000  0.00000
1871260.00000  0.00000
1874420.00000  0.00000
1877940.00000  0.00000
1881460.00000  0.00000
1885010.00000  0.00000
1888580.00000  0.00000
1891790.00000  0.00000
1895380.00000  0.00000
1898970.00000  -0.00000
1902590.00000  0.00000
1905850.00000  0.00000
1909490.00000  0.00000
1913140.00000  0.00000
1916810.00000  0.00000
1920490.00000  0.00000
1923820.00000  0.00000
1927530.00000  0.00000
1931240.00000  0.00000
1934980.00000  0.00000
1938360.00000  0.00000
1942130.00000  0.00000
1945910.00000  0.00000
1949690.00000  0.00000
1953500.00000  0.00000
1956950.00000  0.00000
1960790.00000  0.00000
1964640.00000  0.00000
1968500.00000  0.00000
1972380.00000  0.00000
1975890.00000  0.00000
1979810.00000  0.00000
1983740.00000  0.00000
1987670.00000  0.00000
1991240.00000  0.00000
1995210.00000  0.00001
1999200.00000  0.00001
2003210.00000  0.00000
2007220.00000  0.00000
2010860.00000  0.00000
2014910.00000  0.00000
2018980.00000  0.00000
2023070.00000  0.00000
2027160.00000  0.00000
2030870.00000  0.00000
2035000.00000  0.00000
2039150.00000  0.00000
2043320.00000  0.00000
2047080.00000  0.00001
2051280.00000  0.00000
2055500.00000  0.00000
2059740.00000  0.00000
2063990.00000  0.00000
2067820.00000  0.00000
2072110.00000  0.00000
2076410.00000  0.00000
2080740.00000  0.00000
2085080.00000  0.00000
2088990.00000  0.00000
2093360.00000  0.00000
2097760.00000  0.00000
2102170.00000  0.00000
2106160.00000  0.00000
2110590.00000  0.00000
2115060.00000  0.00000
2119540.00000  0.00000
2124050.00000  0.00000
2128120.00000  0.00000
2132650.00000  0.00000
2137210.00000  0.00000
2141790.00000  0.00000
2146390.00000  0.00000
2150550.00000  0.00000
2155170.00000  0.00000
2159830.00000  0.00000
2164500.00000  0.00000
2168730.00000  0.00000
2173430.00000  0.00000
2178170.00000  0.00000
2182930.00000  0.00000
2187710.00000  0.00000
2192030.00000  0.00000
2196830.00000  0.00001
2201670.00000  0.00000
2206530.00000  0.00000
2210920.00000  0.00000
2215830.00000  0.00000
2220730.00000  0.00000
2225680.00000  0.00000
2230650.00000  0.00000
2235140.00000  0.00001
2240150.00000  0.00001
2245170.00000  0.00001
2250220.00000  0.00000
2255300.00000  0.00001
2259890.00000  0.00001
2265010.00000  0.00001
2270140.00000  0.00001
2275310.00000  0.00000
2279980.00000  0.00001
2285200.00000  0.00000
2290430.00000  0.00000
2295680.00000  0.00000
2300960.00000  0.00000
2305740.00000  0.00001
2311070.00000  0.00000
2316430.00000  0.00000
2321790.00000  0.00000
2327200.00000  0.00000
2332090.00000  0.00000
2337540.00000  0.00000
2343030.00000  -0.00000
2348510.00000  0.00000
2353490.00000  0.00000
2359050.00000  0.00000
2364630.00000  0.00000
2370240.00000  0.00001
2375850.00000  0.00001
2380950.00000  0.00001
2386640.00000  0.00001
2392350.00000  0.00001
2398090.00000  0.00001
2403840.00000  0.00001
2409060.00000  0.00001
2414880.00000  0.00001
2420730.00000  0.00001
2426600.00000  0.00001
2431900.00000  0.00001
2437830.00000  0.00001
2443790.00000  0.00001
2449790.00000  0.00001
2455810.00000  0.00001
2461230.00000  0.00001
2467310.00000  0.00001
2473410.00000  0.00001
2479550.00000  0.00001
2485700.00000  0.00001
2491270.00000  0.00001
2497500.00000  0.00001
2503760.00000  0.00001
2510050.00000  0.00001
2515710.00000  0.00001
2522060.00000  0.00001
2528440.00000  0.00001
2534860.00000  0.00002
2541300.00000  0.00003
2547110.00000  0.00003
2553620.00000  0.00004
2560160.00000  0.00004
2566740.00000  0.00004
2573350.00000  0.00006
2579300.00000  0.00007
2585980.00000  0.00007
2592690.00000  0.00008
2599430.00000  0.00009
2605530.00000  0.00010
2612320.00000  0.00012
2619170.00000  0.00015
2626050.00000  0.00017
2632970.00000  0.00021
2639230.00000  0.00025
2646190.00000  0.00030
2653220.00000  0.00038
2660280.00000  0.00047
2666670.00000  0.00057
2673810.00000  0.00071
2680960.00000  0.00090
2688170.00000  0.00111
2695420.00000  0.00137
2701980.00000  0.00168
2709300.00000  0.00197
2716640.00000  0.00226
2724050.00000  0.00260
2731490.00000  0.00296
2738230.00000  0.00337
2745750.00000  0.00392
2753290.00000  0.00449
2760900.00000  0.00506
2767780.00000  0.00576
2775470.00000  0.00656
2783200.00000  0.00731
2790950.00000  0.00807
2798760.00000  0.00893
2805840.00000  0.00998
2813740.00000  0.01081
2821680.00000  0.01207
2829650.00000  0.01363
2837680.00000  0.01491
2844950.00000  0.01780
2853070.00000  0.02310
2861240.00000  0.02561
2869430.00000  0.03292
2876870.00000  0.03966
2885170.00000  0.04865
2893530.00000  0.05801
2901930.00000  0.06892
2910350.00000  0.07998
2918000.00000  0.09402
2926550.00000  0.11480
2935140.00000  0.14390
2943790.00000  0.18040
2952460.00000  0.22380
2960330.00000  0.26980
2969120.00000  0.31490
2977970.00000  0.34660
2986840.00000  0.36790
2994900.00000  0.38560
3003910.00000  0.40300
3012960.00000  0.41580
3022060.00000  0.42410
3031220.00000  0.43770
3039510.00000  0.44030
3048780.00000  0.43650
3058110.00000  0.43390
3067490.00000  0.43450
3076920.00000  0.44000
3085470.00000  0.43370
3095020.00000  0.44970
3104620.00000  0.46360
3114290.00000  0.47130
3123050.00000  0.47340
3132830.00000  0.48140
3142680.00000  0.48810
3152580.00000  0.48080
3162550.00000  0.47660
3171580.00000  0.47180
3181670.00000  0.45970
3191830.00000  0.45730
3202050.00000  0.46240
3211300.00000  0.48740
3221650.00000  0.51420
3232060.00000  0.54540
3242540.00000  0.55460
3253090.00000  0.56270
3262640.00000  0.54370
3273320.00000  0.53790
3284070.00000  0.52210
3294890.00000  0.51470
3305790.00000  0.52110
3315650.00000  0.53380
3326680.00000  0.53920
3337780.00000  0.55520
3348960.00000  0.56150
3359090.00000  0.56420
3370410.00000  0.56440
3381810.00000  0.56270
3393280.00000  0.55490
3404840.00000  0.55400
3415300.00000  0.55480
3427010.00000  0.55860
3438790.00000  0.57430
3450650.00000  0.57830
3462600.00000  0.56780
3473430.00000  0.54950
3485530.00000  0.54700
3497720.00000  0.53420
3510000.00000  0.53760
3521130.00000  0.56050
3533570.00000  0.59130
3546100.00000  0.62200
3558720.00000  0.62600
3571430.00000  0.63170
3582940.00000  0.62040
3595830.00000  0.58880
3608810.00000  0.57310
3621880.00000  0.56720
3635040.00000  0.56630
3646970.00000  0.57760
3660320.00000  0.58200
3673770.00000  0.60090
3687320.00000  0.60430
3699590.00000  0.61170
3713330.00000  0.61940
3727170.00000  0.62900
3741120.00000  0.62070
3755160.00000  0.61050
3767900.00000  0.60460
3782150.00000  0.60200
3796510.00000  0.60010
3810980.00000  0.59760
3825560.00000  0.59770
3838770.00000  0.60970
3853570.00000  0.59650
3868470.00000  0.58230
3883490.00000  0.56700
3897120.00000  0.56080
3912360.00000  0.55260
3927730.00000  0.55410
3943220.00000  0.53730
3958830.00000  0.51910
3972980.00000  0.47700
3988830.00000  0.44290
4004800.00000  0.38700
4020910.00000  0.34130
4037140.00000  0.29070
4051860.00000  0.25680
4068350.00000  0.21380
4084970.00000  0.18590
4101720.00000  0.16240
4116920.00000  0.13990
4133940.00000  0.11550
4151100.00000  0.09563
4168400.00000  0.04668
4185850.00000  0.02183
4201680.00000  0.01283
4219410.00000  0.00843
4237290.00000  0.00596
4255320.00000  0.00424
4271680.00000  0.00322
4290010.00000  0.00254
4308490.00000  0.00199
4327130.00000  0.00154
4345940.00000  0.00124
4363000.00000  0.00101
4382120.00000  0.00083
4401410.00000  0.00073
4420860.00000  0.00066
4440490.00000  0.00058
4458310.00000  0.00050
4478280.00000  0.00044
4498420.00000  0.00037
4518750.00000  0.00032
4537200.00000  0.00028
4557880.00000  0.00027
4578750.00000  0.00026
4599810.00000  0.00025
4621070.00000  0.00024
4640370.00000  0.00023
4662000.00000  0.00021
4683840.00000  0.00020
4705880.00000  0.00018
4728130.00000  0.00016
4748340.00000  0.00000
4770990.00000  0.00000
4793860.00000  0.00000
4816960.00000  0.00000
4837930.00000  0.00000
4861450.00000  0.00000
4885200.00000  0.00000
4909180.00000  0.00000
4933400.00000  0.00000
4955400.00000  0.00000
4980080.00000  0.00000
5005010.00000  0.00000
5030180.00000  0.00000
5055610.00000  0.00000
