# SPIRE_250micron
#photon
# SPIRE_250micron
1666670.00000  0.00000
1669450.00000  0.00026
1672240.00000  0.00018
1674760.00000  0.00011
1677570.00000  0.00002
1680390.00000  -0.00007
1683220.00000  -0.00012
1685770.00000  -0.00014
1688620.00000  -0.00015
1691480.00000  -0.00004
1694340.00000  0.00007
1697210.00000  0.00018
1699810.00000  0.00029
1702710.00000  0.00041
1705610.00000  0.00041
1708520.00000  0.00041
1711450.00000  0.00042
1714090.00000  0.00045
1717030.00000  0.00048
1719990.00000  0.00058
1722950.00000  0.00071
1725620.00000  0.00079
1728610.00000  0.00066
1731600.00000  0.00054
1734610.00000  0.00040
1737620.00000  0.00026
1740340.00000  0.00012
1743370.00000  0.00011
1746420.00000  0.00010
1749480.00000  0.00013
1752540.00000  0.00019
1755310.00000  0.00025
1758400.00000  0.00021
1761500.00000  0.00015
1764610.00000  0.00011
1767400.00000  0.00007
1770540.00000  0.00004
1773680.00000  0.00020
1776830.00000  0.00043
1780000.00000  0.00063
1782840.00000  0.00069
1786030.00000  0.00075
1789230.00000  0.00058
1792440.00000  0.00025
1795660.00000  -0.00007
1798560.00000  -0.00007
1801800.00000  -0.00007
1805050.00000  0.00012
1808320.00000  0.00056
1811270.00000  0.00101
1814550.00000  0.00112
1817850.00000  0.00118
1821160.00000  0.00114
1824490.00000  0.00087
1827490.00000  0.00059
1830830.00000  0.00057
1834190.00000  0.00066
1837560.00000  0.00076
1840950.00000  0.00093
1844000.00000  0.00111
1847400.00000  0.00130
1850820.00000  0.00150
1854260.00000  0.00170
1857360.00000  0.00200
1860820.00000  0.00230
1864280.00000  0.00244
1867760.00000  0.00235
1871260.00000  0.00226
1874420.00000  0.00213
1877940.00000  0.00199
1881460.00000  0.00193
1885010.00000  0.00210
1888580.00000  0.00226
1891790.00000  0.00241
1895380.00000  0.00255
1898970.00000  0.00267
1902590.00000  0.00261
1905850.00000  0.00255
1909490.00000  0.00245
1913140.00000  0.00229
1916810.00000  0.00214
1920490.00000  0.00235
1923820.00000  0.00259
1927530.00000  0.00287
1931240.00000  0.00324
1934980.00000  0.00361
1938360.00000  0.00384
1942130.00000  0.00403
1945910.00000  0.00426
1949690.00000  0.00460
1953500.00000  0.00494
1956950.00000  0.00548
1960790.00000  0.00612
1964640.00000  0.00675
1968500.00000  0.00714
1972380.00000  0.00752
1975890.00000  0.00802
1979810.00000  0.00862
1983740.00000  0.00922
1987670.00000  0.01022
1991240.00000  0.01126
1995210.00000  0.01239
1999200.00000  0.01370
2003210.00000  0.01502
2007220.00000  0.01690
2010860.00000  0.01895
2014910.00000  0.02119
2018980.00000  0.02420
2023070.00000  0.02722
2027160.00000  0.03066
2030870.00000  0.03436
2035000.00000  0.03815
2039150.00000  0.04404
2043320.00000  0.04993
2047080.00000  0.05668
2051280.00000  0.06439
2055500.00000  0.07211
2059740.00000  0.08292
2063990.00000  0.09409
2067820.00000  0.10720
2072110.00000  0.12430
2076410.00000  0.14140
2080740.00000  0.15970
2085080.00000  0.17850
2088990.00000  0.19690
2093360.00000  0.21370
2097760.00000  0.23060
2102170.00000  0.24980
2106160.00000  0.27060
2110590.00000  0.29150
2115060.00000  0.31760
2119540.00000  0.34370
2124050.00000  0.36660
2128120.00000  0.38540
2132650.00000  0.40410
2137210.00000  0.41000
2141790.00000  0.41380
2146390.00000  0.41800
2150550.00000  0.42330
2155170.00000  0.42850
2159830.00000  0.43440
2164500.00000  0.44060
2168730.00000  0.44650
2173430.00000  0.45060
2178170.00000  0.45470
2182930.00000  0.45680
2187710.00000  0.45740
2192030.00000  0.45790
2196830.00000  0.46540
2201670.00000  0.47290
2206530.00000  0.47710
2210920.00000  0.47630
2215830.00000  0.47550
2220730.00000  0.47220
2225680.00000  0.46840
2230650.00000  0.46530
2235140.00000  0.46470
2240150.00000  0.46400
2245170.00000  0.47470
2250220.00000  0.49080
2255300.00000  0.50600
2259890.00000  0.51430
2265010.00000  0.52270
2270140.00000  0.52320
2275310.00000  0.51690
2279980.00000  0.51060
2285200.00000  0.50860
2290430.00000  0.50690
2295680.00000  0.51180
2300960.00000  0.52770
2305740.00000  0.54360
2311070.00000  0.55430
2316430.00000  0.56370
2321790.00000  0.57160
2327200.00000  0.57410
2332090.00000  0.57660
2337540.00000  0.57740
2343030.00000  0.57730
2348510.00000  0.57760
2353490.00000  0.58240
2359050.00000  0.58730
2364630.00000  0.58710
2370240.00000  0.58180
2375850.00000  0.57660
2380950.00000  0.57640
2386640.00000  0.57670
2392350.00000  0.58070
2398090.00000  0.59190
2403840.00000  0.60300
2409060.00000  0.61280
2414880.00000  0.62220
2420730.00000  0.62740
2426600.00000  0.61550
2431900.00000  0.60360
2437830.00000  0.59310
2443790.00000  0.58350
2449790.00000  0.57470
2455810.00000  0.58150
2461230.00000  0.58830
2467310.00000  0.59800
2473410.00000  0.61090
2479550.00000  0.62380
2485700.00000  0.62110
2491270.00000  0.61660
2497500.00000  0.61080
2503760.00000  0.60220
2510050.00000  0.59360
2515710.00000  0.59500
2522060.00000  0.59990
2528440.00000  0.60470
2534860.00000  0.60980
2541300.00000  0.61490
2547110.00000  0.61760
2553620.00000  0.61880
2560160.00000  0.62010
2566740.00000  0.62700
2573350.00000  0.63390
2579300.00000  0.64090
2585980.00000  0.64800
2592690.00000  0.65510
2599430.00000  0.64930
2605530.00000  0.64150
2612320.00000  0.63270
2619170.00000  0.62130
2626050.00000  0.60990
2632970.00000  0.61400
2639230.00000  0.62420
2646190.00000  0.63580
2653220.00000  0.65940
2660280.00000  0.67740
2666670.00000  0.68250
2673810.00000  0.67490
2680960.00000  0.65860
2688170.00000  0.63500
2695420.00000  0.61690
2701980.00000  0.61060
2709300.00000  0.60380
2716640.00000  0.61490
2724050.00000  0.62570
2731490.00000  0.62930
2738230.00000  0.63600
2745750.00000  0.63520
2753290.00000  0.62710
2760900.00000  0.61310
2767780.00000  0.60290
2775470.00000  0.59840
2783200.00000  0.59740
2790950.00000  0.58540
2798760.00000  0.57620
2805840.00000  0.56440
2813740.00000  0.54560
2821680.00000  0.52170
2829650.00000  0.50580
2837680.00000  0.47000
2844950.00000  0.46460
2853070.00000  0.49550
2861240.00000  0.45220
2869430.00000  0.45630
2876870.00000  0.43390
2885170.00000  0.40020
2893530.00000  0.35480
2901930.00000  0.31110
2910350.00000  0.26160
2918000.00000  0.21980
2926550.00000  0.18280
2935140.00000  0.14840
2943790.00000  0.08516
2952460.00000  0.03844
2960330.00000  0.02109
2969120.00000  0.01266
2977970.00000  0.00786
2986840.00000  0.00507
2994900.00000  0.00413
3003910.00000  0.00346
3012960.00000  0.00313
3022060.00000  0.00297
3031220.00000  0.00283
3039510.00000  0.00269
3048780.00000  0.00255
3058110.00000  0.00235
3067490.00000  0.00212
3076920.00000  0.00191
3085470.00000  0.00166
3095020.00000  0.00148
3104620.00000  0.00132
3114290.00000  0.00117
3123050.00000  0.00000
