# SPIRE_500micron
#photon
# SPIRE_500micron
1666670.00000  0.00000
1669450.00000  -0.00000
1672240.00000  -0.00000
1674760.00000  -0.00000
1677570.00000  0.00000
1680390.00000  0.00000
1683220.00000  0.00000
1685770.00000  0.00000
1688620.00000  -0.00000
1691480.00000  -0.00000
1694340.00000  -0.00000
1697210.00000  0.00000
1699810.00000  -0.00000
1702710.00000  -0.00000
1705610.00000  0.00000
1708520.00000  0.00000
1711450.00000  0.00000
1714090.00000  0.00000
1717030.00000  0.00000
1719990.00000  0.00000
1722950.00000  0.00000
1725620.00000  0.00000
1728610.00000  0.00000
1731600.00000  0.00000
1734610.00000  0.00000
1737620.00000  0.00000
1740340.00000  0.00000
1743370.00000  0.00000
1746420.00000  0.00000
1749480.00000  0.00000
1752540.00000  0.00000
1755310.00000  0.00000
1758400.00000  0.00000
1761500.00000  0.00000
1764610.00000  0.00000
1767400.00000  0.00000
1770540.00000  0.00000
1773680.00000  0.00000
1776830.00000  0.00000
1780000.00000  0.00000
1782840.00000  0.00000
1786030.00000  0.00000
1789230.00000  0.00000
1792440.00000  0.00000
1795660.00000  0.00000
1798560.00000  0.00000
1801800.00000  0.00000
1805050.00000  0.00000
1808320.00000  0.00000
1811270.00000  0.00000
1814550.00000  0.00000
1817850.00000  0.00000
1821160.00000  0.00000
1824490.00000  0.00000
1827490.00000  0.00000
1830830.00000  0.00000
1834190.00000  0.00000
1837560.00000  0.00000
1840950.00000  0.00000
1844000.00000  0.00000
1847400.00000  0.00000
1850820.00000  0.00000
1854260.00000  0.00000
1857360.00000  0.00000
1860820.00000  0.00000
1864280.00000  0.00000
1867760.00000  0.00000
1871260.00000  0.00000
1874420.00000  0.00000
1877940.00000  0.00000
1881460.00000  0.00000
1885010.00000  0.00000
1888580.00000  0.00000
1891790.00000  0.00000
1895380.00000  0.00000
1898970.00000  0.00000
1902590.00000  0.00000
1905850.00000  0.00000
1909490.00000  0.00000
1913140.00000  0.00000
1916810.00000  0.00000
1920490.00000  0.00000
1923820.00000  0.00000
1927530.00000  0.00000
1931240.00000  0.00000
1934980.00000  0.00000
1938360.00000  0.00000
1942130.00000  0.00000
1945910.00000  0.00000
1949690.00000  0.00000
1953500.00000  0.00000
1956950.00000  0.00000
1960790.00000  0.00000
1964640.00000  0.00000
1968500.00000  0.00000
1972380.00000  0.00000
1975890.00000  0.00000
1979810.00000  0.00000
1983740.00000  0.00000
1987670.00000  0.00000
1991240.00000  0.00000
1995210.00000  0.00000
1999200.00000  -0.00000
2003210.00000  0.00000
2007220.00000  0.00000
2010860.00000  0.00000
2014910.00000  -0.00000
2018980.00000  0.00000
2023070.00000  0.00000
2027160.00000  -0.00000
2030870.00000  0.00000
2035000.00000  0.00000
2039150.00000  0.00000
2043320.00000  -0.00000
2047080.00000  -0.00000
2051280.00000  0.00000
2055500.00000  -0.00000
2059740.00000  0.00000
2063990.00000  -0.00000
2067820.00000  0.00000
2072110.00000  -0.00000
2076410.00000  -0.00000
2080740.00000  0.00000
2085080.00000  0.00000
2088990.00000  -0.00000
2093360.00000  0.00000
2097760.00000  0.00000
2102170.00000  0.00000
2106160.00000  -0.00000
2110590.00000  0.00000
2115060.00000  0.00000
2119540.00000  0.00000
2124050.00000  -0.00000
2128120.00000  -0.00000
2132650.00000  -0.00000
2137210.00000  -0.00000
2141790.00000  -0.00000
2146390.00000  -0.00000
2150550.00000  -0.00000
2155170.00000  0.00000
2159830.00000  -0.00000
2164500.00000  -0.00000
2168730.00000  -0.00000
2173430.00000  -0.00000
2178170.00000  0.00000
2182930.00000  0.00000
2187710.00000  -0.00000
2192030.00000  0.00000
2196830.00000  0.00000
2201670.00000  0.00000
2206530.00000  -0.00000
2210920.00000  -0.00000
2215830.00000  -0.00000
2220730.00000  -0.00000
2225680.00000  -0.00000
2230650.00000  -0.00000
2235140.00000  0.00000
2240150.00000  0.00000
2245170.00000  0.00000
2250220.00000  0.00000
2255300.00000  0.00000
2259890.00000  0.00000
2265010.00000  0.00000
2270140.00000  0.00000
2275310.00000  -0.00000
2279980.00000  -0.00000
2285200.00000  -0.00000
2290430.00000  -0.00000
2295680.00000  -0.00000
2300960.00000  -0.00000
2305740.00000  0.00000
2311070.00000  0.00000
2316430.00000  0.00000
2321790.00000  0.00000
2327200.00000  -0.00000
2332090.00000  -0.00000
2337540.00000  0.00000
2343030.00000  0.00000
2348510.00000  0.00000
2353490.00000  0.00000
2359050.00000  -0.00000
2364630.00000  0.00000
2370240.00000  0.00000
2375850.00000  -0.00000
2380950.00000  -0.00000
2386640.00000  0.00000
2392350.00000  -0.00000
2398090.00000  0.00000
2403840.00000  -0.00000
2409060.00000  -0.00000
2414880.00000  0.00000
2420730.00000  0.00000
2426600.00000  -0.00000
2431900.00000  -0.00000
2437830.00000  -0.00000
2443790.00000  -0.00000
2449790.00000  0.00000
2455810.00000  -0.00000
2461230.00000  0.00000
2467310.00000  -0.00000
2473410.00000  -0.00000
2479550.00000  -0.00000
2485700.00000  -0.00000
2491270.00000  -0.00000
2497500.00000  -0.00000
2503760.00000  0.00000
2510050.00000  0.00000
2515710.00000  -0.00000
2522060.00000  0.00000
2528440.00000  0.00000
2534860.00000  0.00000
2541300.00000  0.00000
2547110.00000  0.00000
2553620.00000  0.00000
2560160.00000  0.00000
2566740.00000  0.00000
2573350.00000  -0.00000
2579300.00000  0.00000
2585980.00000  0.00000
2592690.00000  0.00000
2599430.00000  0.00000
2605530.00000  0.00000
2612320.00000  -0.00000
2619170.00000  0.00000
2626050.00000  -0.00000
2632970.00000  -0.00000
2639230.00000  0.00000
2646190.00000  -0.00000
2653220.00000  0.00000
2660280.00000  0.00000
2666670.00000  0.00000
2673810.00000  0.00000
2680960.00000  0.00000
2688170.00000  -0.00000
2695420.00000  0.00000
2701980.00000  0.00000
2709300.00000  0.00000
2716640.00000  0.00000
2724050.00000  -0.00000
2731490.00000  -0.00000
2738230.00000  -0.00000
2745750.00000  0.00000
2753290.00000  -0.00000
2760900.00000  -0.00000
2767780.00000  -0.00000
2775470.00000  -0.00000
2783200.00000  0.00000
2790950.00000  -0.00000
2798760.00000  0.00000
2805840.00000  0.00000
2813740.00000  0.00000
2821680.00000  -0.00000
2829650.00000  -0.00000
2837680.00000  0.00000
2844950.00000  -0.00000
2853070.00000  0.00000
2861240.00000  0.00000
2869430.00000  0.00000
2876870.00000  0.00000
2885170.00000  0.00000
2893530.00000  0.00000
2901930.00000  0.00000
2910350.00000  0.00000
2918000.00000  -0.00000
2926550.00000  -0.00000
2935140.00000  -0.00000
2943790.00000  -0.00000
2952460.00000  -0.00000
2960330.00000  -0.00000
2969120.00000  -0.00000
2977970.00000  -0.00000
2986840.00000  0.00000
2994900.00000  0.00000
3003910.00000  0.00000
3012960.00000  -0.00000
3022060.00000  -0.00000
3031220.00000  0.00000
3039510.00000  0.00000
3048780.00000  -0.00000
3058110.00000  0.00000
3067490.00000  -0.00000
3076920.00000  -0.00000
3085470.00000  -0.00000
3095020.00000  0.00000
3104620.00000  0.00000
3114290.00000  0.00000
3123050.00000  0.00000
3132830.00000  -0.00000
3142680.00000  0.00000
3152580.00000  -0.00000
3162550.00000  0.00000
3171580.00000  0.00000
3181670.00000  0.00000
3191830.00000  0.00000
3202050.00000  0.00000
3211300.00000  0.00000
3221650.00000  0.00000
3232060.00000  0.00000
3242540.00000  0.00000
3253090.00000  0.00000
3262640.00000  0.00000
3273320.00000  0.00000
3284070.00000  0.00000
3294890.00000  0.00000
3305790.00000  0.00000
3315650.00000  0.00000
3326680.00000  0.00000
3337780.00000  0.00001
3348960.00000  0.00001
3359090.00000  0.00001
3370410.00000  0.00001
3381810.00000  0.00001
3393280.00000  0.00001
3404840.00000  0.00002
3415300.00000  0.00001
3427010.00000  0.00002
3438790.00000  0.00003
3450650.00000  0.00003
3462600.00000  0.00004
3473430.00000  0.00007
3485530.00000  0.00009
3497720.00000  0.00011
3510000.00000  0.00017
3521130.00000  0.00027
3533570.00000  0.00036
3546100.00000  0.00039
3558720.00000  0.00048
3571430.00000  0.00060
3582940.00000  0.00058
3595830.00000  0.00049
3608810.00000  0.00052
3621880.00000  0.00059
3635040.00000  0.00068
3646970.00000  0.00079
3660320.00000  0.00073
3673770.00000  0.00073
3687320.00000  0.00073
3699590.00000  0.00081
3713330.00000  0.00079
3727170.00000  0.00087
3741120.00000  0.00093
3755160.00000  0.00113
3767900.00000  0.00156
3782150.00000  0.00182
3796510.00000  0.00219
3810980.00000  0.00254
3825560.00000  0.00332
3838770.00000  0.00407
3853570.00000  0.00498
3868470.00000  0.00633
3883490.00000  0.00799
3897120.00000  0.01003
3912360.00000  0.01311
3927730.00000  0.01761
3943220.00000  0.02317
3958830.00000  0.02993
3972980.00000  0.03846
3988830.00000  0.04982
4004800.00000  0.06344
4020910.00000  0.08048
4037140.00000  0.10370
4051860.00000  0.13140
4068350.00000  0.16710
4084970.00000  0.21880
4101720.00000  0.28160
4116920.00000  0.35360
4133940.00000  0.41270
4151100.00000  0.46230
4168400.00000  0.50770
4185850.00000  0.52290
4201680.00000  0.53400
4219410.00000  0.54800
4237290.00000  0.56360
4255320.00000  0.57380
4271680.00000  0.58750
4290010.00000  0.59520
4308490.00000  0.60740
4327130.00000  0.60540
4345940.00000  0.61140
4363000.00000  0.59500
4382120.00000  0.59230
4401410.00000  0.60090
4420860.00000  0.61120
4440490.00000  0.61240
4458310.00000  0.60520
4478280.00000  0.60560
4498420.00000  0.57450
4518750.00000  0.56510
4537200.00000  0.56180
4557880.00000  0.55330
4578750.00000  0.54870
4599810.00000  0.56570
4621070.00000  0.58160
4640370.00000  0.58390
4662000.00000  0.60290
4683840.00000  0.59110
4705880.00000  0.58180
4728130.00000  0.55950
4748340.00000  0.55310
4770990.00000  0.52920
4793860.00000  0.52430
4816960.00000  0.51250
4837930.00000  0.52630
4861450.00000  0.54040
4885200.00000  0.54900
4909180.00000  0.54990
4933400.00000  0.53930
4955400.00000  0.53720
4980080.00000  0.53150
5005010.00000  0.53220
5030180.00000  0.53000
5055610.00000  0.52150
5078720.00000  0.50880
5104650.00000  0.51680
5130840.00000  0.52540
5157290.00000  0.51130
5181350.00000  0.51720
5208330.00000  0.51870
5235600.00000  0.50110
5263150.00000  0.50300
5291000.00000  0.51730
5316320.00000  0.54350
5344730.00000  0.53580
5373450.00000  0.54110
5402480.00000  0.54650
5431830.00000  0.53430
5458510.00000  0.53270
5488470.00000  0.51340
5518760.00000  0.50640
5549390.00000  0.51680
5577240.00000  0.50120
5608520.00000  0.51660
5640160.00000  0.55380
5672150.00000  0.56050
5704510.00000  0.56760
5733950.00000  0.56280
5767010.00000  0.54890
5800470.00000  0.53400
5834310.00000  0.54140
5865100.00000  0.53590
5899710.00000  0.55860
5934720.00000  0.57990
5970150.00000  0.56300
6006010.00000  0.56510
6038650.00000  0.57210
6075340.00000  0.56850
6112480.00000  0.24610
6150060.00000  0.13620
6188110.00000  0.09056
6222780.00000  0.06571
6261730.00000  0.05111
6301190.00000  0.03955
6341150.00000  0.03173
6377550.00000  0.02588
6418480.00000  0.02147
6459940.00000  0.01756
6501950.00000  0.01429
6544500.00000  0.01196
6583270.00000  0.01090
6626900.00000  0.00943
6671110.00000  0.00805
6715920.00000  0.00750
6761330.00000  0.00673
6802720.00000  0.00594
6849310.00000  0.00528
6896550.00000  0.00456
6944450.00000  0.00388
6988120.00000  0.00342
7037300.00000  0.00308
7087170.00000  0.00290
7137760.00000  0.00250
7189080.00000  0.00232
7235890.00000  0.00201
7288630.00000  0.00194
7342150.00000  0.00176
7396460.00000  0.00159
7451570.00000  0.00150
7501880.00000  0.00138
7558590.00000  0.00117
7616140.00000  0.00107
7674590.00000  0.00103
7727980.00000  0.00092
7788150.00000  0.00078
7849290.00000  0.00075
7911390.00000  0.00068
7974480.00000  0.00067
8032120.00000  0.00061
8097160.00000  0.00057
8163260.00000  0.00052
8230450.00000  0.00052
8298750.00000  0.00047
8361200.00000  0.00047
8431700.00000  0.00043
8503400.00000  0.00037
8576330.00000  0.00033
8643040.00000  0.00028
8718390.00000  0.00027
8795080.00000  0.00025
8873120.00000  0.00024
8952560.00000  0.00020
9025270.00000  0.00019
9107470.00000  0.00018
9191180.00000  0.00018
9276450.00000  0.00000
9363310.00000  0.00000
9442880.00000  0.00000
9532900.00000  0.00000
9624650.00000  0.00000
9718190.00000  0.00000
9803930.00000  0.00000
9901000.00000  0.00000
10000000.00000  0.00000
