# SPT_2000micron
#photon
# SPT_2000micron
14950000.00000  0.00000
14957500.00000  0.00298
14965000.00000  0.00277
14972500.00000  0.00257
14980000.00000  0.00235
14987500.00000  0.00214
14995000.00000  0.00193
15002500.00000  0.00173
15010000.00000  0.00153
15017600.00000  0.00134
15025100.00000  0.00116
15032700.00000  0.00100
15040200.00000  0.00085
15047800.00000  0.00072
15055400.00000  0.00061
15063000.00000  0.00052
15070600.00000  0.00046
15078200.00000  0.00043
15085800.00000  0.00042
15093400.00000  0.00045
15101000.00000  0.00051
15108600.00000  0.00061
15116300.00000  0.00073
15123900.00000  0.00087
15131600.00000  0.00103
15139200.00000  0.00121
15146900.00000  0.00139
15154600.00000  0.00157
15162300.00000  0.00175
15170000.00000  0.00192
15177700.00000  0.00209
15185400.00000  0.00223
15193100.00000  0.00236
15200800.00000  0.00246
15208500.00000  0.00253
15216300.00000  0.00248
15224000.00000  0.00238
15231800.00000  0.00224
15239600.00000  0.00209
15247300.00000  0.00191
15255100.00000  0.00173
15262900.00000  0.00154
15270700.00000  0.00134
15278500.00000  0.00116
15286300.00000  0.00098
15294100.00000  0.00083
15301900.00000  0.00069
15309800.00000  0.00059
15317600.00000  0.00052
15325500.00000  0.00049
15333300.00000  0.00060
15341200.00000  0.00080
15349100.00000  0.00103
15357000.00000  0.00129
15364800.00000  0.00158
15372800.00000  0.00188
15380700.00000  0.00220
15388600.00000  0.00251
15396500.00000  0.00282
15404400.00000  0.00311
15412400.00000  0.00337
15420300.00000  0.00361
15428300.00000  0.00381
15436200.00000  0.00396
15444200.00000  0.00405
15452200.00000  0.00396
15460200.00000  0.00377
15468200.00000  0.00353
15476200.00000  0.00324
15484200.00000  0.00292
15492200.00000  0.00258
15500300.00000  0.00223
15508300.00000  0.00187
15516300.00000  0.00151
15524400.00000  0.00118
15532500.00000  0.00086
15540500.00000  0.00059
15548600.00000  0.00035
15556700.00000  0.00018
15564800.00000  0.00006
15572900.00000  0.00013
15581000.00000  0.00030
15589200.00000  0.00052
15597300.00000  0.00080
15605400.00000  0.00111
15613600.00000  0.00146
15621700.00000  0.00183
15629900.00000  0.00222
15638100.00000  0.00262
15646300.00000  0.00302
15654400.00000  0.00342
15662700.00000  0.00380
15670900.00000  0.00416
15679100.00000  0.00450
15687300.00000  0.00479
15695500.00000  0.00494
15703800.00000  0.00502
15712000.00000  0.00507
15720300.00000  0.00510
15728600.00000  0.00511
15736800.00000  0.00510
15745100.00000  0.00509
15753400.00000  0.00507
15761700.00000  0.00506
15770000.00000  0.00505
15778400.00000  0.00506
15786700.00000  0.00508
15795000.00000  0.00513
15803400.00000  0.00521
15811700.00000  0.00532
15820100.00000  0.00559
15828500.00000  0.00594
15836900.00000  0.00633
15845300.00000  0.00675
15853700.00000  0.00718
15862100.00000  0.00763
15870500.00000  0.00807
15878900.00000  0.00851
15887400.00000  0.00893
15895800.00000  0.00932
15904300.00000  0.00968
15912700.00000  0.00999
15921200.00000  0.01025
15929700.00000  0.01044
15938200.00000  0.01057
15946700.00000  0.01040
15955200.00000  0.01005
15963700.00000  0.00963
15972200.00000  0.00915
15980800.00000  0.00862
15989300.00000  0.00807
15997900.00000  0.00753
16006400.00000  0.00699
16015000.00000  0.00650
16023600.00000  0.00605
16032200.00000  0.00568
16040800.00000  0.00541
16049400.00000  0.00524
16058000.00000  0.00521
16066600.00000  0.00533
16075300.00000  0.00584
16083900.00000  0.00657
16092600.00000  0.00745
16101200.00000  0.00846
16109900.00000  0.00956
16118600.00000  0.01075
16127300.00000  0.01200
16136000.00000  0.01330
16144700.00000  0.01462
16153400.00000  0.01594
16162200.00000  0.01725
16170900.00000  0.01852
16179700.00000  0.01974
16188400.00000  0.02088
16197200.00000  0.02193
16206000.00000  0.02270
16214800.00000  0.02333
16223500.00000  0.02389
16232400.00000  0.02439
16241200.00000  0.02484
16250000.00000  0.02524
16258800.00000  0.02559
16267700.00000  0.02591
16276500.00000  0.02619
16285400.00000  0.02646
16294300.00000  0.02670
16303200.00000  0.02694
16312100.00000  0.02717
16321000.00000  0.02740
16329900.00000  0.02764
16338800.00000  0.02775
16347700.00000  0.02777
16356700.00000  0.02777
16365600.00000  0.02775
16374600.00000  0.02775
16383600.00000  0.02778
16392500.00000  0.02785
16401500.00000  0.02799
16410500.00000  0.02821
16419500.00000  0.02854
16428600.00000  0.02898
16437600.00000  0.02957
16446600.00000  0.03031
16455700.00000  0.03123
16464800.00000  0.03234
16473800.00000  0.03369
16482900.00000  0.03524
16492000.00000  0.03697
16501100.00000  0.03886
16510200.00000  0.04091
16519300.00000  0.04310
16528500.00000  0.04542
16537600.00000  0.04786
16546800.00000  0.05040
16555900.00000  0.05304
16565100.00000  0.05576
16574300.00000  0.05855
16583500.00000  0.06139
16592700.00000  0.06429
16601900.00000  0.06721
16611100.00000  0.07002
16620300.00000  0.07285
16629600.00000  0.07573
16638800.00000  0.07868
16648100.00000  0.08167
16657400.00000  0.08470
16666700.00000  0.08777
16676000.00000  0.09087
16685300.00000  0.09399
16694600.00000  0.09712
16703900.00000  0.10026
16713200.00000  0.10340
16722600.00000  0.10654
16732000.00000  0.10966
16741300.00000  0.11275
16750700.00000  0.11497
16760100.00000  0.11671
16769500.00000  0.11834
16778900.00000  0.11995
16788300.00000  0.12160
16797800.00000  0.12336
16807200.00000  0.12529
16816600.00000  0.12748
16826100.00000  0.12998
16835600.00000  0.13288
16845100.00000  0.13623
16854600.00000  0.14011
16864100.00000  0.14459
16873600.00000  0.14974
16883100.00000  0.15562
16892700.00000  0.16263
16902200.00000  0.17054
16911800.00000  0.17916
16921300.00000  0.18841
16930900.00000  0.19823
16940500.00000  0.20857
16950100.00000  0.21934
16959700.00000  0.23049
16969400.00000  0.24196
16979000.00000  0.25368
16988600.00000  0.26558
16998300.00000  0.27760
17008000.00000  0.28967
17017600.00000  0.30174
17027300.00000  0.31373
17037000.00000  0.32618
17046800.00000  0.33910
17056500.00000  0.35220
17066200.00000  0.36538
17076000.00000  0.37851
17085700.00000  0.39148
17095500.00000  0.40418
17105300.00000  0.41648
17115100.00000  0.42829
17124900.00000  0.43948
17134700.00000  0.44994
17144500.00000  0.45955
17154300.00000  0.46820
17164200.00000  0.47577
17174000.00000  0.48215
17183900.00000  0.48656
17193800.00000  0.48941
17203700.00000  0.49112
17213600.00000  0.49179
17223500.00000  0.49155
17233400.00000  0.49050
17243400.00000  0.48878
17253300.00000  0.48648
17263300.00000  0.48374
17273300.00000  0.48067
17283200.00000  0.47737
17293200.00000  0.47397
17303200.00000  0.47059
17313300.00000  0.46735
17323300.00000  0.46434
17333300.00000  0.46240
17343400.00000  0.46082
17353500.00000  0.45926
17363500.00000  0.45774
17373600.00000  0.45628
17383700.00000  0.45493
17393800.00000  0.45371
17404000.00000  0.45265
17414100.00000  0.45178
17424200.00000  0.45114
17434400.00000  0.45074
17444600.00000  0.45062
17454800.00000  0.45082
17465000.00000  0.45135
17475200.00000  0.45226
17485400.00000  0.45379
17495600.00000  0.45584
17505900.00000  0.45827
17516100.00000  0.46103
17526400.00000  0.46409
17536700.00000  0.46739
17546900.00000  0.47089
17557300.00000  0.47454
17567600.00000  0.47831
17577900.00000  0.48214
17588200.00000  0.48600
17598600.00000  0.48983
17609000.00000  0.49360
17619300.00000  0.49725
17629700.00000  0.50075
17640100.00000  0.50341
17650500.00000  0.50560
17661000.00000  0.50766
17671400.00000  0.50963
17681800.00000  0.51154
17692300.00000  0.51343
17702800.00000  0.51533
17713300.00000  0.51726
17723800.00000  0.51927
17734300.00000  0.52139
17744800.00000  0.52365
17755300.00000  0.52608
17765900.00000  0.52872
17776500.00000  0.53160
17787000.00000  0.53475
17797600.00000  0.53855
17808200.00000  0.54280
17818800.00000  0.54731
17829500.00000  0.55206
17840100.00000  0.55700
17850700.00000  0.56210
17861400.00000  0.56733
17872100.00000  0.57263
17882800.00000  0.57799
17893500.00000  0.58336
17904200.00000  0.58872
17914900.00000  0.59401
17925700.00000  0.59921
17936400.00000  0.60428
17947200.00000  0.60919
17958000.00000  0.61364
17968800.00000  0.61781
17979600.00000  0.62187
17990400.00000  0.62582
18001200.00000  0.62967
18012000.00000  0.63343
18022900.00000  0.63711
18033800.00000  0.64072
18044700.00000  0.64427
18055600.00000  0.64777
18066500.00000  0.65122
18077400.00000  0.65465
18088300.00000  0.65805
18099300.00000  0.66144
18110200.00000  0.66482
18121200.00000  0.66934
18132200.00000  0.67461
18143200.00000  0.67999
18154200.00000  0.68539
18165200.00000  0.69069
18176300.00000  0.69583
18187300.00000  0.70068
18198400.00000  0.70516
18209500.00000  0.70917
18220600.00000  0.71262
18231700.00000  0.71540
18242800.00000  0.71743
18254000.00000  0.71860
18265100.00000  0.71883
18276300.00000  0.71800
18287500.00000  0.71434
18298700.00000  0.70844
18309900.00000  0.70136
18321100.00000  0.69332
18332300.00000  0.68453
18343600.00000  0.67522
18354800.00000  0.66559
18366100.00000  0.65587
18377400.00000  0.64627
18388700.00000  0.63702
18400000.00000  0.62832
18411300.00000  0.62040
18422700.00000  0.61347
18434000.00000  0.60775
18445400.00000  0.60346
18456800.00000  0.60237
18468200.00000  0.60356
18479600.00000  0.60599
18491000.00000  0.60953
18502500.00000  0.61406
18513900.00000  0.61945
18525400.00000  0.62556
18536900.00000  0.63228
18548400.00000  0.63947
18559900.00000  0.64700
18571400.00000  0.65475
18583000.00000  0.66258
18594500.00000  0.67038
18606100.00000  0.67800
18617700.00000  0.68533
18629300.00000  0.69084
18640900.00000  0.69535
18652500.00000  0.69973
18664200.00000  0.70401
18675800.00000  0.70822
18687500.00000  0.71241
18699200.00000  0.71660
18710900.00000  0.72084
18722600.00000  0.72517
18734300.00000  0.72961
18746100.00000  0.73421
18757800.00000  0.73900
18769600.00000  0.74402
18781400.00000  0.74931
18793200.00000  0.75489
18805000.00000  0.76116
18816900.00000  0.76794
18828700.00000  0.77503
18840600.00000  0.78237
18852500.00000  0.78993
18864400.00000  0.79766
18876300.00000  0.80554
18888200.00000  0.81351
18900100.00000  0.82155
18912100.00000  0.82961
18924100.00000  0.83765
18936000.00000  0.84563
18948000.00000  0.85352
18960100.00000  0.86127
18972100.00000  0.86884
18984100.00000  0.87645
18996200.00000  0.88414
19008300.00000  0.89178
19020400.00000  0.89932
19032500.00000  0.90673
19044600.00000  0.91396
19056700.00000  0.92097
19068900.00000  0.92771
19081000.00000  0.93416
19093200.00000  0.94026
19105400.00000  0.94598
19117600.00000  0.95127
19129900.00000  0.95610
19142100.00000  0.96041
19154400.00000  0.96418
19166700.00000  0.96918
19179000.00000  0.97504
19191300.00000  0.98061
19203600.00000  0.98576
19215900.00000  0.99033
19228300.00000  0.99419
19240700.00000  0.99718
19253100.00000  0.99917
19265500.00000  1.00000
19277900.00000  0.99953
19290300.00000  0.99763
19302800.00000  0.99413
19315200.00000  0.98890
19327700.00000  0.98180
19340200.00000  0.97267
19352800.00000  0.95898
19365300.00000  0.94122
19377800.00000  0.92112
19390400.00000  0.89907
19403000.00000  0.87549
19415600.00000  0.85076
19428200.00000  0.82528
19440800.00000  0.79946
19453500.00000  0.77368
19466100.00000  0.74836
19478800.00000  0.72387
19491500.00000  0.70062
19504200.00000  0.67902
19517000.00000  0.65944
19529700.00000  0.64231
19542500.00000  0.63040
19555300.00000  0.62237
19568100.00000  0.61639
19580900.00000  0.61226
19593700.00000  0.60982
19606600.00000  0.60889
19619400.00000  0.60928
19632300.00000  0.61081
19645200.00000  0.61332
19658100.00000  0.61662
19671100.00000  0.62053
19684000.00000  0.62488
19697000.00000  0.62948
19710000.00000  0.63416
19723000.00000  0.63874
19736000.00000  0.64221
19749000.00000  0.64539
19762100.00000  0.64890
19775100.00000  0.65263
19788200.00000  0.65650
19801300.00000  0.66038
19814400.00000  0.66419
19827600.00000  0.66783
19840700.00000  0.67119
19853900.00000  0.67417
19867100.00000  0.67668
19880300.00000  0.67862
19893500.00000  0.67987
19906800.00000  0.68035
19920100.00000  0.67996
19933300.00000  0.67682
19946600.00000  0.67136
19959900.00000  0.66489
19973300.00000  0.65762
19986600.00000  0.64976
20000000.00000  0.64151
20013400.00000  0.63310
20026800.00000  0.62472
20040200.00000  0.61658
20053700.00000  0.60890
20067100.00000  0.60188
20080600.00000  0.59573
20094100.00000  0.59066
20107600.00000  0.58689
20121100.00000  0.58461
20134700.00000  0.58631
20148200.00000  0.59128
20161800.00000  0.59775
20175400.00000  0.60549
20189100.00000  0.61425
20202700.00000  0.62380
20216400.00000  0.63389
20230000.00000  0.64429
20243700.00000  0.65476
20257500.00000  0.66505
20271200.00000  0.67493
20284900.00000  0.68416
20298700.00000  0.69251
20312500.00000  0.69972
20326300.00000  0.70557
20340100.00000  0.70796
20354000.00000  0.70766
20367800.00000  0.70617
20381700.00000  0.70364
20395600.00000  0.70020
20409600.00000  0.69600
20423500.00000  0.69117
20437500.00000  0.68588
20451400.00000  0.68024
20465400.00000  0.67441
20479500.00000  0.66853
20493500.00000  0.66274
20507500.00000  0.65719
20521600.00000  0.65201
20535700.00000  0.64734
20549800.00000  0.64489
20564000.00000  0.64411
20578100.00000  0.64374
20592300.00000  0.64370
20606500.00000  0.64390
20620700.00000  0.64426
20634900.00000  0.64467
20649200.00000  0.64506
20663400.00000  0.64533
20677700.00000  0.64540
20692000.00000  0.64518
20706400.00000  0.64457
20720700.00000  0.64349
20735100.00000  0.64185
20749500.00000  0.63957
20763900.00000  0.63555
20778300.00000  0.63004
20792800.00000  0.62386
20807200.00000  0.61712
20821700.00000  0.60994
20836200.00000  0.60242
20850800.00000  0.59468
20865300.00000  0.58683
20879900.00000  0.57897
20894500.00000  0.57122
20909100.00000  0.56368
20923700.00000  0.55647
20938400.00000  0.54970
20953000.00000  0.54347
20967700.00000  0.53790
20982500.00000  0.53391
20997200.00000  0.53122
21011900.00000  0.52911
21026700.00000  0.52752
21041500.00000  0.52637
21056300.00000  0.52559
21071200.00000  0.52512
21086000.00000  0.52490
21100900.00000  0.52484
21115800.00000  0.52488
21130700.00000  0.52495
21145700.00000  0.52499
21160700.00000  0.52491
21175600.00000  0.52467
21190600.00000  0.52418
21205700.00000  0.52321
21220700.00000  0.52195
21235800.00000  0.52059
21250900.00000  0.51910
21266000.00000  0.51746
21281100.00000  0.51566
21296300.00000  0.51367
21311500.00000  0.51147
21326700.00000  0.50904
21341900.00000  0.50636
21357100.00000  0.50342
21372400.00000  0.50018
21387700.00000  0.49663
21403000.00000  0.49275
21418300.00000  0.48852
21433700.00000  0.48350
21449100.00000  0.47766
21464500.00000  0.47138
21479900.00000  0.46475
21495300.00000  0.45785
21510800.00000  0.45075
21526300.00000  0.44354
21541800.00000  0.43630
21557300.00000  0.42910
21572900.00000  0.42203
21588400.00000  0.41516
21604000.00000  0.40859
21619700.00000  0.40238
21635300.00000  0.39662
21651000.00000  0.39139
21666700.00000  0.38662
21682400.00000  0.38214
21698100.00000  0.37803
21713900.00000  0.37431
21729700.00000  0.37100
21745500.00000  0.36815
21761300.00000  0.36576
21777100.00000  0.36386
21793000.00000  0.36249
21808900.00000  0.36165
21824800.00000  0.36139
21840800.00000  0.36173
21856700.00000  0.36268
21872700.00000  0.36428
21888700.00000  0.36655
21904800.00000  0.37103
21920800.00000  0.37787
21936900.00000  0.38570
21953000.00000  0.39428
21969100.00000  0.40335
21985300.00000  0.41267
22001500.00000  0.42198
22017700.00000  0.43102
22033900.00000  0.43954
22050100.00000  0.44729
22066400.00000  0.45403
22082700.00000  0.45948
22099000.00000  0.46341
22115400.00000  0.46556
22131800.00000  0.46568
22148100.00000  0.46105
22164600.00000  0.45194
22181000.00000  0.44072
22197500.00000  0.42770
22214000.00000  0.41322
22230500.00000  0.39758
22247000.00000  0.38112
22263600.00000  0.36416
22280200.00000  0.34701
22296800.00000  0.33000
22313400.00000  0.31346
22330100.00000  0.29770
22346800.00000  0.28304
22363500.00000  0.26981
22380200.00000  0.25833
22397000.00000  0.25212
22413800.00000  0.25069
22430600.00000  0.25094
22447400.00000  0.25259
22464300.00000  0.25533
22481200.00000  0.25888
22498100.00000  0.26296
22515100.00000  0.26727
22532000.00000  0.27152
22549000.00000  0.27542
22566000.00000  0.27869
22583100.00000  0.28104
22600200.00000  0.28217
22617200.00000  0.28179
22634400.00000  0.27962
22651500.00000  0.27288
22668700.00000  0.26193
22685900.00000  0.24924
22703100.00000  0.23509
22720400.00000  0.21972
22737600.00000  0.20339
22754900.00000  0.18634
22772300.00000  0.16883
22789600.00000  0.15111
22807000.00000  0.13344
22824400.00000  0.11606
22841900.00000  0.09923
22859300.00000  0.08320
22876800.00000  0.06823
22894300.00000  0.05457
22911900.00000  0.04364
22929400.00000  0.03500
22947000.00000  0.02738
22964700.00000  0.02072
22982300.00000  0.01494
23000000.00000  0.00998
23017700.00000  0.00580
23035400.00000  0.00231
23053200.00000  -0.00053
23071000.00000  -0.00280
23088800.00000  -0.00455
23106600.00000  -0.00585
23124500.00000  -0.00676
23142400.00000  -0.00735
23160300.00000  -0.00766
23178300.00000  -0.00831
23196300.00000  -0.00906
23214300.00000  -0.00937
23232300.00000  -0.00930
23250400.00000  -0.00890
23268500.00000  -0.00821
23286600.00000  -0.00728
23304800.00000  -0.00616
23322900.00000  -0.00489
23341100.00000  -0.00353
23359400.00000  -0.00212
23377600.00000  -0.00072
23395900.00000  0.00064
23414300.00000  0.00190
23432600.00000  0.00301
23451000.00000  0.00363
23469400.00000  0.00384
23487800.00000  0.00396
23506300.00000  0.00401
23524800.00000  0.00400
23543300.00000  0.00391
23561900.00000  0.00377
23580400.00000  0.00358
23599100.00000  0.00335
23617700.00000  0.00307
23636400.00000  0.00276
23655100.00000  0.00243
23673800.00000  0.00207
23692600.00000  0.00170
23711300.00000  0.00131
23730200.00000  0.00091
23749000.00000  0.00046
23767900.00000  -0.00002
23786800.00000  -0.00053
23805700.00000  -0.00105
23824700.00000  -0.00157
23843700.00000  -0.00209
23862700.00000  -0.00258
23881800.00000  -0.00305
23900900.00000  -0.00348
23920000.00000  -0.00386
23939200.00000  -0.00419
23958300.00000  -0.00444
23977500.00000  -0.00461
23996800.00000  -0.00470
24016100.00000  -0.00455
24035400.00000  -0.00416
24054700.00000  -0.00367
24074100.00000  -0.00310
24093500.00000  -0.00246
24112900.00000  -0.00178
24132400.00000  -0.00106
24151900.00000  -0.00034
24171400.00000  0.00038
24190900.00000  0.00106
24210500.00000  0.00170
24230100.00000  0.00228
24249800.00000  0.00277
24269500.00000  0.00316
24289200.00000  0.00342
24308900.00000  0.00338
24328700.00000  0.00301
24348500.00000  0.00252
24368400.00000  0.00193
24388300.00000  0.00125
24408200.00000  0.00051
24428100.00000  -0.00028
24448100.00000  -0.00108
24468100.00000  -0.00189
24488100.00000  -0.00268
24508200.00000  -0.00343
24528300.00000  -0.00412
24548400.00000  -0.00474
24568600.00000  -0.00525
24588800.00000  -0.00564
24609100.00000  -0.00572
24629300.00000  -0.00549
24649600.00000  -0.00513
24670000.00000  -0.00467
24690300.00000  -0.00414
24710700.00000  -0.00354
24731200.00000  -0.00290
24751700.00000  -0.00223
24772200.00000  -0.00156
24792700.00000  -0.00090
24813300.00000  -0.00027
24833900.00000  0.00032
24854500.00000  0.00083
24875200.00000  0.00127
24895900.00000  0.00159
24916700.00000  0.00164
24937400.00000  0.00139
24958300.00000  0.00103
24979100.00000  0.00060
25000000.00000  0.00009
25020900.00000  -0.00047
25041900.00000  -0.00106
25062900.00000  -0.00167
25083900.00000  -0.00228
25105000.00000  -0.00288
25126100.00000  -0.00344
25147200.00000  -0.00395
25168400.00000  -0.00440
25189600.00000  -0.00477
25210800.00000  -0.00503
25232100.00000  -0.00503
25253400.00000  -0.00473
25274700.00000  -0.00434
25296100.00000  -0.00386
25317500.00000  -0.00331
25339000.00000  -0.00272
25360500.00000  -0.00209
25382000.00000  -0.00144
25403600.00000  -0.00080
25425200.00000  -0.00018
25446800.00000  0.00040
25468500.00000  0.00093
25490200.00000  0.00139
25511900.00000  0.00176
25533700.00000  0.00202
25555600.00000  0.00199
25577400.00000  0.00165
25599300.00000  0.00119
25621300.00000  0.00064
25643200.00000  0.00003
25665200.00000  -0.00065
25687300.00000  -0.00135
25709400.00000  -0.00206
25731500.00000  -0.00277
25753700.00000  -0.00345
25775900.00000  -0.00409
25798100.00000  -0.00466
25820400.00000  -0.00514
25842700.00000  -0.00552
25865100.00000  -0.00577
25887400.00000  -0.00570
25909900.00000  -0.00527
25932400.00000  -0.00471
25954900.00000  -0.00405
25977400.00000  -0.00330
26000000.00000  -0.00248
26022600.00000  -0.00162
26045300.00000  -0.00074
26068000.00000  0.00014
26090800.00000  0.00099
26113500.00000  0.00181
26136400.00000  0.00255
26159200.00000  0.00321
26182100.00000  0.00376
26205100.00000  0.00418
26228100.00000  0.00426
26251100.00000  0.00397
26274200.00000  0.00354
26297300.00000  0.00300
26320400.00000  0.00237
26343600.00000  0.00167
26366800.00000  0.00093
26390100.00000  0.00016
26413400.00000  -0.00061
26436800.00000  -0.00136
26460200.00000  -0.00206
26483600.00000  -0.00270
26507100.00000  -0.00326
26530600.00000  -0.00370
26554200.00000  -0.00402
26577800.00000  -0.00418
26601400.00000  -0.00419
26625100.00000  -0.00405
26648800.00000  -0.00377
26672600.00000  -0.00336
26696400.00000  -0.00284
26720300.00000  -0.00221
26744200.00000  -0.00149
26768100.00000  -0.00069
26792100.00000  0.00019
26816100.00000  0.00112
26840200.00000  0.00211
26864300.00000  0.00314
26888500.00000  0.00419
26912700.00000  0.00526
26936900.00000  0.00633
26961200.00000  0.00741
26985600.00000  0.00846
27009900.00000  0.00949
27034400.00000  0.01048
27058800.00000  0.01142
27083300.00000  0.01231
27107900.00000  0.01312
27132500.00000  0.01385
27157100.00000  0.01449
27181800.00000  0.00000
