AKARI_18micron
frq          wvl          transmission
[GHz]        [micron]                 
2.23741e+04  1.33991e+01  1.31510e-03
2.23452e+04  1.34164e+01  1.22460e-03
2.23163e+04  1.34338e+01  1.12590e-03
2.22872e+04  1.34513e+01  1.60870e-03
2.22585e+04  1.34687e+01  1.70990e-03
2.22296e+04  1.34862e+01  2.36190e-03
2.22006e+04  1.35038e+01  3.49930e-03
2.21717e+04  1.35214e+01  3.96810e-03
2.21427e+04  1.35391e+01  4.50910e-03
2.21138e+04  1.35568e+01  5.37470e-03
2.20850e+04  1.35745e+01  6.45090e-03
2.20561e+04  1.35923e+01  8.18190e-03
2.20272e+04  1.36101e+01  1.02140e-02
2.19983e+04  1.36280e+01  1.21270e-02
2.19694e+04  1.36459e+01  1.54720e-02
2.19405e+04  1.36639e+01  1.95680e-02
2.19116e+04  1.36819e+01  2.36600e-02
2.18827e+04  1.37000e+01  2.96040e-02
2.18536e+04  1.37182e+01  3.77250e-02
2.18248e+04  1.37363e+01  4.80140e-02
2.17960e+04  1.37545e+01  6.04060e-02
2.17670e+04  1.37728e+01  7.61780e-02
2.17381e+04  1.37911e+01  9.69990e-02
2.17091e+04  1.38095e+01  1.23660e-01
2.16803e+04  1.38279e+01  1.56800e-01
2.16514e+04  1.38463e+01  1.96830e-01
2.16224e+04  1.38649e+01  1.62610e-01
2.15936e+04  1.38834e+01  2.02670e-01
2.15647e+04  1.39020e+01  2.49580e-01
2.15357e+04  1.39207e+01  3.02970e-01
2.15068e+04  1.39394e+01  3.60560e-01
2.14779e+04  1.39582e+01  4.18840e-01
2.14490e+04  1.39770e+01  4.73790e-01
2.14202e+04  1.39958e+01  5.22840e-01
2.13913e+04  1.40147e+01  5.63610e-01
2.13623e+04  1.40337e+01  5.96070e-01
2.13334e+04  1.40527e+01  6.19530e-01
2.13045e+04  1.40718e+01  6.34960e-01
2.12756e+04  1.40909e+01  6.45210e-01
2.12467e+04  1.41101e+01  6.51080e-01
2.12178e+04  1.41293e+01  6.54320e-01
2.11888e+04  1.41486e+01  6.56600e-01
2.11600e+04  1.41679e+01  6.58520e-01
2.11310e+04  1.41873e+01  6.60040e-01
2.11022e+04  1.42067e+01  6.66140e-01
2.10733e+04  1.42262e+01  6.72870e-01
2.10443e+04  1.42458e+01  6.79560e-01
2.10154e+04  1.42654e+01  6.85840e-01
2.09865e+04  1.42850e+01  6.92480e-01
2.09576e+04  1.43047e+01  7.00080e-01
2.09287e+04  1.43245e+01  7.07990e-01
2.08998e+04  1.43443e+01  7.15380e-01
2.08708e+04  1.43642e+01  7.22120e-01
2.08419e+04  1.43841e+01  7.28440e-01
2.08131e+04  1.44040e+01  7.35020e-01
2.07841e+04  1.44241e+01  7.39170e-01
2.07552e+04  1.44442e+01  7.42470e-01
2.07264e+04  1.44643e+01  7.45250e-01
2.06975e+04  1.44845e+01  7.48470e-01
2.06685e+04  1.45048e+01  7.51580e-01
2.06396e+04  1.45251e+01  7.53230e-01
2.06107e+04  1.45455e+01  7.55720e-01
2.05818e+04  1.45659e+01  7.59850e-01
2.05529e+04  1.45864e+01  7.63320e-01
2.05240e+04  1.46069e+01  7.65830e-01
2.04951e+04  1.46275e+01  7.68760e-01
2.04662e+04  1.46482e+01  7.70480e-01
2.04373e+04  1.46689e+01  7.71720e-01
2.04083e+04  1.46897e+01  7.72420e-01
2.03795e+04  1.47105e+01  7.72480e-01
2.03506e+04  1.47314e+01  7.73030e-01
2.03216e+04  1.47524e+01  7.74470e-01
2.02927e+04  1.47734e+01  7.76040e-01
2.02638e+04  1.47945e+01  7.77490e-01
2.02349e+04  1.48156e+01  7.81420e-01
2.02060e+04  1.48368e+01  7.84910e-01
2.01770e+04  1.48581e+01  7.87890e-01
2.01482e+04  1.48794e+01  7.91530e-01
2.01194e+04  1.49007e+01  7.95920e-01
2.00904e+04  1.49222e+01  8.00000e-01
2.00615e+04  1.49437e+01  8.02320e-01
2.00325e+04  1.49653e+01  8.03660e-01
2.00036e+04  1.49869e+01  8.05730e-01
1.99747e+04  1.50086e+01  8.10750e-01
1.99459e+04  1.50303e+01  8.17090e-01
1.99170e+04  1.50521e+01  8.21440e-01
1.98880e+04  1.50740e+01  8.25420e-01
1.98591e+04  1.50960e+01  8.31180e-01
1.98302e+04  1.51180e+01  8.35870e-01
1.98014e+04  1.51400e+01  8.38800e-01
1.97724e+04  1.51622e+01  8.41260e-01
1.97435e+04  1.51844e+01  8.44100e-01
1.97146e+04  1.52066e+01  8.47120e-01
1.96858e+04  1.52289e+01  8.49300e-01
1.96567e+04  1.52514e+01  8.50880e-01
1.96279e+04  1.52738e+01  8.53350e-01
1.95990e+04  1.52963e+01  8.57870e-01
1.95701e+04  1.53189e+01  8.62760e-01
1.95411e+04  1.53416e+01  8.67180e-01
1.95123e+04  1.53643e+01  8.70800e-01
1.94834e+04  1.53871e+01  8.74770e-01
1.94544e+04  1.54100e+01  8.78840e-01
1.94255e+04  1.54329e+01  8.83490e-01
1.93966e+04  1.54559e+01  8.86400e-01
1.93677e+04  1.54790e+01  8.87740e-01
1.93388e+04  1.55021e+01  8.88800e-01
1.93099e+04  1.55253e+01  8.84570e-01
1.92810e+04  1.55486e+01  8.80240e-01
1.92521e+04  1.55719e+01  8.76730e-01
1.92231e+04  1.55954e+01  8.73490e-01
1.91943e+04  1.56188e+01  8.69250e-01
1.91654e+04  1.56424e+01  8.67070e-01
1.91365e+04  1.56660e+01  8.65340e-01
1.91076e+04  1.56897e+01  8.64630e-01
1.90787e+04  1.57135e+01  8.64160e-01
1.90497e+04  1.57374e+01  8.63300e-01
1.90208e+04  1.57613e+01  8.61940e-01
1.89919e+04  1.57853e+01  8.60540e-01
1.89630e+04  1.58093e+01  8.58050e-01
1.89341e+04  1.58335e+01  8.54210e-01
1.89052e+04  1.58577e+01  8.50550e-01
1.88762e+04  1.58820e+01  8.47300e-01
1.88474e+04  1.59063e+01  8.43500e-01
1.88185e+04  1.59307e+01  8.38980e-01
1.87895e+04  1.59553e+01  8.34530e-01
1.87607e+04  1.59798e+01  8.31090e-01
1.87318e+04  1.60045e+01  8.30900e-01
1.87029e+04  1.60292e+01  8.35100e-01
1.86739e+04  1.60541e+01  8.39050e-01
1.86451e+04  1.60789e+01  8.42800e-01
1.86161e+04  1.61039e+01  8.46360e-01
1.85872e+04  1.61290e+01  8.50090e-01
1.85583e+04  1.61541e+01  8.54220e-01
1.85294e+04  1.61793e+01  8.55610e-01
1.85005e+04  1.62046e+01  8.54920e-01
1.84716e+04  1.62299e+01  8.54470e-01
1.84426e+04  1.62554e+01  8.54540e-01
1.84138e+04  1.62809e+01  8.54400e-01
1.83848e+04  1.63065e+01  8.53620e-01
1.83560e+04  1.63321e+01  8.51830e-01
1.83271e+04  1.63579e+01  8.50130e-01
1.82981e+04  1.63838e+01  8.54380e-01
1.82692e+04  1.64097e+01  8.59160e-01
1.82403e+04  1.64357e+01  8.62820e-01
1.82114e+04  1.64618e+01  8.65920e-01
1.81826e+04  1.64879e+01  8.69850e-01
1.81536e+04  1.65142e+01  8.76710e-01
1.81248e+04  1.65405e+01  8.85450e-01
1.80958e+04  1.65670e+01  8.91990e-01
1.80669e+04  1.65935e+01  8.97300e-01
1.80379e+04  1.66201e+01  9.02540e-01
1.80091e+04  1.66467e+01  9.07860e-01
1.79802e+04  1.66735e+01  9.13010e-01
1.79513e+04  1.67003e+01  9.18790e-01
1.79223e+04  1.67273e+01  9.24730e-01
1.78935e+04  1.67543e+01  9.30150e-01
1.78646e+04  1.67814e+01  9.37680e-01
1.78357e+04  1.68086e+01  9.45950e-01
1.78067e+04  1.68359e+01  9.54490e-01
1.77778e+04  1.68633e+01  9.63340e-01
1.77489e+04  1.68908e+01  9.71350e-01
1.77200e+04  1.69183e+01  9.79800e-01
1.76911e+04  1.69459e+01  9.89000e-01
1.76622e+04  1.69737e+01  9.96560e-01
1.76333e+04  1.70015e+01  1.00000e+00
1.76044e+04  1.70294e+01  9.96840e-01
1.75755e+04  1.70574e+01  9.94740e-01
1.75466e+04  1.70855e+01  9.93470e-01
1.75177e+04  1.71137e+01  9.91930e-01
1.74888e+04  1.71420e+01  9.89860e-01
1.74598e+04  1.71704e+01  9.87800e-01
1.74309e+04  1.71989e+01  9.87600e-01
1.74021e+04  1.72274e+01  9.87020e-01
1.73731e+04  1.72561e+01  9.86500e-01
1.73442e+04  1.72849e+01  9.86240e-01
1.73153e+04  1.73137e+01  9.85100e-01
1.72864e+04  1.73427e+01  9.83650e-01
1.72575e+04  1.73717e+01  9.82460e-01
1.72286e+04  1.74009e+01  9.82800e-01
1.71997e+04  1.74301e+01  9.84260e-01
1.71707e+04  1.74595e+01  9.84500e-01
1.71419e+04  1.74889e+01  9.83780e-01
1.71130e+04  1.75184e+01  9.82110e-01
1.70840e+04  1.75481e+01  9.80460e-01
1.70552e+04  1.75778e+01  9.78920e-01
1.70262e+04  1.76077e+01  9.76390e-01
1.69973e+04  1.76376e+01  9.76280e-01
1.69684e+04  1.76677e+01  9.76850e-01
1.69395e+04  1.76978e+01  9.76720e-01
1.69106e+04  1.77281e+01  9.76300e-01
1.68817e+04  1.77584e+01  9.75410e-01
1.68528e+04  1.77889e+01  9.74130e-01
1.68238e+04  1.78195e+01  9.73000e-01
1.67950e+04  1.78501e+01  9.69830e-01
1.67661e+04  1.78809e+01  9.65080e-01
1.67371e+04  1.79118e+01  9.60500e-01
1.67082e+04  1.79428e+01  9.56080e-01
1.66793e+04  1.79739e+01  9.52300e-01
1.66504e+04  1.80051e+01  9.48580e-01
1.66215e+04  1.80364e+01  9.47400e-01
1.65926e+04  1.80678e+01  9.46100e-01
1.65638e+04  1.80993e+01  9.44700e-01
1.65348e+04  1.81310e+01  9.44310e-01
1.65059e+04  1.81627e+01  9.44100e-01
1.64770e+04  1.81946e+01  9.43550e-01
1.64481e+04  1.82266e+01  9.42520e-01
1.64192e+04  1.82587e+01  9.40440e-01
1.63903e+04  1.82909e+01  9.36630e-01
1.63614e+04  1.83232e+01  9.33530e-01
1.63325e+04  1.83556e+01  9.31390e-01
1.63036e+04  1.83881e+01  9.29920e-01
1.62747e+04  1.84208e+01  9.29870e-01
1.62457e+04  1.84536e+01  9.29250e-01
1.62168e+04  1.84865e+01  9.28620e-01
1.61879e+04  1.85195e+01  9.28040e-01
1.61591e+04  1.85526e+01  9.26780e-01
1.61301e+04  1.85859e+01  9.24590e-01
1.61013e+04  1.86192e+01  9.22370e-01
1.60723e+04  1.86527e+01  9.19570e-01
1.60434e+04  1.86863e+01  9.16290e-01
1.60145e+04  1.87201e+01  9.13120e-01
1.59856e+04  1.87539e+01  9.09990e-01
1.59567e+04  1.87879e+01  9.07000e-01
1.59278e+04  1.88220e+01  9.08090e-01
1.58989e+04  1.88562e+01  9.08830e-01
1.58699e+04  1.88906e+01  9.09080e-01
1.58411e+04  1.89250e+01  9.10710e-01
1.58122e+04  1.89596e+01  9.13660e-01
1.57832e+04  1.89944e+01  9.16860e-01
1.57543e+04  1.90292e+01  9.17050e-01
1.57254e+04  1.90642e+01  9.13760e-01
1.56965e+04  1.90993e+01  9.09360e-01
1.56676e+04  1.91345e+01  9.05390e-01
1.56387e+04  1.91699e+01  9.02660e-01
1.56098e+04  1.92054e+01  9.01490e-01
1.55809e+04  1.92410e+01  9.01660e-01
1.55520e+04  1.92768e+01  9.00510e-01
1.55231e+04  1.93127e+01  8.97480e-01
1.54942e+04  1.93487e+01  8.96410e-01
1.54653e+04  1.93849e+01  8.96560e-01
1.54364e+04  1.94212e+01  8.98200e-01
1.54075e+04  1.94576e+01  8.99210e-01
1.53785e+04  1.94942e+01  8.98710e-01
1.53496e+04  1.95309e+01  8.92040e-01
1.53207e+04  1.95678e+01  8.84080e-01
1.52918e+04  1.96048e+01  8.74790e-01
1.52629e+04  1.96419e+01  8.64600e-01
1.52340e+04  1.96792e+01  8.55090e-01
1.52051e+04  1.97166e+01  8.43240e-01
1.51762e+04  1.97541e+01  8.29380e-01
1.51473e+04  1.97918e+01  8.16640e-01
1.51184e+04  1.98297e+01  8.05080e-01
1.50894e+04  1.98677e+01  7.94510e-01
1.50606e+04  1.99058e+01  7.86720e-01
1.50316e+04  1.99441e+01  7.77860e-01
1.50028e+04  1.99825e+01  7.67940e-01
1.49738e+04  2.00211e+01  7.68210e-01
1.49449e+04  2.00598e+01  7.77550e-01
1.49160e+04  2.00987e+01  7.86690e-01
1.48871e+04  2.01377e+01  7.94730e-01
1.48582e+04  2.01769e+01  7.99480e-01
1.48293e+04  2.02162e+01  8.01890e-01
1.48004e+04  2.02557e+01  8.05390e-01
1.47715e+04  2.02953e+01  8.11170e-01
1.47426e+04  2.03351e+01  8.17050e-01
1.47137e+04  2.03751e+01  8.22290e-01
1.46848e+04  2.04152e+01  8.27500e-01
1.46558e+04  2.04555e+01  8.32670e-01
1.46269e+04  2.04959e+01  8.40930e-01
1.45980e+04  2.05365e+01  8.40140e-01
1.45692e+04  2.05772e+01  8.37880e-01
1.45403e+04  2.06181e+01  8.35150e-01
1.45113e+04  2.06592e+01  8.32280e-01
1.44824e+04  2.07004e+01  8.29690e-01
1.44535e+04  2.07418e+01  8.27470e-01
1.44246e+04  2.07834e+01  8.23820e-01
1.43957e+04  2.08251e+01  8.18090e-01
1.43668e+04  2.08670e+01  8.12280e-01
1.43379e+04  2.09091e+01  8.06710e-01
1.43090e+04  2.09513e+01  8.01900e-01
1.42800e+04  2.09938e+01  7.98100e-01
1.42511e+04  2.10364e+01  7.98440e-01
1.42223e+04  2.10791e+01  7.99700e-01
1.41934e+04  2.11220e+01  8.04430e-01
1.41645e+04  2.11651e+01  8.08100e-01
1.41356e+04  2.12084e+01  8.11060e-01
1.41066e+04  2.12519e+01  8.14320e-01
1.40777e+04  2.12955e+01  8.19920e-01
1.40488e+04  2.13393e+01  8.25630e-01
1.40199e+04  2.13833e+01  8.32650e-01
1.39910e+04  2.14275e+01  8.37510e-01
1.39621e+04  2.14719e+01  8.38420e-01
1.39332e+04  2.15164e+01  8.39120e-01
1.39043e+04  2.15612e+01  8.41610e-01
1.38754e+04  2.16061e+01  8.45890e-01
1.38465e+04  2.16512e+01  8.51090e-01
1.38175e+04  2.16965e+01  8.55580e-01
1.37886e+04  2.17420e+01  8.59570e-01
1.37598e+04  2.17876e+01  8.62230e-01
1.37308e+04  2.18335e+01  8.62260e-01
1.37019e+04  2.18796e+01  8.62270e-01
1.36730e+04  2.19258e+01  8.61590e-01
1.36441e+04  2.19723e+01  8.61530e-01
1.36152e+04  2.20189e+01  8.59860e-01
1.35863e+04  2.20658e+01  8.55830e-01
1.35574e+04  2.21128e+01  8.52900e-01
1.35285e+04  2.21601e+01  8.50440e-01
1.34996e+04  2.22075e+01  8.47930e-01
1.34707e+04  2.22552e+01  8.46230e-01
1.34418e+04  2.23030e+01  8.45900e-01
1.34129e+04  2.23511e+01  8.45610e-01
1.33840e+04  2.23994e+01  8.44040e-01
1.33550e+04  2.24479e+01  8.41830e-01
1.33261e+04  2.24966e+01  8.40160e-01
1.32972e+04  2.25455e+01  8.35950e-01
1.32683e+04  2.25946e+01  8.32970e-01
1.32394e+04  2.26439e+01  8.28330e-01
1.32105e+04  2.26935e+01  8.21630e-01
1.31816e+04  2.27432e+01  8.16150e-01
1.31527e+04  2.27932e+01  8.15270e-01
1.31238e+04  2.28434e+01  8.14610e-01
1.30949e+04  2.28939e+01  8.12370e-01
1.30660e+04  2.29445e+01  8.07590e-01
1.30371e+04  2.29954e+01  8.03470e-01
1.30082e+04  2.30465e+01  8.09230e-01
1.29793e+04  2.30978e+01  8.17500e-01
1.29503e+04  2.31494e+01  8.24610e-01
1.29214e+04  2.32012e+01  8.28000e-01
1.28925e+04  2.32532e+01  8.29990e-01
1.28636e+04  2.33054e+01  8.32970e-01
1.28347e+04  2.33579e+01  8.35740e-01
1.28058e+04  2.34107e+01  8.37200e-01
1.27769e+04  2.34636e+01  8.39460e-01
1.27480e+04  2.35168e+01  8.36930e-01
1.27191e+04  2.35703e+01  8.23720e-01
1.26902e+04  2.36240e+01  8.13490e-01
1.26613e+04  2.36779e+01  8.03100e-01
1.26324e+04  2.37321e+01  7.93320e-01
1.26035e+04  2.37865e+01  7.83540e-01
1.25746e+04  2.38412e+01  7.73730e-01
1.25457e+04  2.38961e+01  7.63320e-01
1.25168e+04  2.39513e+01  7.51740e-01
1.24878e+04  2.40068e+01  7.37600e-01
1.24589e+04  2.40625e+01  7.29130e-01
1.24300e+04  2.41184e+01  7.22100e-01
1.24011e+04  2.41746e+01  7.14030e-01
1.23722e+04  2.42311e+01  7.04860e-01
1.23433e+04  2.42879e+01  6.94580e-01
1.23144e+04  2.43449e+01  6.84600e-01
1.22855e+04  2.44022e+01  6.74190e-01
1.22566e+04  2.44597e+01  6.61160e-01
1.22277e+04  2.45175e+01  6.49400e-01
1.21988e+04  2.45756e+01  6.42420e-01
1.21699e+04  2.46340e+01  6.35360e-01
1.21409e+04  2.46927e+01  6.28240e-01
1.21120e+04  2.47516e+01  6.20900e-01
1.20831e+04  2.48108e+01  6.13380e-01
1.20542e+04  2.48703e+01  6.07910e-01
1.20253e+04  2.49301e+01  6.03470e-01
1.19964e+04  2.49902e+01  5.98440e-01
1.19675e+04  2.50505e+01  5.73140e-01
1.19386e+04  2.51112e+01  5.44850e-01
1.19097e+04  2.51721e+01  5.17130e-01
1.18808e+04  2.52334e+01  4.90210e-01
1.18519e+04  2.52949e+01  4.63630e-01
1.18230e+04  2.53568e+01  4.37440e-01
1.17941e+04  2.54189e+01  4.12130e-01
1.17651e+04  2.54814e+01  3.87180e-01
1.17363e+04  2.55441e+01  3.71100e-01
1.17074e+04  2.56072e+01  3.58730e-01
1.16784e+04  2.56706e+01  3.45820e-01
1.16495e+04  2.57343e+01  3.33130e-01
1.16206e+04  2.57983e+01  3.18520e-01
1.15917e+04  2.58626e+01  3.01530e-01
1.15628e+04  2.59273e+01  2.85520e-01
1.15339e+04  2.59923e+01  2.70700e-01
1.15050e+04  2.60576e+01  2.58600e-01
1.14761e+04  2.61232e+01  2.46440e-01
1.14472e+04  2.61892e+01  2.35400e-01
1.14183e+04  2.62555e+01  2.25160e-01
1.13894e+04  2.63221e+01  2.19560e-01
1.13605e+04  2.63891e+01  2.13560e-01
1.13316e+04  2.64564e+01  2.08010e-01
1.13026e+04  2.65241e+01  1.99880e-01
1.12737e+04  2.65921e+01  1.85590e-01
1.12448e+04  2.66605e+01  1.71040e-01
1.12159e+04  2.67292e+01  1.56610e-01
1.11870e+04  2.67982e+01  1.43210e-01
1.11581e+04  2.68677e+01  1.31040e-01
1.11292e+04  2.69375e+01  1.19490e-01
1.11003e+04  2.70076e+01  1.09120e-01
1.10714e+04  2.70781e+01  1.04920e-01
1.10425e+04  2.71490e+01  1.00330e-01
1.10136e+04  2.72203e+01  9.53940e-02
1.09847e+04  2.72919e+01  9.04970e-02
1.09558e+04  2.73639e+01  8.46070e-02
1.09269e+04  2.74363e+01  7.94310e-02
1.08979e+04  2.75091e+01  7.50040e-02
1.08691e+04  2.75822e+01  7.17290e-02
1.08401e+04  2.76558e+01  6.83510e-02
1.08112e+04  2.77297e+01  6.49500e-02
1.07823e+04  2.78041e+01  6.17810e-02
1.07534e+04  2.78788e+01  5.87500e-02
1.07245e+04  2.79540e+01  5.57360e-02
1.06956e+04  2.80295e+01  5.10320e-02
1.06667e+04  2.81055e+01  4.39190e-02
1.06378e+04  2.81818e+01  3.73270e-02
1.06089e+04  2.82586e+01  3.11230e-02
1.05800e+04  2.83358e+01  2.52720e-02
1.05511e+04  2.84135e+01  1.98020e-02
1.05222e+04  2.84915e+01  1.47060e-02
1.04933e+04  2.85700e+01  1.37940e-02
1.04643e+04  2.86490e+01  1.33880e-02
1.04354e+04  2.87283e+01  0.00000e+00
