AZTEC_1100micron
frq          wvl          transmission
[GHz]        [micron]                 
2.00123e+02  1.49804e+03  0.00000e+00
2.00591e+02  1.49454e+03  0.00000e+00
2.01060e+02  1.49106e+03  0.00000e+00
2.01529e+02  1.48759e+03  0.00000e+00
2.01998e+02  1.48414e+03  0.00000e+00
2.02466e+02  1.48070e+03  0.00000e+00
2.02935e+02  1.47728e+03  0.00000e+00
2.03404e+02  1.47388e+03  0.00000e+00
2.03872e+02  1.47049e+03  0.00000e+00
2.04341e+02  1.46712e+03  0.00000e+00
2.04810e+02  1.46376e+03  0.00000e+00
2.05278e+02  1.46042e+03  0.00000e+00
2.05747e+02  1.45709e+03  0.00000e+00
2.06216e+02  1.45378e+03  0.00000e+00
2.06684e+02  1.45049e+03  0.00000e+00
2.07153e+02  1.44720e+03  0.00000e+00
2.07622e+02  1.44394e+03  0.00000e+00
2.08090e+02  1.44068e+03  0.00000e+00
2.08559e+02  1.43745e+03  0.00000e+00
2.09028e+02  1.43422e+03  0.00000e+00
2.09496e+02  1.43102e+03  0.00000e+00
2.09965e+02  1.42782e+03  0.00000e+00
2.10434e+02  1.42464e+03  0.00000e+00
2.10902e+02  1.42148e+03  0.00000e+00
2.11371e+02  1.41832e+03  0.00000e+00
2.11840e+02  1.41519e+03  0.00000e+00
2.12308e+02  1.41206e+03  0.00000e+00
2.12777e+02  1.40895e+03  0.00000e+00
2.13246e+02  1.40586e+03  0.00000e+00
2.13714e+02  1.40277e+03  0.00000e+00
2.14183e+02  1.39970e+03  0.00000e+00
2.14652e+02  1.39665e+03  0.00000e+00
2.15120e+02  1.39360e+03  0.00000e+00
2.15589e+02  1.39057e+03  0.00000e+00
2.16058e+02  1.38756e+03  0.00000e+00
2.16526e+02  1.38455e+03  0.00000e+00
2.16995e+02  1.38156e+03  0.00000e+00
2.17464e+02  1.37859e+03  0.00000e+00
2.17932e+02  1.37562e+03  0.00000e+00
2.18401e+02  1.37267e+03  0.00000e+00
2.18870e+02  1.36973e+03  0.00000e+00
2.19338e+02  1.36680e+03  0.00000e+00
2.19807e+02  1.36389e+03  0.00000e+00
2.20276e+02  1.36099e+03  0.00000e+00
2.20744e+02  1.35810e+03  0.00000e+00
2.21213e+02  1.35522e+03  0.00000e+00
2.21682e+02  1.35236e+03  0.00000e+00
2.22150e+02  1.34950e+03  0.00000e+00
2.22619e+02  1.34666e+03  0.00000e+00
2.23088e+02  1.34383e+03  0.00000e+00
2.23556e+02  1.34101e+03  0.00000e+00
2.24025e+02  1.33821e+03  0.00000e+00
2.24494e+02  1.33542e+03  0.00000e+00
2.24962e+02  1.33263e+03  0.00000e+00
2.25431e+02  1.32986e+03  0.00000e+00
2.25900e+02  1.32710e+03  0.00000e+00
2.26368e+02  1.32436e+03  0.00000e+00
2.26837e+02  1.32162e+03  0.00000e+00
2.27306e+02  1.31890e+03  0.00000e+00
2.27774e+02  1.31618e+03  0.00000e+00
2.28243e+02  1.31348e+03  0.00000e+00
2.28712e+02  1.31079e+03  0.00000e+00
2.29180e+02  1.30811e+03  0.00000e+00
2.29649e+02  1.30544e+03  0.00000e+00
2.30118e+02  1.30278e+03  4.61234e-03
2.30586e+02  1.30013e+03  1.48086e-02
2.31055e+02  1.29749e+03  2.69851e-02
2.31524e+02  1.29487e+03  4.17223e-02
2.31992e+02  1.29225e+03  6.02502e-02
2.32461e+02  1.28965e+03  8.13751e-02
2.32930e+02  1.28705e+03  1.07250e-01
2.33399e+02  1.28447e+03  1.45528e-01
2.33867e+02  1.28189e+03  1.98648e-01
2.34336e+02  1.27933e+03  2.67083e-01
2.34805e+02  1.27677e+03  3.45375e-01
2.35273e+02  1.27423e+03  4.18290e-01
2.35742e+02  1.27170e+03  4.75436e-01
2.36211e+02  1.26917e+03  5.17051e-01
2.36679e+02  1.26666e+03  5.45281e-01
2.37148e+02  1.26416e+03  5.66706e-01
2.37617e+02  1.26166e+03  5.88635e-01
2.38085e+02  1.25918e+03  6.08724e-01
2.38554e+02  1.25671e+03  6.32176e-01
2.39023e+02  1.25424e+03  6.61391e-01
2.39491e+02  1.25179e+03  6.90456e-01
2.39960e+02  1.24934e+03  7.09904e-01
2.40429e+02  1.24691e+03  7.06069e-01
2.40897e+02  1.24448e+03  6.75627e-01
2.41366e+02  1.24207e+03  6.31741e-01
2.41835e+02  1.23966e+03  5.93375e-01
2.42303e+02  1.23726e+03  5.74950e-01
2.42772e+02  1.23487e+03  5.83416e-01
2.43241e+02  1.23249e+03  6.07359e-01
2.43709e+02  1.23012e+03  6.24678e-01
2.44178e+02  1.22776e+03  6.28857e-01
2.44647e+02  1.22541e+03  6.19910e-01
2.45115e+02  1.22307e+03  6.01672e-01
2.45584e+02  1.22073e+03  5.93470e-01
2.46053e+02  1.21841e+03  5.96256e-01
2.46521e+02  1.21609e+03  6.04150e-01
2.46990e+02  1.21378e+03  6.18440e-01
2.47459e+02  1.21149e+03  6.29312e-01
2.47927e+02  1.20919e+03  6.38313e-01
2.48396e+02  1.20691e+03  6.46101e-01
2.48865e+02  1.20464e+03  6.48576e-01
2.49333e+02  1.20238e+03  6.50620e-01
2.49802e+02  1.20012e+03  6.46087e-01
2.50271e+02  1.19787e+03  6.35967e-01
2.50739e+02  1.19563e+03  6.26708e-01
2.51208e+02  1.19340e+03  6.14517e-01
2.51677e+02  1.19118e+03  6.06206e-01
2.52145e+02  1.18897e+03  6.05501e-01
2.52614e+02  1.18676e+03  6.05217e-01
2.53083e+02  1.18456e+03  6.11214e-01
2.53551e+02  1.18237e+03  6.22438e-01
2.54020e+02  1.18019e+03  6.34040e-01
2.54489e+02  1.17802e+03  6.50149e-01
2.54957e+02  1.17585e+03  6.66735e-01
2.55426e+02  1.17370e+03  6.84081e-01
2.55895e+02  1.17155e+03  7.03544e-01
2.56363e+02  1.16940e+03  7.21277e-01
2.56832e+02  1.16727e+03  7.42979e-01
2.57301e+02  1.16514e+03  7.70937e-01
2.57769e+02  1.16303e+03  8.04078e-01
2.58238e+02  1.16091e+03  8.47822e-01
2.58707e+02  1.15881e+03  8.96259e-01
2.59175e+02  1.15672e+03  9.40126e-01
2.59644e+02  1.15463e+03  9.74669e-01
2.60113e+02  1.15255e+03  9.96675e-01
2.60581e+02  1.15047e+03  1.00000e+00
2.61050e+02  1.14841e+03  9.90379e-01
2.61519e+02  1.14635e+03  9.76074e-01
2.61987e+02  1.14430e+03  9.51066e-01
2.62456e+02  1.14226e+03  9.20476e-01
2.62925e+02  1.14022e+03  8.89016e-01
2.63394e+02  1.13819e+03  8.50251e-01
2.63862e+02  1.13617e+03  8.12004e-01
2.64331e+02  1.13416e+03  7.81746e-01
2.64800e+02  1.13215e+03  7.52696e-01
2.65268e+02  1.13015e+03  7.32718e-01
2.65737e+02  1.12816e+03  7.22481e-01
2.66206e+02  1.12617e+03  7.17223e-01
2.66674e+02  1.12419e+03  7.27745e-01
2.67143e+02  1.12222e+03  7.45122e-01
2.67612e+02  1.12025e+03  7.60263e-01
2.68080e+02  1.11829e+03  7.72765e-01
2.68549e+02  1.11634e+03  7.67042e-01
2.69018e+02  1.11440e+03  7.50682e-01
2.69486e+02  1.11246e+03  7.39258e-01
2.69955e+02  1.11053e+03  7.32843e-01
2.70424e+02  1.10860e+03  7.42073e-01
2.70892e+02  1.10669e+03  7.68008e-01
2.71361e+02  1.10477e+03  7.95801e-01
2.71830e+02  1.10287e+03  8.20814e-01
2.72298e+02  1.10097e+03  8.37962e-01
2.72767e+02  1.09908e+03  8.36332e-01
2.73236e+02  1.09719e+03  8.27788e-01
2.73704e+02  1.09532e+03  8.27188e-01
2.74173e+02  1.09344e+03  8.39345e-01
2.74642e+02  1.09158e+03  8.71307e-01
2.75110e+02  1.08972e+03  9.13602e-01
2.75579e+02  1.08786e+03  9.49098e-01
2.76048e+02  1.08602e+03  9.75219e-01
2.76516e+02  1.08418e+03  9.85170e-01
2.76985e+02  1.08234e+03  9.79625e-01
2.77454e+02  1.08051e+03  9.68720e-01
2.77922e+02  1.07869e+03  9.48281e-01
2.78391e+02  1.07688e+03  9.26032e-01
2.78860e+02  1.07507e+03  9.11851e-01
2.79328e+02  1.07326e+03  8.99635e-01
2.79797e+02  1.07146e+03  8.90946e-01
2.80266e+02  1.06967e+03  8.86531e-01
2.80734e+02  1.06789e+03  8.75140e-01
2.81203e+02  1.06611e+03  8.58922e-01
2.81672e+02  1.06433e+03  8.40373e-01
2.82140e+02  1.06256e+03  8.20133e-01
2.82609e+02  1.06080e+03  8.03406e-01
2.83078e+02  1.05905e+03  7.94575e-01
2.83546e+02  1.05730e+03  8.01145e-01
2.84015e+02  1.05555e+03  8.16404e-01
2.84484e+02  1.05381e+03  8.35425e-01
2.84952e+02  1.05208e+03  8.53661e-01
2.85421e+02  1.05035e+03  8.55438e-01
2.85890e+02  1.04863e+03  8.44895e-01
2.86358e+02  1.04691e+03  8.31863e-01
2.86827e+02  1.04520e+03  8.19704e-01
2.87296e+02  1.04350e+03  8.14423e-01
2.87764e+02  1.04180e+03  8.14322e-01
2.88233e+02  1.04010e+03  8.16384e-01
2.88702e+02  1.03842e+03  8.11789e-01
2.89170e+02  1.03673e+03  7.99691e-01
2.89639e+02  1.03506e+03  7.85195e-01
2.90108e+02  1.03338e+03  7.58577e-01
2.90576e+02  1.03172e+03  7.21435e-01
2.91045e+02  1.03005e+03  6.81382e-01
2.91514e+02  1.02840e+03  6.33261e-01
2.91982e+02  1.02675e+03  5.87842e-01
2.92451e+02  1.02510e+03  5.55267e-01
2.92920e+02  1.02346e+03  5.35067e-01
2.93388e+02  1.02183e+03  5.32898e-01
2.93857e+02  1.02020e+03  5.39981e-01
2.94326e+02  1.01857e+03  5.50294e-01
2.94795e+02  1.01695e+03  5.57810e-01
2.95263e+02  1.01534e+03  5.51139e-01
2.95732e+02  1.01373e+03  5.37767e-01
2.96201e+02  1.01213e+03  5.21664e-01
2.96669e+02  1.01053e+03  5.01904e-01
2.97138e+02  1.00893e+03  4.89398e-01
2.97607e+02  1.00735e+03  4.84471e-01
2.98075e+02  1.00576e+03  4.76799e-01
2.98544e+02  1.00418e+03  4.67035e-01
2.99013e+02  1.00261e+03  4.54481e-01
2.99481e+02  1.00104e+03  4.29066e-01
2.99950e+02  9.99475e+02  3.95127e-01
3.00419e+02  9.97916e+02  3.55972e-01
3.00887e+02  9.96362e+02  3.05843e-01
3.01356e+02  9.94812e+02  2.55970e-01
3.01825e+02  9.93267e+02  2.13234e-01
3.02293e+02  9.91727e+02  1.77442e-01
3.02762e+02  9.90192e+02  1.54644e-01
3.03231e+02  9.88662e+02  1.42934e-01
3.03699e+02  9.87136e+02  1.36974e-01
3.04168e+02  9.85615e+02  1.34453e-01
3.04637e+02  9.84099e+02  1.28219e-01
3.05105e+02  9.82587e+02  1.15966e-01
3.05574e+02  9.81080e+02  1.02819e-01
3.06043e+02  9.79577e+02  9.00439e-02
3.06511e+02  9.78080e+02  8.19062e-02
3.06980e+02  9.76586e+02  8.09458e-02
3.07449e+02  9.75098e+02  8.26749e-02
3.07917e+02  9.73614e+02  8.65361e-02
3.08386e+02  9.72134e+02  9.01814e-02
3.08855e+02  9.70659e+02  8.87171e-02
3.09323e+02  9.69188e+02  8.22349e-02
3.09792e+02  9.67722e+02  7.07786e-02
3.10261e+02  9.66260e+02  5.71466e-02
3.10729e+02  9.64803e+02  4.63437e-02
3.11198e+02  9.63350e+02  3.96229e-02
3.11667e+02  9.61901e+02  3.72204e-02
3.12135e+02  9.60457e+02  3.75694e-02
3.12604e+02  9.59017e+02  3.80219e-02
3.13073e+02  9.57581e+02  3.79619e-02
3.13541e+02  9.56150e+02  3.59409e-02
3.14010e+02  9.54723e+02  3.24842e-02
3.14479e+02  9.53300e+02  2.84606e-02
3.14947e+02  9.51881e+02  2.32628e-02
3.15416e+02  9.50467e+02  1.91735e-02
3.15885e+02  9.49057e+02  1.65266e-02
3.16353e+02  9.47651e+02  1.51918e-02
3.16822e+02  9.46249e+02  1.53330e-02
3.17291e+02  9.44851e+02  1.56848e-02
3.17759e+02  9.43457e+02  1.59603e-02
3.18228e+02  9.42068e+02  1.54733e-02
3.18697e+02  9.40682e+02  1.44156e-02
3.19165e+02  9.39301e+02  1.29410e-02
3.19634e+02  9.37924e+02  1.15167e-02
3.20103e+02  9.36551e+02  1.00007e-02
3.20571e+02  9.35181e+02  8.83689e-03
3.21040e+02  9.33816e+02  8.22067e-03
3.21509e+02  9.32455e+02  7.80372e-03
3.21977e+02  9.31098e+02  9.14215e-03
3.22446e+02  9.29744e+02  9.95544e-03
3.22915e+02  9.28395e+02  1.03447e-02
3.23383e+02  9.27049e+02  1.09190e-02
3.23852e+02  9.25708e+02  9.56042e-03
3.24321e+02  9.24370e+02  8.57063e-03
3.24789e+02  9.23036e+02  7.70622e-03
3.25258e+02  9.21706e+02  6.19619e-03
3.25727e+02  9.20380e+02  5.86499e-03
3.26195e+02  9.19058e+02  5.65667e-03
3.26664e+02  9.17739e+02  5.67788e-03
3.27133e+02  9.16424e+02  6.18573e-03
3.27602e+02  9.15113e+02  6.09434e-03
3.28070e+02  9.13806e+02  5.79373e-03
3.28539e+02  9.12502e+02  5.28981e-03
3.29008e+02  9.11202e+02  4.69210e-03
3.29476e+02  9.09906e+02  4.46018e-03
3.29945e+02  9.08614e+02  4.65946e-03
3.30414e+02  9.07325e+02  5.30030e-03
3.30882e+02  9.06040e+02  5.55158e-03
3.31351e+02  9.04758e+02  5.44207e-03
3.31820e+02  9.03480e+02  4.98661e-03
3.32288e+02  9.02206e+02  4.15191e-03
3.32757e+02  9.00935e+02  3.57108e-03
3.33226e+02  8.99668e+02  3.19706e-03
3.33694e+02  8.98405e+02  3.30109e-03
3.34163e+02  8.97145e+02  3.46105e-03
3.34632e+02  8.95888e+02  3.67202e-03
3.35100e+02  8.94635e+02  3.80124e-03
3.35569e+02  8.93386e+02  3.76773e-03
3.36038e+02  8.92140e+02  3.94275e-03
3.36506e+02  8.90897e+02  4.21588e-03
3.36975e+02  8.89658e+02  4.56147e-03
3.37444e+02  8.88422e+02  4.37141e-03
3.37912e+02  8.87190e+02  4.16447e-03
3.38381e+02  8.85961e+02  3.82811e-03
3.38850e+02  8.84736e+02  3.26407e-03
3.39318e+02  8.83514e+02  3.39534e-03
3.39787e+02  8.82295e+02  3.45375e-03
3.40256e+02  8.81080e+02  3.85433e-03
3.40724e+02  8.79868e+02  4.35627e-03
3.41193e+02  8.78659e+02  4.21446e-03
3.41662e+02  8.77454e+02  4.44232e-03
3.42130e+02  8.76252e+02  4.09252e-03
3.42599e+02  8.75053e+02  3.30164e-03
3.43068e+02  8.73858e+02  3.28810e-03
3.43536e+02  8.72666e+02  3.57368e-03
3.44005e+02  8.71477e+02  3.80714e-03
3.44474e+02  8.70291e+02  4.25137e-03
3.44942e+02  8.69109e+02  3.82758e-03
3.45411e+02  8.67930e+02  2.31919e-03
3.45880e+02  8.66754e+02  1.72664e-03
3.46348e+02  8.65581e+02  1.58949e-03
3.46817e+02  8.64411e+02  1.50989e-03
3.47286e+02  8.63244e+02  1.92780e-03
3.47754e+02  8.62081e+02  1.94871e-03
3.48223e+02  8.60921e+02  1.68342e-03
3.48692e+02  8.59764e+02  1.96984e-03
3.49160e+02  8.58610e+02  2.26727e-03
3.49629e+02  8.57459e+02  1.96556e-03
3.50098e+02  8.56311e+02  1.63910e-03
3.50566e+02  8.55166e+02  1.42895e-03
3.51035e+02  8.54024e+02  1.35758e-03
3.51504e+02  8.52885e+02  1.56027e-03
3.51972e+02  8.51750e+02  1.32585e-03
3.52441e+02  8.50617e+02  1.00873e-03
3.52910e+02  8.49488e+02  9.08818e-04
3.53378e+02  8.48361e+02  1.06252e-03
3.53847e+02  8.47237e+02  1.65305e-03
3.54316e+02  8.46117e+02  1.64842e-03
3.54784e+02  8.44999e+02  1.45350e-03
3.55253e+02  8.43884e+02  1.15228e-03
3.55722e+02  8.42772e+02  9.45927e-04
3.56190e+02  8.41663e+02  1.20742e-03
3.56659e+02  8.40557e+02  1.00396e-03
3.57128e+02  8.39454e+02  6.28324e-04
3.57597e+02  8.38354e+02  5.82697e-04
3.58065e+02  8.37257e+02  4.13107e-04
3.58534e+02  8.36162e+02  8.73415e-05
