CFHT_I
frq          wvl          transmission
[GHz]        [micron]                 
4.76239e+05  6.29500e-01  1.16252e-04
4.75861e+05  6.30000e-01  1.16252e-04
4.75484e+05  6.30500e-01  1.16252e-04
4.75107e+05  6.31000e-01  1.16252e-04
4.74731e+05  6.31500e-01  1.16252e-04
4.74355e+05  6.32000e-01  1.16252e-04
4.73980e+05  6.32500e-01  1.16252e-04
4.73606e+05  6.33000e-01  1.16252e-04
4.73232e+05  6.33500e-01  1.16252e-04
4.72859e+05  6.34000e-01  1.16252e-04
4.72486e+05  6.34500e-01  1.16252e-04
4.72114e+05  6.35000e-01  1.16252e-04
4.71743e+05  6.35500e-01  1.16252e-04
4.71372e+05  6.36000e-01  1.16252e-04
4.71002e+05  6.36500e-01  1.16252e-04
4.70632e+05  6.37000e-01  2.32505e-04
4.70263e+05  6.37500e-01  2.32505e-04
4.69894e+05  6.38000e-01  2.32505e-04
4.69526e+05  6.38500e-01  2.32505e-04
4.69159e+05  6.39000e-01  2.32505e-04
4.68792e+05  6.39500e-01  2.32505e-04
4.68426e+05  6.40000e-01  2.32505e-04
4.68060e+05  6.40500e-01  2.32505e-04
4.67695e+05  6.41000e-01  2.32505e-04
4.67330e+05  6.41500e-01  2.32505e-04
4.66966e+05  6.42000e-01  3.48757e-04
4.66603e+05  6.42500e-01  3.48757e-04
4.66240e+05  6.43000e-01  3.48757e-04
4.65878e+05  6.43500e-01  3.48757e-04
4.65516e+05  6.44000e-01  4.65009e-04
4.65155e+05  6.44500e-01  4.65009e-04
4.64795e+05  6.45000e-01  4.65009e-04
4.64434e+05  6.45500e-01  4.65009e-04
4.64075e+05  6.46000e-01  4.62895e-04
4.63716e+05  6.46500e-01  5.79148e-04
4.63358e+05  6.47000e-01  5.79148e-04
4.63000e+05  6.47500e-01  5.79148e-04
4.62643e+05  6.48000e-01  6.95400e-04
4.62286e+05  6.48500e-01  6.95400e-04
4.61930e+05  6.49000e-01  6.95400e-04
4.61574e+05  6.49500e-01  8.09539e-04
4.61219e+05  6.50000e-01  8.09539e-04
4.60865e+05  6.50500e-01  9.25791e-04
4.60511e+05  6.51000e-01  9.25791e-04
4.60157e+05  6.51500e-01  9.23677e-04
4.59804e+05  6.52000e-01  1.03993e-03
4.59452e+05  6.52500e-01  1.03782e-03
4.59100e+05  6.53000e-01  1.15407e-03
4.58749e+05  6.53500e-01  1.26821e-03
4.58398e+05  6.54000e-01  1.26609e-03
4.58048e+05  6.54500e-01  1.38023e-03
4.57698e+05  6.55000e-01  1.49437e-03
4.57349e+05  6.55500e-01  1.60851e-03
4.57001e+05  6.56000e-01  1.60851e-03
4.56653e+05  6.56500e-01  1.72053e-03
4.56305e+05  6.57000e-01  1.83467e-03
4.55958e+05  6.57500e-01  1.94881e-03
4.55612e+05  6.58000e-01  2.06084e-03
4.55266e+05  6.58500e-01  2.17497e-03
4.54920e+05  6.59000e-01  2.28700e-03
4.54575e+05  6.59500e-01  2.51528e-03
4.54231e+05  6.60000e-01  2.62730e-03
4.53887e+05  6.60500e-01  2.85347e-03
4.53544e+05  6.61000e-01  2.96549e-03
4.53201e+05  6.61500e-01  3.19165e-03
4.52859e+05  6.62000e-01  3.41782e-03
4.52517e+05  6.62500e-01  3.64398e-03
4.52176e+05  6.63000e-01  3.87014e-03
4.51835e+05  6.63500e-01  4.09419e-03
4.51495e+05  6.64000e-01  4.32036e-03
4.51155e+05  6.64500e-01  4.65643e-03
4.50816e+05  6.65000e-01  4.88048e-03
4.50477e+05  6.65500e-01  5.33281e-03
4.50139e+05  6.66000e-01  5.66888e-03
4.49801e+05  6.66500e-01  6.00496e-03
4.49464e+05  6.67000e-01  6.45517e-03
4.49127e+05  6.67500e-01  6.90327e-03
4.48791e+05  6.68000e-01  7.35137e-03
4.48455e+05  6.68500e-01  7.90938e-03
4.48120e+05  6.69000e-01  8.35537e-03
4.47786e+05  6.69500e-01  9.02540e-03
4.47451e+05  6.70000e-01  9.58342e-03
4.47118e+05  6.70500e-01  1.02513e-02
4.46785e+05  6.71000e-01  1.10313e-02
4.46452e+05  6.71500e-01  1.19254e-02
4.46120e+05  6.72000e-01  1.27074e-02
4.45788e+05  6.72500e-01  1.37093e-02
4.45457e+05  6.73000e-01  1.47112e-02
4.45126e+05  6.73500e-01  1.58230e-02
4.44796e+05  6.74000e-01  1.70468e-02
4.44466e+05  6.74500e-01  1.83784e-02
4.44137e+05  6.75000e-01  1.98200e-02
4.43808e+05  6.75500e-01  2.12615e-02
4.43480e+05  6.76000e-01  2.30391e-02
4.43152e+05  6.76500e-01  2.49224e-02
4.42825e+05  6.77000e-01  2.68057e-02
4.42498e+05  6.77500e-01  2.90208e-02
4.42172e+05  6.78000e-01  3.13458e-02
4.41846e+05  6.78500e-01  3.38949e-02
4.41521e+05  6.79000e-01  3.66639e-02
4.41196e+05  6.79500e-01  3.96526e-02
4.40871e+05  6.80000e-01  4.30831e-02
4.40547e+05  6.80500e-01  4.66193e-02
4.40224e+05  6.81000e-01  5.04873e-02
4.39901e+05  6.81500e-01  5.47929e-02
4.39578e+05  6.82000e-01  5.93140e-02
4.39256e+05  6.82500e-01  6.39388e-02
4.38935e+05  6.83000e-01  6.90581e-02
4.38614e+05  6.83500e-01  7.44437e-02
4.38293e+05  6.84000e-01  8.04106e-02
4.37973e+05  6.84500e-01  8.67284e-02
4.37653e+05  6.85000e-01  9.36084e-02
4.37334e+05  6.85500e-01  1.01156e-01
4.37015e+05  6.86000e-01  1.09038e-01
4.36697e+05  6.86500e-01  1.17761e-01
4.36379e+05  6.87000e-01  1.27207e-01
4.36062e+05  6.87500e-01  1.37258e-01
4.35745e+05  6.88000e-01  1.47902e-01
4.35428e+05  6.88500e-01  1.60437e-01
4.35112e+05  6.89000e-01  1.73871e-01
4.34797e+05  6.89500e-01  1.88316e-01
4.34482e+05  6.90000e-01  2.03674e-01
4.34167e+05  6.90500e-01  2.20078e-01
4.33853e+05  6.91000e-01  2.37514e-01
4.33539e+05  6.91500e-01  2.55529e-01
4.33226e+05  6.92000e-01  2.74899e-01
4.32913e+05  6.92500e-01  2.95021e-01
4.32601e+05  6.93000e-01  3.16086e-01
4.32289e+05  6.93500e-01  3.38400e-01
4.31978e+05  6.94000e-01  3.61225e-01
4.31667e+05  6.94500e-01  3.84928e-01
4.31356e+05  6.95000e-01  4.09388e-01
4.31046e+05  6.95500e-01  4.33856e-01
4.30736e+05  6.96000e-01  4.59304e-01
4.30427e+05  6.96500e-01  4.84668e-01
4.30118e+05  6.97000e-01  5.10813e-01
4.29810e+05  6.97500e-01  5.37884e-01
4.29502e+05  6.98000e-01  5.64646e-01
4.29195e+05  6.98500e-01  5.89938e-01
4.28888e+05  6.99000e-01  6.14968e-01
4.28581e+05  6.99500e-01  6.39476e-01
4.28275e+05  7.00000e-01  6.64293e-01
4.27969e+05  7.00500e-01  6.87831e-01
4.27664e+05  7.01000e-01  7.10659e-01
4.27359e+05  7.01500e-01  7.33681e-01
4.27055e+05  7.02000e-01  7.55352e-01
4.26751e+05  7.02500e-01  7.76929e-01
4.26447e+05  7.03000e-01  7.97281e-01
4.26144e+05  7.03500e-01  8.16734e-01
4.25842e+05  7.04000e-01  8.35818e-01
4.25539e+05  7.04500e-01  8.53235e-01
4.25238e+05  7.05000e-01  8.69842e-01
4.24936e+05  7.05500e-01  8.85699e-01
4.24635e+05  7.06000e-01  8.99890e-01
4.24335e+05  7.06500e-01  9.13641e-01
4.24035e+05  7.07000e-01  9.25977e-01
4.23735e+05  7.07500e-01  9.37275e-01
4.23436e+05  7.08000e-01  9.47828e-01
4.23137e+05  7.08500e-01  9.57088e-01
4.22838e+05  7.09000e-01  9.65475e-01
4.22540e+05  7.09500e-01  9.72719e-01
4.22243e+05  7.10000e-01  9.78764e-01
4.21946e+05  7.10500e-01  9.83985e-01
4.21649e+05  7.11000e-01  9.88335e-01
4.21353e+05  7.11500e-01  9.91922e-01
4.21057e+05  7.12000e-01  9.94845e-01
4.20761e+05  7.12500e-01  9.97060e-01
4.20466e+05  7.13000e-01  9.98396e-01
4.20172e+05  7.13500e-01  9.99402e-01
4.19877e+05  7.14000e-01  1.00000e+00
4.19584e+05  7.14500e-01  9.91706e-01
4.19290e+05  7.15000e-01  9.82873e-01
4.18997e+05  7.15500e-01  9.73809e-01
4.18705e+05  7.16000e-01  9.64505e-01
4.18412e+05  7.16500e-01  9.54930e-01
4.18121e+05  7.17000e-01  9.45108e-01
4.17829e+05  7.17500e-01  9.35307e-01
4.17538e+05  7.18000e-01  9.25349e-01
4.17248e+05  7.18500e-01  9.27676e-01
4.16958e+05  7.19000e-01  9.29784e-01
4.16668e+05  7.19500e-01  9.31787e-01
4.16378e+05  7.20000e-01  9.33753e-01
4.16089e+05  7.20500e-01  9.35778e-01
4.15801e+05  7.21000e-01  9.37936e-01
4.15513e+05  7.21500e-01  9.39807e-01
4.15225e+05  7.22000e-01  9.41880e-01
4.14938e+05  7.22500e-01  9.40893e-01
4.14651e+05  7.23000e-01  9.39775e-01
4.14364e+05  7.23500e-01  9.38767e-01
4.14078e+05  7.24000e-01  9.37619e-01
4.13792e+05  7.24500e-01  9.36545e-01
4.13507e+05  7.25000e-01  9.35486e-01
4.13222e+05  7.25500e-01  9.34702e-01
4.12937e+05  7.26000e-01  9.33817e-01
4.12653e+05  7.26500e-01  9.33015e-01
4.12369e+05  7.27000e-01  9.32214e-01
4.12086e+05  7.27500e-01  9.31460e-01
4.11803e+05  7.28000e-01  9.30976e-01
4.11520e+05  7.28500e-01  9.30134e-01
4.11238e+05  7.29000e-01  9.29456e-01
4.10956e+05  7.29500e-01  9.28801e-01
4.10675e+05  7.30000e-01  9.28323e-01
4.10394e+05  7.30500e-01  9.30999e-01
4.10113e+05  7.31000e-01  9.33789e-01
4.09832e+05  7.31500e-01  9.36755e-01
4.09553e+05  7.32000e-01  9.39652e-01
4.09273e+05  7.32500e-01  9.42320e-01
4.08994e+05  7.33000e-01  9.45374e-01
4.08715e+05  7.33500e-01  9.48145e-01
4.08437e+05  7.34000e-01  9.51119e-01
4.08159e+05  7.34500e-01  9.50223e-01
4.07881e+05  7.35000e-01  9.49331e-01
4.07604e+05  7.35500e-01  9.48331e-01
4.07327e+05  7.36000e-01  9.47642e-01
4.07050e+05  7.36500e-01  9.46410e-01
4.06774e+05  7.37000e-01  9.45277e-01
4.06498e+05  7.37500e-01  9.44222e-01
4.06223e+05  7.38000e-01  9.42916e-01
4.05948e+05  7.38500e-01  9.41732e-01
4.05673e+05  7.39000e-01  9.40386e-01
4.05399e+05  7.39500e-01  9.38856e-01
4.05125e+05  7.40000e-01  9.37097e-01
4.04851e+05  7.40500e-01  9.35609e-01
4.04578e+05  7.41000e-01  9.34015e-01
4.04305e+05  7.41500e-01  9.32295e-01
4.04033e+05  7.42000e-01  9.30534e-01
4.03761e+05  7.42500e-01  9.28868e-01
4.03489e+05  7.43000e-01  9.27262e-01
4.03218e+05  7.43500e-01  9.25599e-01
4.02947e+05  7.44000e-01  9.23916e-01
4.02676e+05  7.44500e-01  9.21961e-01
4.02406e+05  7.45000e-01  9.20080e-01
4.02136e+05  7.45500e-01  9.18084e-01
4.01867e+05  7.46000e-01  9.16267e-01
4.01597e+05  7.46500e-01  9.14172e-01
4.01329e+05  7.47000e-01  9.12217e-01
4.01060e+05  7.47500e-01  9.10071e-01
4.00792e+05  7.48000e-01  9.08110e-01
4.00524e+05  7.48500e-01  9.06066e-01
4.00257e+05  7.49000e-01  9.03737e-01
3.99990e+05  7.49500e-01  9.01686e-01
3.99723e+05  7.50000e-01  8.99552e-01
3.99457e+05  7.50500e-01  8.97077e-01
3.99191e+05  7.51000e-01  8.94519e-01
3.98925e+05  7.51500e-01  8.92355e-01
3.98660e+05  7.52000e-01  8.90116e-01
3.98395e+05  7.52500e-01  8.87869e-01
3.98131e+05  7.53000e-01  8.85599e-01
3.97867e+05  7.53500e-01  8.83397e-01
3.97603e+05  7.54000e-01  8.81177e-01
3.97339e+05  7.54500e-01  8.79030e-01
3.97076e+05  7.55000e-01  8.76997e-01
3.96813e+05  7.55500e-01  8.74724e-01
3.96551e+05  7.56000e-01  8.72516e-01
3.96289e+05  7.56500e-01  8.70512e-01
3.96027e+05  7.57000e-01  8.68432e-01
3.95766e+05  7.57500e-01  8.56824e-01
3.95505e+05  7.58000e-01  8.45247e-01
3.95244e+05  7.58500e-01  8.10667e-01
3.94983e+05  7.59000e-01  7.75980e-01
3.94723e+05  7.59500e-01  6.70936e-01
3.94464e+05  7.60000e-01  5.63244e-01
3.94204e+05  7.60500e-01  5.19299e-01
3.93945e+05  7.61000e-01  4.75022e-01
3.93687e+05  7.61500e-01  5.46455e-01
3.93428e+05  7.62000e-01  6.16080e-01
3.93170e+05  7.62500e-01  5.94168e-01
3.92913e+05  7.63000e-01  5.72181e-01
3.92655e+05  7.63500e-01  5.80629e-01
3.92399e+05  7.64000e-01  5.88964e-01
3.92142e+05  7.64500e-01  6.22728e-01
3.91886e+05  7.65000e-01  6.56122e-01
3.91630e+05  7.65500e-01  6.92187e-01
3.91374e+05  7.66000e-01  7.27750e-01
3.91119e+05  7.66500e-01  7.52239e-01
3.90864e+05  7.67000e-01  7.76534e-01
3.90609e+05  7.67500e-01  8.09689e-01
3.90355e+05  7.68000e-01  8.42802e-01
3.90101e+05  7.68500e-01  8.42385e-01
3.89847e+05  7.69000e-01  8.41876e-01
3.89594e+05  7.69500e-01  8.41580e-01
3.89341e+05  7.70000e-01  8.41087e-01
3.89088e+05  7.70500e-01  8.40329e-01
3.88836e+05  7.71000e-01  8.39566e-01
3.88584e+05  7.71500e-01  8.38798e-01
3.88332e+05  7.72000e-01  8.38299e-01
3.88081e+05  7.72500e-01  8.37331e-01
3.87830e+05  7.73000e-01  8.36712e-01
3.87579e+05  7.73500e-01  8.35810e-01
3.87329e+05  7.74000e-01  8.35110e-01
3.87079e+05  7.74500e-01  8.34281e-01
3.86829e+05  7.75000e-01  8.33381e-01
3.86580e+05  7.75500e-01  8.32523e-01
3.86330e+05  7.76000e-01  8.31654e-01
3.86082e+05  7.76500e-01  8.30278e-01
3.85833e+05  7.77000e-01  8.28915e-01
3.85585e+05  7.77500e-01  8.27625e-01
3.85337e+05  7.78000e-01  8.25943e-01
3.85090e+05  7.78500e-01  8.24408e-01
3.84843e+05  7.79000e-01  8.22468e-01
3.84596e+05  7.79500e-01  8.20629e-01
3.84349e+05  7.80000e-01  8.18915e-01
3.84103e+05  7.80500e-01  8.16863e-01
3.83857e+05  7.81000e-01  8.14677e-01
3.83612e+05  7.81500e-01  8.12639e-01
3.83366e+05  7.82000e-01  8.10281e-01
3.83121e+05  7.82500e-01  8.08095e-01
3.82877e+05  7.83000e-01  8.05814e-01
3.82632e+05  7.83500e-01  8.03276e-01
3.82388e+05  7.84000e-01  8.00722e-01
3.82145e+05  7.84500e-01  7.97960e-01
3.81901e+05  7.85000e-01  7.95134e-01
3.81658e+05  7.85500e-01  7.92524e-01
3.81415e+05  7.86000e-01  7.89619e-01
3.81173e+05  7.86500e-01  7.86967e-01
3.80931e+05  7.87000e-01  7.84147e-01
3.80689e+05  7.87500e-01  7.81236e-01
3.80447e+05  7.88000e-01  7.78353e-01
3.80206e+05  7.88500e-01  7.75375e-01
3.79965e+05  7.89000e-01  7.72433e-01
3.79724e+05  7.89500e-01  7.69341e-01
3.79484e+05  7.90000e-01  7.66246e-01
3.79244e+05  7.90500e-01  7.63321e-01
3.79004e+05  7.91000e-01  7.60345e-01
3.78765e+05  7.91500e-01  7.57371e-01
3.78526e+05  7.92000e-01  7.54665e-01
3.78287e+05  7.92500e-01  7.51848e-01
3.78048e+05  7.93000e-01  7.49134e-01
3.77810e+05  7.93500e-01  7.46572e-01
3.77572e+05  7.94000e-01  7.43938e-01
3.77335e+05  7.94500e-01  7.41609e-01
3.77097e+05  7.95000e-01  7.38999e-01
3.76860e+05  7.95500e-01  7.36448e-01
3.76624e+05  7.96000e-01  7.34025e-01
3.76387e+05  7.96500e-01  7.31721e-01
3.76151e+05  7.97000e-01  7.29384e-01
3.75915e+05  7.97500e-01  7.27160e-01
3.75680e+05  7.98000e-01  7.25112e-01
3.75445e+05  7.98500e-01  7.23218e-01
3.75210e+05  7.99000e-01  7.21267e-01
3.74975e+05  7.99500e-01  7.20403e-01
3.74741e+05  8.00000e-01  7.18505e-01
3.74507e+05  8.00500e-01  7.16573e-01
3.74273e+05  8.01000e-01  7.14888e-01
3.74039e+05  8.01500e-01  7.13225e-01
3.73806e+05  8.02000e-01  7.11646e-01
3.73573e+05  8.02500e-01  7.09946e-01
3.73341e+05  8.03000e-01  7.08312e-01
3.73108e+05  8.03500e-01  7.06691e-01
3.72876e+05  8.04000e-01  7.05000e-01
3.72644e+05  8.04500e-01  7.03440e-01
3.72413e+05  8.05000e-01  7.01737e-01
3.72182e+05  8.05500e-01  7.00025e-01
3.71951e+05  8.06000e-01  6.98207e-01
3.71720e+05  8.06500e-01  6.96161e-01
3.71490e+05  8.07000e-01  6.94278e-01
3.71260e+05  8.07500e-01  6.92234e-01
3.71030e+05  8.08000e-01  6.90120e-01
3.70801e+05  8.08500e-01  6.87848e-01
3.70572e+05  8.09000e-01  6.85407e-01
3.70343e+05  8.09500e-01  6.82752e-01
3.70114e+05  8.10000e-01  6.80027e-01
3.69886e+05  8.10500e-01  6.73788e-01
3.69658e+05  8.11000e-01  6.67457e-01
3.69430e+05  8.11500e-01  6.61095e-01
3.69203e+05  8.12000e-01  6.54502e-01
3.68975e+05  8.12500e-01  6.47652e-01
3.68748e+05  8.13000e-01  6.40706e-01
3.68522e+05  8.13500e-01  6.33674e-01
3.68295e+05  8.14000e-01  6.26589e-01
3.68069e+05  8.14500e-01  6.22497e-01
3.67844e+05  8.15000e-01  6.18225e-01
3.67618e+05  8.15500e-01  6.13687e-01
3.67393e+05  8.16000e-01  6.08900e-01
3.67168e+05  8.16500e-01  6.04108e-01
3.66943e+05  8.17000e-01  5.99291e-01
3.66719e+05  8.17500e-01  5.94313e-01
3.66494e+05  8.18000e-01  5.89082e-01
3.66271e+05  8.18500e-01  5.83726e-01
3.66047e+05  8.19000e-01  5.78148e-01
3.65824e+05  8.19500e-01  5.72682e-01
3.65601e+05  8.20000e-01  5.67444e-01
3.65378e+05  8.20500e-01  5.62143e-01
3.65155e+05  8.21000e-01  5.56918e-01
3.64933e+05  8.21500e-01  5.51435e-01
3.64711e+05  8.22000e-01  5.45640e-01
3.64489e+05  8.22500e-01  5.40326e-01
3.64268e+05  8.23000e-01  5.35164e-01
3.64047e+05  8.23500e-01  5.30222e-01
3.63826e+05  8.24000e-01  5.25245e-01
3.63605e+05  8.24500e-01  5.20440e-01
3.63385e+05  8.25000e-01  5.15524e-01
3.63165e+05  8.25500e-01  5.10794e-01
3.62945e+05  8.26000e-01  5.06403e-01
3.62725e+05  8.26500e-01  5.02242e-01
3.62506e+05  8.27000e-01  4.98363e-01
3.62287e+05  8.27500e-01  4.94565e-01
3.62068e+05  8.28000e-01  4.90849e-01
3.61850e+05  8.28500e-01  4.87296e-01
3.61631e+05  8.29000e-01  4.83977e-01
3.61413e+05  8.29500e-01  4.80870e-01
3.61196e+05  8.30000e-01  4.77841e-01
3.60978e+05  8.30500e-01  4.77167e-01
3.60761e+05  8.31000e-01  4.76571e-01
3.60544e+05  8.31500e-01  4.75947e-01
3.60327e+05  8.32000e-01  4.75427e-01
3.60111e+05  8.32500e-01  4.74878e-01
3.59895e+05  8.33000e-01  4.74299e-01
3.59679e+05  8.33500e-01  4.73515e-01
3.59463e+05  8.34000e-01  4.72593e-01
3.59248e+05  8.34500e-01  4.71166e-01
3.59033e+05  8.35000e-01  4.69465e-01
3.58818e+05  8.35500e-01  4.65447e-01
3.58603e+05  8.36000e-01  4.61059e-01
3.58389e+05  8.36500e-01  4.56153e-01
3.58175e+05  8.37000e-01  4.50628e-01
3.57961e+05  8.37500e-01  4.44067e-01
3.57748e+05  8.38000e-01  4.36267e-01
3.57534e+05  8.38500e-01  4.28115e-01
3.57321e+05  8.39000e-01  4.19377e-01
3.57108e+05  8.39500e-01  4.09908e-01
3.56896e+05  8.40000e-01  3.99477e-01
3.56683e+05  8.40500e-01  3.87856e-01
3.56471e+05  8.41000e-01  3.74406e-01
3.56260e+05  8.41500e-01  3.60503e-01
3.56048e+05  8.42000e-01  3.46656e-01
3.55837e+05  8.42500e-01  3.32651e-01
3.55626e+05  8.43000e-01  3.17477e-01
3.55415e+05  8.43500e-01  3.01444e-01
3.55204e+05  8.44000e-01  2.84706e-01
3.54994e+05  8.44500e-01  2.67630e-01
3.54784e+05  8.45000e-01  2.51386e-01
3.54574e+05  8.45500e-01  2.36020e-01
3.54365e+05  8.46000e-01  2.20983e-01
3.54155e+05  8.46500e-01  2.05291e-01
3.53946e+05  8.47000e-01  1.89259e-01
3.53737e+05  8.47500e-01  1.74154e-01
3.53529e+05  8.48000e-01  1.60153e-01
3.53321e+05  8.48500e-01  1.47247e-01
3.53112e+05  8.49000e-01  1.35246e-01
3.52905e+05  8.49500e-01  1.23967e-01
3.52697e+05  8.50000e-01  1.12507e-01
3.52490e+05  8.50500e-01  1.01615e-01
3.52283e+05  8.51000e-01  9.21458e-02
3.52076e+05  8.51500e-01  8.36763e-02
3.51869e+05  8.52000e-01  7.61410e-02
3.51663e+05  8.52500e-01  6.91786e-02
3.51457e+05  8.53000e-01  6.27255e-02
3.51251e+05  8.53500e-01  5.62555e-02
3.51045e+05  8.54000e-01  5.09248e-02
3.50840e+05  8.54500e-01  4.62621e-02
3.50634e+05  8.55000e-01  4.20305e-02
3.50430e+05  8.55500e-01  3.82259e-02
3.50225e+05  8.56000e-01  3.47341e-02
3.50020e+05  8.56500e-01  3.15466e-02
3.49816e+05  8.57000e-01  2.84945e-02
3.49612e+05  8.57500e-01  2.59686e-02
3.49408e+05  8.58000e-01  2.37958e-02
3.49205e+05  8.58500e-01  2.18068e-02
3.49002e+05  8.59000e-01  1.99996e-02
3.48799e+05  8.59500e-01  1.82579e-02
3.48596e+05  8.60000e-01  1.66389e-02
3.48393e+05  8.60500e-01  1.52523e-02
3.48191e+05  8.61000e-01  1.40412e-02
3.47989e+05  8.61500e-01  1.30012e-02
3.47787e+05  8.62000e-01  1.19698e-02
3.47585e+05  8.62500e-01  1.10545e-02
3.47384e+05  8.63000e-01  1.01435e-02
3.47183e+05  8.63500e-01  9.34880e-03
3.46982e+05  8.64000e-01  8.66608e-03
3.46781e+05  8.64500e-01  8.04254e-03
3.46581e+05  8.65000e-01  7.47608e-03
3.46381e+05  8.65500e-01  6.96880e-03
3.46181e+05  8.66000e-01  6.41078e-03
3.45981e+05  8.66500e-01  5.96269e-03
3.45781e+05  8.67000e-01  5.51670e-03
3.45582e+05  8.67500e-01  5.17851e-03
3.45383e+05  8.68000e-01  4.84455e-03
3.45184e+05  8.68500e-01  4.51059e-03
3.44986e+05  8.69000e-01  4.18085e-03
3.44787e+05  8.69500e-01  3.90608e-03
3.44589e+05  8.70000e-01  3.68414e-03
3.44391e+05  8.70500e-01  3.46432e-03
3.44193e+05  8.71000e-01  3.24450e-03
3.43996e+05  8.71500e-01  3.02679e-03
3.43799e+05  8.72000e-01  2.86403e-03
3.43602e+05  8.72500e-01  2.64844e-03
3.43405e+05  8.73000e-01  2.48569e-03
3.43208e+05  8.73500e-01  2.37577e-03
3.43012e+05  8.74000e-01  2.21725e-03
3.42816e+05  8.74500e-01  2.10734e-03
3.42620e+05  8.75000e-01  1.99954e-03
3.42424e+05  8.75500e-01  1.89174e-03
3.42229e+05  8.76000e-01  1.78606e-03
3.42034e+05  8.76500e-01  1.68037e-03
3.41839e+05  8.77000e-01  1.57469e-03
3.41644e+05  8.77500e-01  1.51973e-03
3.41449e+05  8.78000e-01  1.41616e-03
3.41255e+05  8.78500e-01  1.36121e-03
3.41061e+05  8.79000e-01  1.30837e-03
3.40867e+05  8.79500e-01  1.25552e-03
3.40673e+05  8.80000e-01  1.20268e-03
3.40480e+05  8.80500e-01  1.10123e-03
3.40287e+05  8.81000e-01  1.04838e-03
3.40094e+05  8.81500e-01  9.97656e-04
3.39901e+05  8.82000e-01  9.44814e-04
3.39708e+05  8.82500e-01  8.94086e-04
3.39516e+05  8.83000e-01  8.91972e-04
3.39324e+05  8.83500e-01  8.41244e-04
3.39132e+05  8.84000e-01  7.90516e-04
3.38940e+05  8.84500e-01  7.88402e-04
3.38749e+05  8.85000e-01  7.37674e-04
3.38557e+05  8.85500e-01  6.89059e-04
3.38366e+05  8.86000e-01  6.86945e-04
3.38175e+05  8.86500e-01  6.82718e-04
3.37985e+05  8.87000e-01  6.34103e-04
3.37794e+05  8.87500e-01  6.31990e-04
3.37604e+05  8.88000e-01  5.83375e-04
3.37414e+05  8.88500e-01  5.81261e-04
3.37224e+05  8.89000e-01  5.34760e-04
3.37035e+05  8.89500e-01  5.32647e-04
3.36845e+05  8.90000e-01  5.30533e-04
3.36656e+05  8.90500e-01  4.79805e-04
3.36467e+05  8.91000e-01  4.75578e-04
3.36279e+05  8.91500e-01  4.69236e-04
3.36090e+05  8.92000e-01  4.22736e-04
3.35902e+05  8.92500e-01  4.18508e-04
3.35714e+05  8.93000e-01  4.14281e-04
3.35526e+05  8.93500e-01  4.07940e-04
3.35338e+05  8.94000e-01  3.63553e-04
3.35151e+05  8.94500e-01  3.59325e-04
3.34964e+05  8.95000e-01  3.55098e-04
3.34777e+05  8.95500e-01  3.12824e-04
3.34590e+05  8.96000e-01  3.08597e-04
3.34403e+05  8.96500e-01  3.04370e-04
3.34217e+05  8.97000e-01  3.02256e-04
3.34031e+05  8.97500e-01  2.98029e-04
3.33845e+05  8.98000e-01  2.93801e-04
3.33659e+05  8.98500e-01  2.57869e-04
