CFHT_Z
frq          wvl          transmission
[GHz]        [micron]                 
3.95766e+05  7.57500e-01  1.59405e-04
3.95505e+05  7.58000e-01  3.15103e-04
3.95244e+05  7.58500e-01  1.51991e-04
3.94983e+05  7.59000e-01  2.89153e-04
3.94723e+05  7.59500e-01  2.52082e-04
3.94464e+05  7.60000e-01  2.11304e-04
3.94204e+05  7.60500e-01  1.92769e-04
3.93945e+05  7.61000e-01  1.77941e-04
3.93687e+05  7.61500e-01  2.03890e-04
3.93428e+05  7.62000e-01  2.29840e-04
3.93170e+05  7.62500e-01  2.22426e-04
3.92913e+05  7.63000e-01  2.15012e-04
3.92655e+05  7.63500e-01  2.15012e-04
3.92399e+05  7.64000e-01  2.18719e-04
3.92142e+05  7.64500e-01  2.33547e-04
3.91886e+05  7.65000e-01  2.44668e-04
3.91630e+05  7.65500e-01  2.55790e-04
3.91374e+05  7.66000e-01  4.04073e-04
3.91119e+05  7.66500e-01  4.18902e-04
3.90864e+05  7.67000e-01  4.30023e-04
3.90609e+05  7.67500e-01  4.48559e-04
3.90355e+05  7.68000e-01  4.67094e-04
3.90101e+05  7.68500e-01  4.67094e-04
3.89847e+05  7.69000e-01  4.67094e-04
3.89594e+05  7.69500e-01  4.63387e-04
3.89341e+05  7.70000e-01  4.63387e-04
3.89088e+05  7.70500e-01  6.15378e-04
3.88836e+05  7.71000e-01  6.15378e-04
3.88584e+05  7.71500e-01  6.15378e-04
3.88332e+05  7.72000e-01  6.11671e-04
3.88081e+05  7.72500e-01  6.11671e-04
3.87830e+05  7.73000e-01  6.11671e-04
3.87579e+05  7.73500e-01  7.59954e-04
3.87329e+05  7.74000e-01  7.59954e-04
3.87079e+05  7.74500e-01  7.59954e-04
3.86829e+05  7.75000e-01  7.56247e-04
3.86580e+05  7.75500e-01  9.04531e-04
3.86330e+05  7.76000e-01  9.04531e-04
3.86082e+05  7.76500e-01  9.00824e-04
3.85833e+05  7.77000e-01  9.00824e-04
3.85585e+05  7.77500e-01  1.04911e-03
3.85337e+05  7.78000e-01  1.04540e-03
3.85090e+05  7.78500e-01  1.04169e-03
3.84843e+05  7.79000e-01  1.18998e-03
3.84596e+05  7.79500e-01  1.18627e-03
3.84349e+05  7.80000e-01  1.33085e-03
3.84103e+05  7.80500e-01  1.32714e-03
3.83857e+05  7.81000e-01  1.32714e-03
3.83612e+05  7.81500e-01  1.46801e-03
3.83366e+05  7.82000e-01  1.46801e-03
3.83121e+05  7.82500e-01  1.60888e-03
3.82877e+05  7.83000e-01  1.75346e-03
3.82632e+05  7.83500e-01  1.74604e-03
3.82388e+05  7.84000e-01  1.89062e-03
3.82145e+05  7.84500e-01  2.02778e-03
3.81901e+05  7.85000e-01  2.02407e-03
3.81658e+05  7.85500e-01  2.16494e-03
3.81415e+05  7.86000e-01  2.30211e-03
3.81173e+05  7.86500e-01  2.44298e-03
3.80931e+05  7.87000e-01  2.58014e-03
3.80689e+05  7.87500e-01  2.71730e-03
3.80447e+05  7.88000e-01  2.85446e-03
3.80206e+05  7.88500e-01  3.13250e-03
3.79965e+05  7.89000e-01  3.26595e-03
3.79724e+05  7.89500e-01  3.39941e-03
3.79484e+05  7.90000e-01  3.67373e-03
3.79244e+05  7.90500e-01  3.94806e-03
3.79004e+05  7.91000e-01  4.07780e-03
3.78765e+05  7.91500e-01  4.34842e-03
3.78526e+05  7.92000e-01  4.61904e-03
3.78287e+05  7.92500e-01  4.88595e-03
3.78048e+05  7.93000e-01  5.29373e-03
3.77810e+05  7.93500e-01  5.56064e-03
3.77572e+05  7.94000e-01  5.96472e-03
3.77335e+05  7.94500e-01  6.36508e-03
3.77097e+05  7.95000e-01  6.76545e-03
3.76860e+05  7.95500e-01  7.29927e-03
3.76624e+05  7.96000e-01  7.69222e-03
3.76387e+05  7.96500e-01  8.21863e-03
3.76151e+05  7.97000e-01  8.88220e-03
3.75915e+05  7.97500e-01  9.54206e-03
3.75680e+05  7.98000e-01  1.01945e-02
3.75445e+05  7.98500e-01  1.08470e-02
3.75210e+05  7.99000e-01  1.17663e-02
3.74975e+05  7.99500e-01  1.52473e-02
3.74741e+05  8.00000e-01  1.64187e-02
3.74507e+05  8.00500e-01  1.75865e-02
3.74273e+05  8.01000e-01  1.88839e-02
3.74039e+05  8.01500e-01  2.01740e-02
3.73806e+05  8.02000e-01  2.17273e-02
3.73573e+05  8.02500e-01  2.34066e-02
3.73341e+05  8.03000e-01  2.53380e-02
3.73108e+05  8.03500e-01  2.73954e-02
3.72876e+05  8.04000e-01  2.95752e-02
3.72644e+05  8.04500e-01  3.17439e-02
3.72413e+05  8.05000e-01  3.43017e-02
3.72182e+05  8.05500e-01  3.71006e-02
3.71951e+05  8.06000e-01  4.05408e-02
3.71720e+05  8.06500e-01  4.40922e-02
3.71490e+05  8.07000e-01  4.77548e-02
3.71260e+05  8.07500e-01  5.16621e-02
3.71030e+05  8.08000e-01  5.60698e-02
3.70801e+05  8.08500e-01  6.11003e-02
3.70572e+05  8.09000e-01  6.70057e-02
3.70343e+05  8.09500e-01  7.33931e-02
3.70114e+05  8.10000e-01  8.01363e-02
3.69886e+05  8.10500e-01  8.69165e-02
3.69658e+05  8.11000e-01  9.38488e-02
3.69430e+05  8.11500e-01  1.01678e-01
3.69203e+05  8.12000e-01  1.10883e-01
3.68975e+05  8.12500e-01  1.21296e-01
3.68748e+05  8.13000e-01  1.31669e-01
3.68522e+05  8.13500e-01  1.42601e-01
3.68295e+05  8.14000e-01  1.54078e-01
3.68069e+05  8.14500e-01  1.67531e-01
3.67844e+05  8.15000e-01  1.82115e-01
3.67618e+05  8.15500e-01  1.99301e-01
3.67393e+05  8.16000e-01  2.17125e-01
3.67168e+05  8.16500e-01  2.35186e-01
3.66943e+05  8.17000e-01  2.53610e-01
3.66719e+05  8.17500e-01  2.73220e-01
3.66494e+05  8.18000e-01  2.94618e-01
3.66271e+05  8.18500e-01  3.18165e-01
3.66047e+05  8.19000e-01  3.43136e-01
3.65824e+05  8.19500e-01  3.68111e-01
3.65601e+05  8.20000e-01  3.92489e-01
3.65378e+05  8.20500e-01  4.17430e-01
3.65155e+05  8.21000e-01  4.42931e-01
3.64933e+05  8.21500e-01  4.70727e-01
3.64711e+05  8.22000e-01  5.00688e-01
3.64489e+05  8.22500e-01  5.28517e-01
3.64268e+05  8.23000e-01  5.55275e-01
3.64047e+05  8.23500e-01  5.81310e-01
3.63826e+05  8.24000e-01  6.08360e-01
3.63605e+05  8.24500e-01  6.35066e-01
3.63385e+05  8.25000e-01  6.62995e-01
3.63165e+05  8.25500e-01  6.89483e-01
3.62945e+05  8.26000e-01  7.14001e-01
3.62725e+05  8.26500e-01  7.36715e-01
3.62506e+05  8.27000e-01  7.58631e-01
3.62287e+05  8.27500e-01  7.80432e-01
3.62068e+05  8.28000e-01  8.01893e-01
3.61850e+05  8.28500e-01  8.22371e-01
3.61631e+05  8.29000e-01  8.40221e-01
3.61413e+05  8.29500e-01  8.55638e-01
3.61196e+05  8.30000e-01  8.69851e-01
3.60978e+05  8.30500e-01  8.87204e-01
3.60761e+05  8.31000e-01  9.04542e-01
3.60544e+05  8.31500e-01  9.20108e-01
3.60327e+05  8.32000e-01  9.34451e-01
3.60111e+05  8.32500e-01  9.46774e-01
3.59895e+05  8.33000e-01  9.57732e-01
3.59679e+05  8.33500e-01  9.68026e-01
3.59463e+05  8.34000e-01  9.77672e-01
3.59248e+05  8.34500e-01  9.86914e-01
3.59033e+05  8.35000e-01  9.94584e-01
3.58818e+05  8.35500e-01  9.96882e-01
3.58603e+05  8.36000e-01  9.98484e-01
3.58389e+05  8.36500e-01  9.99474e-01
3.58175e+05  8.37000e-01  1.00000e+00
3.57961e+05  8.37500e-01  9.99970e-01
3.57748e+05  8.38000e-01  9.99481e-01
3.57534e+05  8.38500e-01  9.98547e-01
3.57321e+05  8.39000e-01  9.97412e-01
3.57108e+05  8.39500e-01  9.95785e-01
3.56896e+05  8.40000e-01  9.94150e-01
3.56683e+05  8.40500e-01  9.92434e-01
3.56471e+05  8.41000e-01  9.90462e-01
3.56260e+05  8.41500e-01  9.88423e-01
3.56048e+05  8.42000e-01  9.86236e-01
3.55837e+05  8.42500e-01  9.84100e-01
3.55626e+05  8.43000e-01  9.82158e-01
3.55415e+05  8.43500e-01  9.80067e-01
3.55204e+05  8.44000e-01  9.78213e-01
3.54994e+05  8.44500e-01  9.76249e-01
3.54784e+05  8.45000e-01  9.74532e-01
3.54574e+05  8.45500e-01  9.72812e-01
3.54365e+05  8.46000e-01  9.71011e-01
3.54155e+05  8.46500e-01  9.69594e-01
3.53946e+05  8.47000e-01  9.68156e-01
3.53737e+05  8.47500e-01  9.66810e-01
3.53529e+05  8.48000e-01  9.65465e-01
3.53321e+05  8.48500e-01  9.63900e-01
3.53112e+05  8.49000e-01  9.62529e-01
3.52905e+05  8.49500e-01  9.61157e-01
3.52697e+05  8.50000e-01  9.59845e-01
3.52490e+05  8.50500e-01  9.58243e-01
3.52283e+05  8.51000e-01  9.56623e-01
3.52076e+05  8.51500e-01  9.54803e-01
3.51869e+05  8.52000e-01  9.53083e-01
3.51663e+05  8.52500e-01  9.51267e-01
3.51457e+05  8.53000e-01  9.49343e-01
3.51251e+05  8.53500e-01  9.47548e-01
3.51045e+05  8.54000e-01  9.45524e-01
3.50840e+05  8.54500e-01  9.43285e-01
3.50634e+05  8.55000e-01  9.41065e-01
3.50430e+05  8.55500e-01  9.38725e-01
3.50225e+05  8.56000e-01  9.36216e-01
3.50020e+05  8.56500e-01  9.33717e-01
3.49816e+05  8.57000e-01  9.31115e-01
3.49612e+05  8.57500e-01  9.28245e-01
3.49408e+05  8.58000e-01  9.25369e-01
3.49205e+05  8.58500e-01  9.22351e-01
3.49002e+05  8.59000e-01  9.19319e-01
3.48799e+05  8.59500e-01  9.15990e-01
3.48596e+05  8.60000e-01  9.12761e-01
3.48393e+05  8.60500e-01  9.09250e-01
3.48191e+05  8.61000e-01  9.05755e-01
3.47989e+05  8.61500e-01  9.02199e-01
3.47787e+05  8.62000e-01  8.98470e-01
3.47585e+05  8.62500e-01  8.94778e-01
3.47384e+05  8.63000e-01  8.90785e-01
3.47183e+05  8.63500e-01  8.86856e-01
3.46982e+05  8.64000e-01  8.82826e-01
3.46781e+05  8.64500e-01  8.78934e-01
3.46581e+05  8.65000e-01  8.75052e-01
3.46381e+05  8.65500e-01  8.70919e-01
3.46181e+05  8.66000e-01  8.66697e-01
3.45981e+05  8.66500e-01  8.62530e-01
3.45781e+05  8.67000e-01  8.58326e-01
3.45582e+05  8.67500e-01  8.53996e-01
3.45383e+05  8.68000e-01  8.49844e-01
3.45184e+05  8.68500e-01  8.45625e-01
3.44986e+05  8.69000e-01  8.41233e-01
3.44787e+05  8.69500e-01  8.37073e-01
3.44589e+05  8.70000e-01  8.32843e-01
3.44391e+05  8.70500e-01  8.28688e-01
3.44193e+05  8.71000e-01  8.24651e-01
3.43996e+05  8.71500e-01  8.20640e-01
3.43799e+05  8.72000e-01  8.16458e-01
3.43602e+05  8.72500e-01  8.12528e-01
3.43405e+05  8.73000e-01  8.08432e-01
3.43208e+05  8.73500e-01  8.04606e-01
3.43012e+05  8.74000e-01  8.00699e-01
3.42816e+05  8.74500e-01  7.96944e-01
3.42620e+05  8.75000e-01  7.93196e-01
3.42424e+05  8.75500e-01  7.89315e-01
3.42229e+05  8.76000e-01  7.85800e-01
3.42034e+05  8.76500e-01  7.82249e-01
3.41839e+05  8.77000e-01  7.78749e-01
3.41644e+05  8.77500e-01  7.75135e-01
3.41449e+05  8.78000e-01  7.71602e-01
3.41255e+05  8.78500e-01  7.68103e-01
3.41061e+05  8.79000e-01  7.64877e-01
3.40867e+05  8.79500e-01  7.61385e-01
3.40673e+05  8.80000e-01  7.58116e-01
3.40480e+05  8.80500e-01  7.54865e-01
3.40287e+05  8.81000e-01  7.51621e-01
3.40094e+05  8.81500e-01  7.48388e-01
3.39901e+05  8.82000e-01  7.45315e-01
3.39708e+05  8.82500e-01  7.42175e-01
3.39516e+05  8.83000e-01  7.39217e-01
3.39324e+05  8.83500e-01  7.36081e-01
3.39132e+05  8.84000e-01  7.33197e-01
3.38940e+05  8.84500e-01  7.30190e-01
3.38749e+05  8.85000e-01  7.27347e-01
3.38557e+05  8.85500e-01  7.24422e-01
3.38366e+05  8.86000e-01  7.21512e-01
3.38175e+05  8.86500e-01  7.18735e-01
3.37985e+05  8.87000e-01  7.15922e-01
3.37794e+05  8.87500e-01  7.13119e-01
3.37604e+05  8.88000e-01  7.10239e-01
3.37414e+05  8.88500e-01  7.07495e-01
3.37224e+05  8.89000e-01  7.04752e-01
3.37035e+05  8.89500e-01  7.01968e-01
3.36845e+05  8.90000e-01  6.99166e-01
3.36656e+05  8.90500e-01  6.91914e-01
3.36467e+05  8.91000e-01  6.84700e-01
3.36279e+05  8.91500e-01  6.77620e-01
3.36090e+05  8.92000e-01  6.70491e-01
3.35902e+05  8.92500e-01  6.63344e-01
3.35714e+05  8.93000e-01  6.56215e-01
3.35526e+05  8.93500e-01  6.49031e-01
3.35338e+05  8.94000e-01  6.41958e-01
3.35151e+05  8.94500e-01  6.34936e-01
3.34964e+05  8.95000e-01  6.27878e-01
3.34777e+05  8.95500e-01  6.20916e-01
3.34590e+05  8.96000e-01  6.13847e-01
3.34403e+05  8.96500e-01  6.06877e-01
3.34217e+05  8.97000e-01  5.99882e-01
3.34031e+05  8.97500e-01  5.92831e-01
3.33845e+05  8.98000e-01  5.85873e-01
3.33659e+05  8.98500e-01  5.84583e-01
3.33473e+05  8.99000e-01  5.83278e-01
3.33288e+05  8.99500e-01  5.81925e-01
3.33103e+05  9.00000e-01  5.80431e-01
3.32918e+05  9.00500e-01  5.79004e-01
3.32733e+05  9.01000e-01  5.77502e-01
3.32548e+05  9.01500e-01  5.75908e-01
3.32364e+05  9.02000e-01  5.74248e-01
3.32180e+05  9.02500e-01  5.72583e-01
3.31996e+05  9.03000e-01  5.70830e-01
3.31812e+05  9.03500e-01  5.68998e-01
3.31629e+05  9.04000e-01  5.67130e-01
3.31446e+05  9.04500e-01  5.65213e-01
3.31262e+05  9.05000e-01  5.63212e-01
3.31079e+05  9.05500e-01  5.61228e-01
3.30897e+05  9.06000e-01  5.59182e-01
3.30714e+05  9.06500e-01  5.55834e-01
3.30532e+05  9.07000e-01  5.52487e-01
3.30350e+05  9.07500e-01  5.49032e-01
3.30168e+05  9.08000e-01  5.45514e-01
3.29986e+05  9.08500e-01  5.42081e-01
3.29805e+05  9.09000e-01  5.38734e-01
3.29623e+05  9.09500e-01  5.35260e-01
3.29442e+05  9.10000e-01  5.31786e-01
3.29261e+05  9.10500e-01  5.28283e-01
3.29081e+05  9.11000e-01  5.24728e-01
3.28900e+05  9.11500e-01  5.21195e-01
3.28720e+05  9.12000e-01  5.17788e-01
3.28540e+05  9.12500e-01  5.14263e-01
3.28360e+05  9.13000e-01  5.10741e-01
3.28180e+05  9.13500e-01  5.07171e-01
3.28001e+05  9.14000e-01  5.03668e-01
3.27821e+05  9.14500e-01  5.00113e-01
3.27642e+05  9.15000e-01  4.96632e-01
3.27463e+05  9.15500e-01  4.93136e-01
3.27284e+05  9.16000e-01  4.89707e-01
3.27106e+05  9.16500e-01  4.86223e-01
3.26927e+05  9.17000e-01  4.82719e-01
3.26749e+05  9.17500e-01  4.79168e-01
3.26571e+05  9.18000e-01  4.75654e-01
3.26394e+05  9.18500e-01  4.72150e-01
3.26216e+05  9.19000e-01  4.68599e-01
3.26039e+05  9.19500e-01  4.65100e-01
3.25861e+05  9.20000e-01  4.61567e-01
3.25684e+05  9.20500e-01  4.58119e-01
3.25508e+05  9.21000e-01  4.54672e-01
3.25331e+05  9.21500e-01  4.51287e-01
3.25155e+05  9.22000e-01  4.47854e-01
3.24978e+05  9.22500e-01  4.44421e-01
3.24802e+05  9.23000e-01  4.41044e-01
3.24626e+05  9.23500e-01  4.37578e-01
3.24451e+05  9.24000e-01  4.34264e-01
3.24275e+05  9.24500e-01  4.30924e-01
3.24100e+05  9.25000e-01  4.27591e-01
3.23925e+05  9.25500e-01  4.24303e-01
3.23750e+05  9.26000e-01  4.20985e-01
3.23575e+05  9.26500e-01  4.11469e-01
3.23401e+05  9.27000e-01  4.02023e-01
3.23226e+05  9.27500e-01  3.92633e-01
3.23052e+05  9.28000e-01  3.83321e-01
3.22878e+05  9.28500e-01  3.74179e-01
3.22704e+05  9.29000e-01  3.65123e-01
3.22531e+05  9.29500e-01  3.56115e-01
3.22357e+05  9.30000e-01  3.47218e-01
3.22184e+05  9.30500e-01  3.38384e-01
3.22011e+05  9.31000e-01  3.29631e-01
3.21838e+05  9.31500e-01  3.20994e-01
3.21666e+05  9.32000e-01  3.12441e-01
3.21493e+05  9.32500e-01  3.04026e-01
3.21321e+05  9.33000e-01  2.95689e-01
3.21149e+05  9.33500e-01  2.87459e-01
3.20977e+05  9.34000e-01  2.79293e-01
3.20805e+05  9.34500e-01  2.71189e-01
3.20634e+05  9.35000e-01  2.63159e-01
3.20462e+05  9.35500e-01  2.63233e-01
3.20291e+05  9.36000e-01  2.63270e-01
3.20120e+05  9.36500e-01  2.63233e-01
3.19949e+05  9.37000e-01  2.63215e-01
3.19779e+05  9.37500e-01  2.63107e-01
3.19608e+05  9.38000e-01  2.63022e-01
3.19438e+05  9.38500e-01  2.62859e-01
3.19268e+05  9.39000e-01  2.62729e-01
3.19098e+05  9.39500e-01  2.62566e-01
3.18928e+05  9.40000e-01  2.62344e-01
3.18759e+05  9.40500e-01  2.62099e-01
3.18589e+05  9.41000e-01  2.61806e-01
3.18420e+05  9.41500e-01  2.61502e-01
3.18251e+05  9.42000e-01  2.61198e-01
3.18082e+05  9.42500e-01  2.57254e-01
3.17914e+05  9.43000e-01  2.53361e-01
3.17745e+05  9.43500e-01  2.49447e-01
3.17577e+05  9.44000e-01  2.45584e-01
3.17409e+05  9.44500e-01  2.41758e-01
3.17241e+05  9.45000e-01  2.37992e-01
3.17073e+05  9.45500e-01  2.34266e-01
3.16905e+05  9.46000e-01  2.30548e-01
3.16738e+05  9.46500e-01  2.29851e-01
3.16571e+05  9.47000e-01  2.29143e-01
3.16404e+05  9.47500e-01  2.28346e-01
3.16237e+05  9.48000e-01  2.27516e-01
3.16070e+05  9.48500e-01  2.26689e-01
3.15904e+05  9.49000e-01  2.25888e-01
3.15737e+05  9.49500e-01  2.25002e-01
3.15571e+05  9.50000e-01  2.24083e-01
3.15405e+05  9.50500e-01  2.22630e-01
3.15239e+05  9.51000e-01  2.21165e-01
3.15074e+05  9.51500e-01  2.19690e-01
3.14908e+05  9.52000e-01  2.18229e-01
3.14743e+05  9.52500e-01  2.16758e-01
3.14578e+05  9.53000e-01  2.15315e-01
3.14413e+05  9.53500e-01  2.13847e-01
3.14248e+05  9.54000e-01  2.12379e-01
3.14083e+05  9.54500e-01  2.12869e-01
3.13919e+05  9.55000e-01  2.13314e-01
3.13755e+05  9.55500e-01  2.13733e-01
3.13590e+05  9.56000e-01  2.14126e-01
3.13427e+05  9.56500e-01  2.14437e-01
3.13263e+05  9.57000e-01  2.14715e-01
3.13099e+05  9.57500e-01  2.14997e-01
3.12936e+05  9.58000e-01  2.15252e-01
3.12773e+05  9.58500e-01  2.15827e-01
3.12609e+05  9.59000e-01  2.16324e-01
3.12447e+05  9.59500e-01  2.16824e-01
3.12284e+05  9.60000e-01  2.17284e-01
3.12121e+05  9.60500e-01  2.17718e-01
3.11959e+05  9.61000e-01  2.18114e-01
3.11797e+05  9.61500e-01  2.18492e-01
3.11635e+05  9.62000e-01  2.18785e-01
3.11473e+05  9.62500e-01  2.19193e-01
3.11311e+05  9.63000e-01  2.19542e-01
3.11149e+05  9.63500e-01  2.19864e-01
3.10988e+05  9.64000e-01  2.20153e-01
3.10827e+05  9.64500e-01  2.20391e-01
3.10666e+05  9.65000e-01  2.20591e-01
3.10505e+05  9.65500e-01  2.20709e-01
3.10344e+05  9.66000e-01  2.20802e-01
3.10184e+05  9.66500e-01  2.20880e-01
3.10023e+05  9.67000e-01  2.20902e-01
3.09863e+05  9.67500e-01  2.20895e-01
3.09703e+05  9.68000e-01  2.20832e-01
3.09543e+05  9.68500e-01  2.20728e-01
3.09383e+05  9.69000e-01  2.20594e-01
3.09224e+05  9.69500e-01  2.20446e-01
3.09064e+05  9.70000e-01  2.20209e-01
3.08905e+05  9.70500e-01  2.17466e-01
3.08746e+05  9.71000e-01  2.14711e-01
3.08587e+05  9.71500e-01  2.11949e-01
3.08428e+05  9.72000e-01  2.09195e-01
3.08270e+05  9.72500e-01  2.06500e-01
3.08111e+05  9.73000e-01  2.03827e-01
3.07953e+05  9.73500e-01  2.01125e-01
3.07795e+05  9.74000e-01  1.98407e-01
3.07637e+05  9.74500e-01  1.97117e-01
3.07479e+05  9.75000e-01  1.95812e-01
3.07322e+05  9.75500e-01  1.94482e-01
3.07164e+05  9.76000e-01  1.93143e-01
3.07007e+05  9.76500e-01  1.91798e-01
3.06850e+05  9.77000e-01  1.90419e-01
3.06693e+05  9.77500e-01  1.89028e-01
3.06536e+05  9.78000e-01  1.87623e-01
3.06380e+05  9.78500e-01  1.86211e-01
3.06223e+05  9.79000e-01  1.84773e-01
3.06067e+05  9.79500e-01  1.83323e-01
3.05911e+05  9.80000e-01  1.81837e-01
3.05755e+05  9.80500e-01  1.80346e-01
3.05599e+05  9.81000e-01  1.78823e-01
3.05443e+05  9.81500e-01  1.77314e-01
3.05288e+05  9.82000e-01  1.75768e-01
3.05132e+05  9.82500e-01  1.74241e-01
3.04977e+05  9.83000e-01  1.72688e-01
3.04822e+05  9.83500e-01  1.71123e-01
3.04667e+05  9.84000e-01  1.69548e-01
3.04512e+05  9.84500e-01  1.67961e-01
3.04358e+05  9.85000e-01  1.66363e-01
3.04203e+05  9.85500e-01  1.64736e-01
3.04049e+05  9.86000e-01  1.63105e-01
3.03895e+05  9.86500e-01  1.60992e-01
3.03741e+05  9.87000e-01  1.58875e-01
3.03587e+05  9.87500e-01  1.56743e-01
3.03434e+05  9.88000e-01  1.54616e-01
3.03280e+05  9.88500e-01  1.52510e-01
3.03127e+05  9.89000e-01  1.50393e-01
3.02974e+05  9.89500e-01  1.48295e-01
3.02821e+05  9.90000e-01  1.46200e-01
3.02668e+05  9.90500e-01  1.44098e-01
3.02515e+05  9.91000e-01  1.41997e-01
3.02363e+05  9.91500e-01  1.39895e-01
3.02210e+05  9.92000e-01  1.37800e-01
3.02058e+05  9.92500e-01  1.35713e-01
3.01906e+05  9.93000e-01  1.33633e-01
3.01754e+05  9.93500e-01  1.31557e-01
3.01602e+05  9.94000e-01  1.29470e-01
3.01450e+05  9.94500e-01  1.27409e-01
3.01299e+05  9.95000e-01  1.25355e-01
3.01148e+05  9.95500e-01  1.23291e-01
3.00996e+05  9.96000e-01  1.21244e-01
3.00845e+05  9.96500e-01  1.19213e-01
3.00695e+05  9.97000e-01  1.17170e-01
3.00544e+05  9.97500e-01  1.15150e-01
3.00393e+05  9.98000e-01  1.13118e-01
3.00243e+05  9.98500e-01  1.11079e-01
3.00093e+05  9.99000e-01  1.09070e-01
2.99942e+05  9.99500e-01  1.07046e-01
2.99792e+05  1.00000e+00  1.05033e-01
2.99643e+05  1.00050e+00  1.03039e-01
2.99493e+05  1.00100e+00  1.01059e-01
2.99343e+05  1.00150e+00  9.90721e-02
2.99194e+05  1.00200e+00  9.71148e-02
2.99045e+05  1.00250e+00  9.51352e-02
2.98896e+05  1.00300e+00  9.31852e-02
2.98747e+05  1.00350e+00  9.12390e-02
2.98598e+05  1.00400e+00  8.92854e-02
2.98449e+05  1.00450e+00  8.73429e-02
2.98301e+05  1.00500e+00  8.53966e-02
2.98153e+05  1.00550e+00  8.34541e-02
2.98004e+05  1.00600e+00  8.15153e-02
2.97856e+05  1.00650e+00  7.95876e-02
2.97708e+05  1.00700e+00  7.76636e-02
2.97561e+05  1.00750e+00  7.57397e-02
2.97413e+05  1.00800e+00  7.38231e-02
2.97266e+05  1.00850e+00  7.19102e-02
2.97118e+05  1.00900e+00  7.00048e-02
2.96971e+05  1.00950e+00  6.81030e-02
2.96824e+05  1.01000e+00  6.62050e-02
2.96677e+05  1.01050e+00  6.43107e-02
2.96531e+05  1.01100e+00  6.24164e-02
2.96384e+05  1.01150e+00  6.05183e-02
2.96238e+05  1.01200e+00  5.86314e-02
2.96091e+05  1.01250e+00  5.67630e-02
2.95945e+05  1.01300e+00  5.48984e-02
2.95799e+05  1.01350e+00  5.30300e-02
2.95653e+05  1.01400e+00  5.11579e-02
2.95508e+05  1.01450e+00  4.92969e-02
2.95362e+05  1.01500e+00  4.74360e-02
2.95217e+05  1.01550e+00  4.55787e-02
2.95071e+05  1.01600e+00  4.37215e-02
2.94926e+05  1.01650e+00  4.18679e-02
2.94781e+05  1.01700e+00  4.00218e-02
2.94636e+05  1.01750e+00  3.81720e-02
2.94492e+05  1.01800e+00  3.63221e-02
2.94347e+05  1.01850e+00  3.44797e-02
2.94203e+05  1.01900e+00  3.26410e-02
2.94058e+05  1.01950e+00  3.07948e-02
2.93914e+05  1.02000e+00  2.89561e-02
2.93770e+05  1.02050e+00  2.71174e-02
2.93626e+05  1.02100e+00  2.52787e-02
2.93483e+05  1.02150e+00  2.34511e-02
2.93339e+05  1.02200e+00  2.16198e-02
2.93196e+05  1.02250e+00  1.97922e-02
2.93052e+05  1.02300e+00  1.79646e-02
2.92909e+05  1.02350e+00  1.61370e-02
2.92766e+05  1.02400e+00  1.43094e-02
2.92623e+05  1.02450e+00  1.24818e-02
2.92480e+05  1.02500e+00  1.06579e-02
2.92338e+05  1.02550e+00  8.83030e-03
2.92195e+05  1.02600e+00  7.00641e-03
2.92053e+05  1.02650e+00  5.18623e-03
2.91911e+05  1.02700e+00  3.36234e-03
2.91769e+05  1.02750e+00  1.53844e-03
