GALEX_NUV
frq          wvl          transmission
[GHz]        [micron]                 
1.77392e+06  1.69000e-01  0.00000e+00
1.77287e+06  1.69100e-01  2.45000e-03
1.77182e+06  1.69200e-01  4.90000e-03
1.77078e+06  1.69300e-01  7.35000e-03
1.76973e+06  1.69400e-01  9.80000e-03
1.76869e+06  1.69500e-01  1.22500e-02
1.76764e+06  1.69600e-01  1.47000e-02
1.76660e+06  1.69700e-01  1.71500e-02
1.76556e+06  1.69800e-01  1.96000e-02
1.76452e+06  1.69900e-01  2.20500e-02
1.76349e+06  1.70000e-01  2.45000e-02
1.76245e+06  1.70100e-01  2.46760e-02
1.76141e+06  1.70200e-01  2.48520e-02
1.76038e+06  1.70300e-01  2.50280e-02
1.75935e+06  1.70400e-01  2.52040e-02
1.75831e+06  1.70500e-01  2.53800e-02
1.75728e+06  1.70600e-01  2.55560e-02
1.75625e+06  1.70700e-01  2.57320e-02
1.75523e+06  1.70800e-01  2.59080e-02
1.75420e+06  1.70900e-01  2.60840e-02
1.75317e+06  1.71000e-01  2.62600e-02
1.75215e+06  1.71100e-01  2.64360e-02
1.75112e+06  1.71200e-01  2.66120e-02
1.75010e+06  1.71300e-01  2.67880e-02
1.74908e+06  1.71400e-01  2.69640e-02
1.74806e+06  1.71500e-01  2.71400e-02
1.74704e+06  1.71600e-01  2.73160e-02
1.74602e+06  1.71700e-01  2.74920e-02
1.74501e+06  1.71800e-01  2.76680e-02
1.74399e+06  1.71900e-01  2.78440e-02
1.74298e+06  1.72000e-01  2.80200e-02
1.74197e+06  1.72100e-01  2.81960e-02
1.74096e+06  1.72200e-01  2.83720e-02
1.73994e+06  1.72300e-01  2.85480e-02
1.73894e+06  1.72400e-01  2.87240e-02
1.73793e+06  1.72500e-01  2.89000e-02
1.73692e+06  1.72600e-01  2.90760e-02
1.73591e+06  1.72700e-01  2.92520e-02
1.73491e+06  1.72800e-01  2.94280e-02
1.73391e+06  1.72900e-01  2.96040e-02
1.73290e+06  1.73000e-01  2.97800e-02
1.73190e+06  1.73100e-01  2.99560e-02
1.73090e+06  1.73200e-01  3.01320e-02
1.72990e+06  1.73300e-01  3.03080e-02
1.72891e+06  1.73400e-01  3.04840e-02
1.72791e+06  1.73500e-01  3.06600e-02
1.72692e+06  1.73600e-01  3.08360e-02
1.72592e+06  1.73700e-01  3.10120e-02
1.72493e+06  1.73800e-01  3.11880e-02
1.72394e+06  1.73900e-01  3.13640e-02
1.72295e+06  1.74000e-01  3.15400e-02
1.72196e+06  1.74100e-01  3.17160e-02
1.72097e+06  1.74200e-01  3.18920e-02
1.71998e+06  1.74300e-01  3.20680e-02
1.71899e+06  1.74400e-01  3.22440e-02
1.71801e+06  1.74500e-01  3.24200e-02
1.71702e+06  1.74600e-01  3.25960e-02
1.71604e+06  1.74700e-01  3.27720e-02
1.71506e+06  1.74800e-01  3.29480e-02
1.71408e+06  1.74900e-01  3.31240e-02
1.71310e+06  1.75000e-01  3.33000e-02
1.71212e+06  1.75100e-01  3.46720e-02
1.71114e+06  1.75200e-01  3.60440e-02
1.71017e+06  1.75300e-01  3.74160e-02
1.70919e+06  1.75400e-01  3.87880e-02
1.70822e+06  1.75500e-01  4.01600e-02
1.70725e+06  1.75600e-01  4.15320e-02
1.70627e+06  1.75700e-01  4.29040e-02
1.70530e+06  1.75800e-01  4.42760e-02
1.70433e+06  1.75900e-01  4.56480e-02
1.70337e+06  1.76000e-01  4.70200e-02
1.70240e+06  1.76100e-01  4.83920e-02
1.70143e+06  1.76200e-01  4.97640e-02
1.70047e+06  1.76300e-01  5.11360e-02
1.69950e+06  1.76400e-01  5.25080e-02
1.69854e+06  1.76500e-01  5.38800e-02
1.69758e+06  1.76600e-01  5.52520e-02
1.69662e+06  1.76700e-01  5.66240e-02
1.69566e+06  1.76800e-01  5.79960e-02
1.69470e+06  1.76900e-01  5.93680e-02
1.69374e+06  1.77000e-01  6.07400e-02
1.69279e+06  1.77100e-01  6.21120e-02
1.69183e+06  1.77200e-01  6.34840e-02
1.69088e+06  1.77300e-01  6.48560e-02
1.68992e+06  1.77400e-01  6.62280e-02
1.68897e+06  1.77500e-01  6.76000e-02
1.68802e+06  1.77600e-01  6.89720e-02
1.68707e+06  1.77700e-01  7.03440e-02
1.68612e+06  1.77800e-01  7.17160e-02
1.68517e+06  1.77900e-01  7.30880e-02
1.68423e+06  1.78000e-01  7.44600e-02
1.68328e+06  1.78100e-01  7.58320e-02
1.68234e+06  1.78200e-01  7.72040e-02
1.68139e+06  1.78300e-01  7.85760e-02
1.68045e+06  1.78400e-01  7.99480e-02
1.67951e+06  1.78500e-01  8.13200e-02
1.67857e+06  1.78600e-01  8.26920e-02
1.67763e+06  1.78700e-01  8.40640e-02
1.67669e+06  1.78800e-01  8.54360e-02
1.67575e+06  1.78900e-01  8.68080e-02
1.67482e+06  1.79000e-01  8.81800e-02
1.67388e+06  1.79100e-01  8.95520e-02
1.67295e+06  1.79200e-01  9.09240e-02
1.67202e+06  1.79300e-01  9.22960e-02
1.67108e+06  1.79400e-01  9.36680e-02
1.67015e+06  1.79500e-01  9.50400e-02
1.66922e+06  1.79600e-01  9.64120e-02
1.66829e+06  1.79700e-01  9.77840e-02
1.66737e+06  1.79800e-01  9.91560e-02
1.66644e+06  1.79900e-01  1.00528e-01
1.66551e+06  1.80000e-01  1.01900e-01
1.66459e+06  1.80100e-01  1.03380e-01
1.66367e+06  1.80200e-01  1.04860e-01
1.66274e+06  1.80300e-01  1.06340e-01
1.66182e+06  1.80400e-01  1.07820e-01
1.66090e+06  1.80500e-01  1.09300e-01
1.65998e+06  1.80600e-01  1.10780e-01
1.65906e+06  1.80700e-01  1.12260e-01
1.65814e+06  1.80800e-01  1.13740e-01
1.65723e+06  1.80900e-01  1.15220e-01
1.65631e+06  1.81000e-01  1.16700e-01
1.65540e+06  1.81100e-01  1.18180e-01
1.65448e+06  1.81200e-01  1.19660e-01
1.65357e+06  1.81300e-01  1.21140e-01
1.65266e+06  1.81400e-01  1.22620e-01
1.65175e+06  1.81500e-01  1.24100e-01
1.65084e+06  1.81600e-01  1.25580e-01
1.64993e+06  1.81700e-01  1.27060e-01
1.64902e+06  1.81800e-01  1.28540e-01
1.64812e+06  1.81900e-01  1.30020e-01
1.64721e+06  1.82000e-01  1.31500e-01
1.64631e+06  1.82100e-01  1.32980e-01
1.64540e+06  1.82200e-01  1.34460e-01
1.64450e+06  1.82300e-01  1.35940e-01
1.64360e+06  1.82400e-01  1.37420e-01
1.64270e+06  1.82500e-01  1.38900e-01
1.64180e+06  1.82600e-01  1.40380e-01
1.64090e+06  1.82700e-01  1.41860e-01
1.64000e+06  1.82800e-01  1.43340e-01
1.63911e+06  1.82900e-01  1.44820e-01
1.63821e+06  1.83000e-01  1.46300e-01
1.63732e+06  1.83100e-01  1.47780e-01
1.63642e+06  1.83200e-01  1.49260e-01
1.63553e+06  1.83300e-01  1.50740e-01
1.63464e+06  1.83400e-01  1.52220e-01
1.63375e+06  1.83500e-01  1.53700e-01
1.63286e+06  1.83600e-01  1.55180e-01
1.63197e+06  1.83700e-01  1.56660e-01
1.63108e+06  1.83800e-01  1.58140e-01
1.63019e+06  1.83900e-01  1.59620e-01
1.62931e+06  1.84000e-01  1.61100e-01
1.62842e+06  1.84100e-01  1.62580e-01
1.62754e+06  1.84200e-01  1.64060e-01
1.62665e+06  1.84300e-01  1.65540e-01
1.62577e+06  1.84400e-01  1.67020e-01
1.62489e+06  1.84500e-01  1.68500e-01
1.62401e+06  1.84600e-01  1.69980e-01
1.62313e+06  1.84700e-01  1.71460e-01
1.62225e+06  1.84800e-01  1.72940e-01
1.62138e+06  1.84900e-01  1.74420e-01
1.62050e+06  1.85000e-01  1.75900e-01
1.61962e+06  1.85100e-01  1.77720e-01
1.61875e+06  1.85200e-01  1.79540e-01
1.61788e+06  1.85300e-01  1.81360e-01
1.61700e+06  1.85400e-01  1.83180e-01
1.61613e+06  1.85500e-01  1.85000e-01
1.61526e+06  1.85600e-01  1.86820e-01
1.61439e+06  1.85700e-01  1.88640e-01
1.61352e+06  1.85800e-01  1.90460e-01
1.61265e+06  1.85900e-01  1.92280e-01
1.61179e+06  1.86000e-01  1.94100e-01
1.61092e+06  1.86100e-01  1.95920e-01
1.61006e+06  1.86200e-01  1.97740e-01
1.60919e+06  1.86300e-01  1.99560e-01
1.60833e+06  1.86400e-01  2.01380e-01
1.60747e+06  1.86500e-01  2.03200e-01
1.60660e+06  1.86600e-01  2.05020e-01
1.60574e+06  1.86700e-01  2.06840e-01
1.60488e+06  1.86800e-01  2.08660e-01
1.60403e+06  1.86900e-01  2.10480e-01
1.60317e+06  1.87000e-01  2.12300e-01
1.60231e+06  1.87100e-01  2.14120e-01
1.60146e+06  1.87200e-01  2.15940e-01
1.60060e+06  1.87300e-01  2.17760e-01
1.59975e+06  1.87400e-01  2.19580e-01
1.59889e+06  1.87500e-01  2.21400e-01
1.59804e+06  1.87600e-01  2.23220e-01
1.59719e+06  1.87700e-01  2.25040e-01
1.59634e+06  1.87800e-01  2.26860e-01
1.59549e+06  1.87900e-01  2.28680e-01
1.59464e+06  1.88000e-01  2.30500e-01
1.59379e+06  1.88100e-01  2.32320e-01
1.59295e+06  1.88200e-01  2.34140e-01
1.59210e+06  1.88300e-01  2.35960e-01
1.59126e+06  1.88400e-01  2.37780e-01
1.59041e+06  1.88500e-01  2.39600e-01
1.58957e+06  1.88600e-01  2.41420e-01
1.58873e+06  1.88700e-01  2.43240e-01
1.58788e+06  1.88800e-01  2.45060e-01
1.58704e+06  1.88900e-01  2.46880e-01
1.58620e+06  1.89000e-01  2.48700e-01
1.58536e+06  1.89100e-01  2.50520e-01
1.58453e+06  1.89200e-01  2.52340e-01
1.58369e+06  1.89300e-01  2.54160e-01
1.58285e+06  1.89400e-01  2.55980e-01
1.58202e+06  1.89500e-01  2.57800e-01
1.58118e+06  1.89600e-01  2.59620e-01
1.58035e+06  1.89700e-01  2.61440e-01
1.57952e+06  1.89800e-01  2.63260e-01
1.57869e+06  1.89900e-01  2.65080e-01
1.57786e+06  1.90000e-01  2.66900e-01
1.57703e+06  1.90100e-01  2.68236e-01
1.57620e+06  1.90200e-01  2.69572e-01
1.57537e+06  1.90300e-01  2.70908e-01
1.57454e+06  1.90400e-01  2.72244e-01
1.57371e+06  1.90500e-01  2.73580e-01
1.57289e+06  1.90600e-01  2.74916e-01
1.57206e+06  1.90700e-01  2.76252e-01
1.57124e+06  1.90800e-01  2.77588e-01
1.57042e+06  1.90900e-01  2.78924e-01
1.56959e+06  1.91000e-01  2.80260e-01
1.56877e+06  1.91100e-01  2.81596e-01
1.56795e+06  1.91200e-01  2.82932e-01
1.56713e+06  1.91300e-01  2.84268e-01
1.56631e+06  1.91400e-01  2.85604e-01
1.56550e+06  1.91500e-01  2.86940e-01
1.56468e+06  1.91600e-01  2.88276e-01
1.56386e+06  1.91700e-01  2.89612e-01
1.56305e+06  1.91800e-01  2.90948e-01
1.56223e+06  1.91900e-01  2.92284e-01
1.56142e+06  1.92000e-01  2.93620e-01
1.56061e+06  1.92100e-01  2.94956e-01
1.55979e+06  1.92200e-01  2.96292e-01
1.55898e+06  1.92300e-01  2.97628e-01
1.55817e+06  1.92400e-01  2.98964e-01
1.55736e+06  1.92500e-01  3.00300e-01
1.55655e+06  1.92600e-01  3.01636e-01
1.55575e+06  1.92700e-01  3.02972e-01
1.55494e+06  1.92800e-01  3.04308e-01
1.55413e+06  1.92900e-01  3.05644e-01
1.55333e+06  1.93000e-01  3.06980e-01
1.55252e+06  1.93100e-01  3.08316e-01
1.55172e+06  1.93200e-01  3.09652e-01
1.55092e+06  1.93300e-01  3.10988e-01
1.55012e+06  1.93400e-01  3.12324e-01
1.54932e+06  1.93500e-01  3.13660e-01
1.54851e+06  1.93600e-01  3.14996e-01
1.54772e+06  1.93700e-01  3.16332e-01
1.54692e+06  1.93800e-01  3.17668e-01
1.54612e+06  1.93900e-01  3.19004e-01
1.54532e+06  1.94000e-01  3.20340e-01
1.54453e+06  1.94100e-01  3.21676e-01
1.54373e+06  1.94200e-01  3.23012e-01
1.54294e+06  1.94300e-01  3.24348e-01
1.54214e+06  1.94400e-01  3.25684e-01
1.54135e+06  1.94500e-01  3.27020e-01
1.54056e+06  1.94600e-01  3.28356e-01
1.53977e+06  1.94700e-01  3.29692e-01
1.53898e+06  1.94800e-01  3.31028e-01
1.53819e+06  1.94900e-01  3.32364e-01
1.53740e+06  1.95000e-01  3.33700e-01
1.53661e+06  1.95100e-01  3.36012e-01
1.53582e+06  1.95200e-01  3.38324e-01
1.53504e+06  1.95300e-01  3.40636e-01
1.53425e+06  1.95400e-01  3.42948e-01
1.53347e+06  1.95500e-01  3.45260e-01
1.53268e+06  1.95600e-01  3.47572e-01
1.53190e+06  1.95700e-01  3.49884e-01
1.53112e+06  1.95800e-01  3.52196e-01
1.53033e+06  1.95900e-01  3.54508e-01
1.52955e+06  1.96000e-01  3.56820e-01
1.52877e+06  1.96100e-01  3.59132e-01
1.52799e+06  1.96200e-01  3.61444e-01
1.52722e+06  1.96300e-01  3.63756e-01
1.52644e+06  1.96400e-01  3.66068e-01
1.52566e+06  1.96500e-01  3.68380e-01
1.52489e+06  1.96600e-01  3.70692e-01
1.52411e+06  1.96700e-01  3.73004e-01
1.52334e+06  1.96800e-01  3.75316e-01
1.52256e+06  1.96900e-01  3.77628e-01
1.52179e+06  1.97000e-01  3.79940e-01
1.52102e+06  1.97100e-01  3.82252e-01
1.52025e+06  1.97200e-01  3.84564e-01
1.51948e+06  1.97300e-01  3.86876e-01
1.51871e+06  1.97400e-01  3.89188e-01
1.51794e+06  1.97500e-01  3.91500e-01
1.51717e+06  1.97600e-01  3.93812e-01
1.51640e+06  1.97700e-01  3.96124e-01
1.51563e+06  1.97800e-01  3.98436e-01
1.51487e+06  1.97900e-01  4.00748e-01
1.51410e+06  1.98000e-01  4.03060e-01
1.51334e+06  1.98100e-01  4.05372e-01
1.51258e+06  1.98200e-01  4.07684e-01
1.51181e+06  1.98300e-01  4.09996e-01
1.51105e+06  1.98400e-01  4.12308e-01
1.51029e+06  1.98500e-01  4.14620e-01
1.50953e+06  1.98600e-01  4.16932e-01
1.50877e+06  1.98700e-01  4.19244e-01
1.50801e+06  1.98800e-01  4.21556e-01
1.50725e+06  1.98900e-01  4.23868e-01
1.50649e+06  1.99000e-01  4.26180e-01
1.50574e+06  1.99100e-01  4.28492e-01
1.50498e+06  1.99200e-01  4.30804e-01
1.50423e+06  1.99300e-01  4.33116e-01
1.50347e+06  1.99400e-01  4.35428e-01
1.50272e+06  1.99500e-01  4.37740e-01
1.50197e+06  1.99600e-01  4.40052e-01
1.50121e+06  1.99700e-01  4.42364e-01
1.50046e+06  1.99800e-01  4.44676e-01
1.49971e+06  1.99900e-01  4.46988e-01
1.49896e+06  2.00000e-01  4.49300e-01
1.49821e+06  2.00100e-01  4.49736e-01
1.49746e+06  2.00200e-01  4.50172e-01
1.49672e+06  2.00300e-01  4.50608e-01
1.49597e+06  2.00400e-01  4.51044e-01
1.49522e+06  2.00500e-01  4.51480e-01
1.49448e+06  2.00600e-01  4.51916e-01
1.49373e+06  2.00700e-01  4.52352e-01
1.49299e+06  2.00800e-01  4.52788e-01
1.49225e+06  2.00900e-01  4.53224e-01
1.49150e+06  2.01000e-01  4.53660e-01
1.49076e+06  2.01100e-01  4.54096e-01
1.49002e+06  2.01200e-01  4.54532e-01
1.48928e+06  2.01300e-01  4.54968e-01
1.48854e+06  2.01400e-01  4.55404e-01
1.48780e+06  2.01500e-01  4.55840e-01
1.48707e+06  2.01600e-01  4.56276e-01
1.48633e+06  2.01700e-01  4.56712e-01
1.48559e+06  2.01800e-01  4.57148e-01
1.48486e+06  2.01900e-01  4.57584e-01
1.48412e+06  2.02000e-01  4.58020e-01
1.48339e+06  2.02100e-01  4.58456e-01
1.48265e+06  2.02200e-01  4.58892e-01
1.48192e+06  2.02300e-01  4.59328e-01
1.48119e+06  2.02400e-01  4.59764e-01
1.48046e+06  2.02500e-01  4.60200e-01
1.47973e+06  2.02600e-01  4.60636e-01
1.47900e+06  2.02700e-01  4.61072e-01
1.47827e+06  2.02800e-01  4.61508e-01
1.47754e+06  2.02900e-01  4.61944e-01
1.47681e+06  2.03000e-01  4.62380e-01
1.47608e+06  2.03100e-01  4.62816e-01
1.47536e+06  2.03200e-01  4.63252e-01
1.47463e+06  2.03300e-01  4.63688e-01
1.47391e+06  2.03400e-01  4.64124e-01
1.47318e+06  2.03500e-01  4.64560e-01
1.47246e+06  2.03600e-01  4.64996e-01
1.47174e+06  2.03700e-01  4.65432e-01
1.47101e+06  2.03800e-01  4.65868e-01
1.47029e+06  2.03900e-01  4.66304e-01
1.46957e+06  2.04000e-01  4.66740e-01
1.46885e+06  2.04100e-01  4.67176e-01
1.46813e+06  2.04200e-01  4.67612e-01
1.46741e+06  2.04300e-01  4.68048e-01
1.46670e+06  2.04400e-01  4.68484e-01
1.46598e+06  2.04500e-01  4.68920e-01
1.46526e+06  2.04600e-01  4.69356e-01
1.46455e+06  2.04700e-01  4.69792e-01
1.46383e+06  2.04800e-01  4.70228e-01
1.46312e+06  2.04900e-01  4.70664e-01
1.46240e+06  2.05000e-01  4.71100e-01
1.46169e+06  2.05100e-01  4.72198e-01
1.46098e+06  2.05200e-01  4.73296e-01
1.46027e+06  2.05300e-01  4.74394e-01
1.45955e+06  2.05400e-01  4.75492e-01
1.45884e+06  2.05500e-01  4.76590e-01
1.45813e+06  2.05600e-01  4.77688e-01
1.45743e+06  2.05700e-01  4.78786e-01
1.45672e+06  2.05800e-01  4.79884e-01
1.45601e+06  2.05900e-01  4.80982e-01
1.45530e+06  2.06000e-01  4.82080e-01
1.45460e+06  2.06100e-01  4.83178e-01
1.45389e+06  2.06200e-01  4.84276e-01
1.45319e+06  2.06300e-01  4.85374e-01
1.45248e+06  2.06400e-01  4.86472e-01
1.45178e+06  2.06500e-01  4.87570e-01
1.45108e+06  2.06600e-01  4.88668e-01
1.45037e+06  2.06700e-01  4.89766e-01
1.44967e+06  2.06800e-01  4.90864e-01
1.44897e+06  2.06900e-01  4.91962e-01
1.44827e+06  2.07000e-01  4.93060e-01
1.44757e+06  2.07100e-01  4.94158e-01
1.44687e+06  2.07200e-01  4.95256e-01
1.44618e+06  2.07300e-01  4.96354e-01
1.44548e+06  2.07400e-01  4.97452e-01
1.44478e+06  2.07500e-01  4.98550e-01
1.44409e+06  2.07600e-01  4.99648e-01
1.44339e+06  2.07700e-01  5.00746e-01
1.44270e+06  2.07800e-01  5.01844e-01
1.44200e+06  2.07900e-01  5.02942e-01
1.44131e+06  2.08000e-01  5.04040e-01
1.44062e+06  2.08100e-01  5.05138e-01
1.43993e+06  2.08200e-01  5.06236e-01
1.43923e+06  2.08300e-01  5.07334e-01
1.43854e+06  2.08400e-01  5.08432e-01
1.43785e+06  2.08500e-01  5.09530e-01
1.43716e+06  2.08600e-01  5.10628e-01
1.43648e+06  2.08700e-01  5.11726e-01
1.43579e+06  2.08800e-01  5.12824e-01
1.43510e+06  2.08900e-01  5.13922e-01
1.43441e+06  2.09000e-01  5.15020e-01
1.43373e+06  2.09100e-01  5.16118e-01
1.43304e+06  2.09200e-01  5.17216e-01
1.43236e+06  2.09300e-01  5.18314e-01
1.43167e+06  2.09400e-01  5.19412e-01
1.43099e+06  2.09500e-01  5.20510e-01
1.43031e+06  2.09600e-01  5.21608e-01
1.42963e+06  2.09700e-01  5.22706e-01
1.42894e+06  2.09800e-01  5.23804e-01
1.42826e+06  2.09900e-01  5.24902e-01
1.42758e+06  2.10000e-01  5.26000e-01
1.42690e+06  2.10100e-01  5.27380e-01
1.42622e+06  2.10200e-01  5.28760e-01
1.42555e+06  2.10300e-01  5.30140e-01
1.42487e+06  2.10400e-01  5.31520e-01
1.42419e+06  2.10500e-01  5.32900e-01
1.42352e+06  2.10600e-01  5.34280e-01
1.42284e+06  2.10700e-01  5.35660e-01
1.42217e+06  2.10800e-01  5.37040e-01
1.42149e+06  2.10900e-01  5.38420e-01
1.42082e+06  2.11000e-01  5.39800e-01
1.42014e+06  2.11100e-01  5.41180e-01
1.41947e+06  2.11200e-01  5.42560e-01
1.41880e+06  2.11300e-01  5.43940e-01
1.41813e+06  2.11400e-01  5.45320e-01
1.41746e+06  2.11500e-01  5.46700e-01
1.41679e+06  2.11600e-01  5.48080e-01
1.41612e+06  2.11700e-01  5.49460e-01
1.41545e+06  2.11800e-01  5.50840e-01
1.41478e+06  2.11900e-01  5.52220e-01
1.41412e+06  2.12000e-01  5.53600e-01
1.41345e+06  2.12100e-01  5.54980e-01
1.41278e+06  2.12200e-01  5.56360e-01
1.41212e+06  2.12300e-01  5.57740e-01
1.41145e+06  2.12400e-01  5.59120e-01
1.41079e+06  2.12500e-01  5.60500e-01
1.41012e+06  2.12600e-01  5.61880e-01
1.40946e+06  2.12700e-01  5.63260e-01
1.40880e+06  2.12800e-01  5.64640e-01
1.40814e+06  2.12900e-01  5.66020e-01
1.40748e+06  2.13000e-01  5.67400e-01
1.40682e+06  2.13100e-01  5.68780e-01
1.40616e+06  2.13200e-01  5.70160e-01
1.40550e+06  2.13300e-01  5.71540e-01
1.40484e+06  2.13400e-01  5.72920e-01
1.40418e+06  2.13500e-01  5.74300e-01
1.40352e+06  2.13600e-01  5.75680e-01
1.40287e+06  2.13700e-01  5.77060e-01
1.40221e+06  2.13800e-01  5.78440e-01
1.40155e+06  2.13900e-01  5.79820e-01
1.40090e+06  2.14000e-01  5.81200e-01
1.40025e+06  2.14100e-01  5.82580e-01
1.39959e+06  2.14200e-01  5.83960e-01
1.39894e+06  2.14300e-01  5.85340e-01
1.39829e+06  2.14400e-01  5.86720e-01
1.39763e+06  2.14500e-01  5.88100e-01
1.39698e+06  2.14600e-01  5.89480e-01
1.39633e+06  2.14700e-01  5.90860e-01
1.39568e+06  2.14800e-01  5.92240e-01
1.39503e+06  2.14900e-01  5.93620e-01
1.39438e+06  2.15000e-01  5.95000e-01
1.39374e+06  2.15100e-01  5.95432e-01
1.39309e+06  2.15200e-01  5.95864e-01
1.39244e+06  2.15300e-01  5.96296e-01
1.39179e+06  2.15400e-01  5.96728e-01
1.39115e+06  2.15500e-01  5.97160e-01
1.39050e+06  2.15600e-01  5.97592e-01
1.38986e+06  2.15700e-01  5.98024e-01
1.38921e+06  2.15800e-01  5.98456e-01
1.38857e+06  2.15900e-01  5.98888e-01
1.38793e+06  2.16000e-01  5.99320e-01
1.38729e+06  2.16100e-01  5.99752e-01
1.38664e+06  2.16200e-01  6.00184e-01
1.38600e+06  2.16300e-01  6.00616e-01
1.38536e+06  2.16400e-01  6.01048e-01
1.38472e+06  2.16500e-01  6.01480e-01
1.38408e+06  2.16600e-01  6.01912e-01
1.38344e+06  2.16700e-01  6.02344e-01
1.38281e+06  2.16800e-01  6.02776e-01
1.38217e+06  2.16900e-01  6.03208e-01
1.38153e+06  2.17000e-01  6.03640e-01
1.38090e+06  2.17100e-01  6.04072e-01
1.38026e+06  2.17200e-01  6.04504e-01
1.37962e+06  2.17300e-01  6.04936e-01
1.37899e+06  2.17400e-01  6.05368e-01
1.37836e+06  2.17500e-01  6.05800e-01
1.37772e+06  2.17600e-01  6.06232e-01
1.37709e+06  2.17700e-01  6.06664e-01
1.37646e+06  2.17800e-01  6.07096e-01
1.37583e+06  2.17900e-01  6.07528e-01
1.37519e+06  2.18000e-01  6.07960e-01
1.37456e+06  2.18100e-01  6.08392e-01
1.37393e+06  2.18200e-01  6.08824e-01
1.37330e+06  2.18300e-01  6.09256e-01
1.37268e+06  2.18400e-01  6.09688e-01
1.37205e+06  2.18500e-01  6.10120e-01
1.37142e+06  2.18600e-01  6.10552e-01
1.37079e+06  2.18700e-01  6.10984e-01
1.37017e+06  2.18800e-01  6.11416e-01
1.36954e+06  2.18900e-01  6.11848e-01
1.36892e+06  2.19000e-01  6.12280e-01
1.36829e+06  2.19100e-01  6.12712e-01
1.36767e+06  2.19200e-01  6.13144e-01
1.36704e+06  2.19300e-01  6.13576e-01
1.36642e+06  2.19400e-01  6.14008e-01
1.36580e+06  2.19500e-01  6.14440e-01
1.36518e+06  2.19600e-01  6.14872e-01
1.36455e+06  2.19700e-01  6.15304e-01
1.36393e+06  2.19800e-01  6.15736e-01
1.36331e+06  2.19900e-01  6.16168e-01
1.36269e+06  2.20000e-01  6.16600e-01
1.36207e+06  2.20100e-01  6.15552e-01
1.36146e+06  2.20200e-01  6.14504e-01
1.36084e+06  2.20300e-01  6.13456e-01
1.36022e+06  2.20400e-01  6.12408e-01
1.35960e+06  2.20500e-01  6.11360e-01
1.35899e+06  2.20600e-01  6.10312e-01
1.35837e+06  2.20700e-01  6.09264e-01
1.35776e+06  2.20800e-01  6.08216e-01
1.35714e+06  2.20900e-01  6.07168e-01
1.35653e+06  2.21000e-01  6.06120e-01
1.35591e+06  2.21100e-01  6.05072e-01
1.35530e+06  2.21200e-01  6.04024e-01
1.35469e+06  2.21300e-01  6.02976e-01
1.35408e+06  2.21400e-01  6.01928e-01
1.35346e+06  2.21500e-01  6.00880e-01
1.35285e+06  2.21600e-01  5.99832e-01
1.35224e+06  2.21700e-01  5.98784e-01
1.35163e+06  2.21800e-01  5.97736e-01
1.35103e+06  2.21900e-01  5.96688e-01
1.35042e+06  2.22000e-01  5.95640e-01
1.34981e+06  2.22100e-01  5.94592e-01
1.34920e+06  2.22200e-01  5.93544e-01
1.34859e+06  2.22300e-01  5.92496e-01
1.34799e+06  2.22400e-01  5.91448e-01
1.34738e+06  2.22500e-01  5.90400e-01
1.34678e+06  2.22600e-01  5.89352e-01
1.34617e+06  2.22700e-01  5.88304e-01
1.34557e+06  2.22800e-01  5.87256e-01
1.34496e+06  2.22900e-01  5.86208e-01
1.34436e+06  2.23000e-01  5.85160e-01
1.34376e+06  2.23100e-01  5.84112e-01
1.34316e+06  2.23200e-01  5.83064e-01
1.34255e+06  2.23300e-01  5.82016e-01
1.34195e+06  2.23400e-01  5.80968e-01
1.34135e+06  2.23500e-01  5.79920e-01
1.34075e+06  2.23600e-01  5.78872e-01
1.34015e+06  2.23700e-01  5.77824e-01
1.33956e+06  2.23800e-01  5.76776e-01
1.33896e+06  2.23900e-01  5.75728e-01
1.33836e+06  2.24000e-01  5.74680e-01
1.33776e+06  2.24100e-01  5.73632e-01
1.33717e+06  2.24200e-01  5.72584e-01
1.33657e+06  2.24300e-01  5.71536e-01
1.33597e+06  2.24400e-01  5.70488e-01
1.33538e+06  2.24500e-01  5.69440e-01
1.33478e+06  2.24600e-01  5.68392e-01
1.33419e+06  2.24700e-01  5.67344e-01
1.33360e+06  2.24800e-01  5.66296e-01
1.33300e+06  2.24900e-01  5.65248e-01
1.33241e+06  2.25000e-01  5.64200e-01
1.33182e+06  2.25100e-01  5.63528e-01
1.33123e+06  2.25200e-01  5.62856e-01
1.33064e+06  2.25300e-01  5.62184e-01
1.33005e+06  2.25400e-01  5.61512e-01
1.32946e+06  2.25500e-01  5.60840e-01
1.32887e+06  2.25600e-01  5.60168e-01
1.32828e+06  2.25700e-01  5.59496e-01
1.32769e+06  2.25800e-01  5.58824e-01
1.32710e+06  2.25900e-01  5.58152e-01
1.32652e+06  2.26000e-01  5.57480e-01
1.32593e+06  2.26100e-01  5.56808e-01
1.32534e+06  2.26200e-01  5.56136e-01
1.32476e+06  2.26300e-01  5.55464e-01
1.32417e+06  2.26400e-01  5.54792e-01
1.32359e+06  2.26500e-01  5.54120e-01
1.32300e+06  2.26600e-01  5.53448e-01
1.32242e+06  2.26700e-01  5.52776e-01
1.32184e+06  2.26800e-01  5.52104e-01
1.32125e+06  2.26900e-01  5.51432e-01
1.32067e+06  2.27000e-01  5.50760e-01
1.32009e+06  2.27100e-01  5.50088e-01
1.31951e+06  2.27200e-01  5.49416e-01
1.31893e+06  2.27300e-01  5.48744e-01
1.31835e+06  2.27400e-01  5.48072e-01
1.31777e+06  2.27500e-01  5.47400e-01
1.31719e+06  2.27600e-01  5.46728e-01
1.31661e+06  2.27700e-01  5.46056e-01
1.31603e+06  2.27800e-01  5.45384e-01
1.31546e+06  2.27900e-01  5.44712e-01
1.31488e+06  2.28000e-01  5.44040e-01
1.31430e+06  2.28100e-01  5.43368e-01
1.31373e+06  2.28200e-01  5.42696e-01
1.31315e+06  2.28300e-01  5.42024e-01
1.31258e+06  2.28400e-01  5.41352e-01
1.31200e+06  2.28500e-01  5.40680e-01
1.31143e+06  2.28600e-01  5.40008e-01
1.31085e+06  2.28700e-01  5.39336e-01
1.31028e+06  2.28800e-01  5.38664e-01
1.30971e+06  2.28900e-01  5.37992e-01
1.30914e+06  2.29000e-01  5.37320e-01
1.30857e+06  2.29100e-01  5.36648e-01
1.30800e+06  2.29200e-01  5.35976e-01
1.30742e+06  2.29300e-01  5.35304e-01
1.30685e+06  2.29400e-01  5.34632e-01
1.30629e+06  2.29500e-01  5.33960e-01
1.30572e+06  2.29600e-01  5.33288e-01
1.30515e+06  2.29700e-01  5.32616e-01
1.30458e+06  2.29800e-01  5.31944e-01
1.30401e+06  2.29900e-01  5.31272e-01
1.30345e+06  2.30000e-01  5.30600e-01
1.30288e+06  2.30100e-01  5.29518e-01
1.30231e+06  2.30200e-01  5.28436e-01
1.30175e+06  2.30300e-01  5.27354e-01
1.30118e+06  2.30400e-01  5.26272e-01
1.30062e+06  2.30500e-01  5.25190e-01
1.30005e+06  2.30600e-01  5.24108e-01
1.29949e+06  2.30700e-01  5.23026e-01
1.29893e+06  2.30800e-01  5.21944e-01
1.29836e+06  2.30900e-01  5.20862e-01
1.29780e+06  2.31000e-01  5.19780e-01
1.29724e+06  2.31100e-01  5.18698e-01
1.29668e+06  2.31200e-01  5.17616e-01
1.29612e+06  2.31300e-01  5.16534e-01
1.29556e+06  2.31400e-01  5.15452e-01
1.29500e+06  2.31500e-01  5.14370e-01
1.29444e+06  2.31600e-01  5.13288e-01
1.29388e+06  2.31700e-01  5.12206e-01
1.29332e+06  2.31800e-01  5.11124e-01
1.29277e+06  2.31900e-01  5.10042e-01
1.29221e+06  2.32000e-01  5.08960e-01
1.29165e+06  2.32100e-01  5.07878e-01
1.29110e+06  2.32200e-01  5.06796e-01
1.29054e+06  2.32300e-01  5.05714e-01
1.28998e+06  2.32400e-01  5.04632e-01
1.28943e+06  2.32500e-01  5.03550e-01
1.28888e+06  2.32600e-01  5.02468e-01
1.28832e+06  2.32700e-01  5.01386e-01
1.28777e+06  2.32800e-01  5.00304e-01
1.28722e+06  2.32900e-01  4.99222e-01
1.28666e+06  2.33000e-01  4.98140e-01
1.28611e+06  2.33100e-01  4.97058e-01
1.28556e+06  2.33200e-01  4.95976e-01
1.28501e+06  2.33300e-01  4.94894e-01
1.28446e+06  2.33400e-01  4.93812e-01
1.28391e+06  2.33500e-01  4.92730e-01
1.28336e+06  2.33600e-01  4.91648e-01
1.28281e+06  2.33700e-01  4.90566e-01
1.28226e+06  2.33800e-01  4.89484e-01
1.28171e+06  2.33900e-01  4.88402e-01
1.28116e+06  2.34000e-01  4.87320e-01
1.28062e+06  2.34100e-01  4.86238e-01
1.28007e+06  2.34200e-01  4.85156e-01
1.27952e+06  2.34300e-01  4.84074e-01
1.27898e+06  2.34400e-01  4.82992e-01
1.27843e+06  2.34500e-01  4.81910e-01
1.27789e+06  2.34600e-01  4.80828e-01
1.27734e+06  2.34700e-01  4.79746e-01
1.27680e+06  2.34800e-01  4.78664e-01
1.27626e+06  2.34900e-01  4.77582e-01
1.27571e+06  2.35000e-01  4.76500e-01
1.27517e+06  2.35100e-01  4.77116e-01
1.27463e+06  2.35200e-01  4.77732e-01
1.27409e+06  2.35300e-01  4.78348e-01
1.27354e+06  2.35400e-01  4.78964e-01
1.27300e+06  2.35500e-01  4.79580e-01
1.27246e+06  2.35600e-01  4.80196e-01
1.27192e+06  2.35700e-01  4.80812e-01
1.27138e+06  2.35800e-01  4.81428e-01
1.27085e+06  2.35900e-01  4.82044e-01
1.27031e+06  2.36000e-01  4.82660e-01
1.26977e+06  2.36100e-01  4.83276e-01
1.26923e+06  2.36200e-01  4.83892e-01
1.26869e+06  2.36300e-01  4.84508e-01
1.26816e+06  2.36400e-01  4.85124e-01
1.26762e+06  2.36500e-01  4.85740e-01
1.26709e+06  2.36600e-01  4.86356e-01
1.26655e+06  2.36700e-01  4.86972e-01
1.26602e+06  2.36800e-01  4.87588e-01
1.26548e+06  2.36900e-01  4.88204e-01
1.26495e+06  2.37000e-01  4.88820e-01
1.26441e+06  2.37100e-01  4.89436e-01
1.26388e+06  2.37200e-01  4.90052e-01
1.26335e+06  2.37300e-01  4.90668e-01
1.26282e+06  2.37400e-01  4.91284e-01
1.26228e+06  2.37500e-01  4.91900e-01
1.26175e+06  2.37600e-01  4.92516e-01
1.26122e+06  2.37700e-01  4.93132e-01
1.26069e+06  2.37800e-01  4.93748e-01
1.26016e+06  2.37900e-01  4.94364e-01
1.25963e+06  2.38000e-01  4.94980e-01
1.25910e+06  2.38100e-01  4.95596e-01
1.25857e+06  2.38200e-01  4.96212e-01
1.25805e+06  2.38300e-01  4.96828e-01
1.25752e+06  2.38400e-01  4.97444e-01
1.25699e+06  2.38500e-01  4.98060e-01
1.25646e+06  2.38600e-01  4.98676e-01
1.25594e+06  2.38700e-01  4.99292e-01
1.25541e+06  2.38800e-01  4.99908e-01
1.25489e+06  2.38900e-01  5.00524e-01
1.25436e+06  2.39000e-01  5.01140e-01
1.25384e+06  2.39100e-01  5.01756e-01
1.25331e+06  2.39200e-01  5.02372e-01
1.25279e+06  2.39300e-01  5.02988e-01
1.25227e+06  2.39400e-01  5.03604e-01
1.25174e+06  2.39500e-01  5.04220e-01
1.25122e+06  2.39600e-01  5.04836e-01
1.25070e+06  2.39700e-01  5.05452e-01
1.25018e+06  2.39800e-01  5.06068e-01
1.24966e+06  2.39900e-01  5.06684e-01
1.24914e+06  2.40000e-01  5.07300e-01
1.24861e+06  2.40100e-01  5.07848e-01
1.24810e+06  2.40200e-01  5.08396e-01
1.24758e+06  2.40300e-01  5.08944e-01
1.24706e+06  2.40400e-01  5.09492e-01
1.24654e+06  2.40500e-01  5.10040e-01
1.24602e+06  2.40600e-01  5.10588e-01
1.24550e+06  2.40700e-01  5.11136e-01
1.24499e+06  2.40800e-01  5.11684e-01
1.24447e+06  2.40900e-01  5.12232e-01
1.24395e+06  2.41000e-01  5.12780e-01
1.24344e+06  2.41100e-01  5.13328e-01
1.24292e+06  2.41200e-01  5.13876e-01
1.24241e+06  2.41300e-01  5.14424e-01
1.24189e+06  2.41400e-01  5.14972e-01
1.24138e+06  2.41500e-01  5.15520e-01
1.24086e+06  2.41600e-01  5.16068e-01
1.24035e+06  2.41700e-01  5.16616e-01
1.23984e+06  2.41800e-01  5.17164e-01
1.23932e+06  2.41900e-01  5.17712e-01
1.23881e+06  2.42000e-01  5.18260e-01
1.23830e+06  2.42100e-01  5.18808e-01
1.23779e+06  2.42200e-01  5.19356e-01
1.23728e+06  2.42300e-01  5.19904e-01
1.23677e+06  2.42400e-01  5.20452e-01
1.23626e+06  2.42500e-01  5.21000e-01
1.23575e+06  2.42600e-01  5.21548e-01
1.23524e+06  2.42700e-01  5.22096e-01
1.23473e+06  2.42800e-01  5.22644e-01
1.23422e+06  2.42900e-01  5.23192e-01
1.23371e+06  2.43000e-01  5.23740e-01
1.23321e+06  2.43100e-01  5.24288e-01
1.23270e+06  2.43200e-01  5.24836e-01
1.23219e+06  2.43300e-01  5.25384e-01
1.23169e+06  2.43400e-01  5.25932e-01
1.23118e+06  2.43500e-01  5.26480e-01
1.23068e+06  2.43600e-01  5.27028e-01
1.23017e+06  2.43700e-01  5.27576e-01
1.22967e+06  2.43800e-01  5.28124e-01
1.22916e+06  2.43900e-01  5.28672e-01
1.22866e+06  2.44000e-01  5.29220e-01
1.22815e+06  2.44100e-01  5.29768e-01
1.22765e+06  2.44200e-01  5.30316e-01
1.22715e+06  2.44300e-01  5.30864e-01
1.22665e+06  2.44400e-01  5.31412e-01
1.22615e+06  2.44500e-01  5.31960e-01
1.22564e+06  2.44600e-01  5.32508e-01
1.22514e+06  2.44700e-01  5.33056e-01
1.22464e+06  2.44800e-01  5.33604e-01
1.22414e+06  2.44900e-01  5.34152e-01
1.22364e+06  2.45000e-01  5.34700e-01
1.22314e+06  2.45100e-01  5.34508e-01
1.22264e+06  2.45200e-01  5.34316e-01
1.22215e+06  2.45300e-01  5.34124e-01
1.22165e+06  2.45400e-01  5.33932e-01
1.22115e+06  2.45500e-01  5.33740e-01
1.22065e+06  2.45600e-01  5.33548e-01
1.22016e+06  2.45700e-01  5.33356e-01
1.21966e+06  2.45800e-01  5.33164e-01
1.21916e+06  2.45900e-01  5.32972e-01
1.21867e+06  2.46000e-01  5.32780e-01
1.21817e+06  2.46100e-01  5.32588e-01
1.21768e+06  2.46200e-01  5.32396e-01
1.21718e+06  2.46300e-01  5.32204e-01
1.21669e+06  2.46400e-01  5.32012e-01
1.21620e+06  2.46500e-01  5.31820e-01
1.21570e+06  2.46600e-01  5.31628e-01
1.21521e+06  2.46700e-01  5.31436e-01
1.21472e+06  2.46800e-01  5.31244e-01
1.21423e+06  2.46900e-01  5.31052e-01
1.21373e+06  2.47000e-01  5.30860e-01
1.21324e+06  2.47100e-01  5.30668e-01
1.21275e+06  2.47200e-01  5.30476e-01
1.21226e+06  2.47300e-01  5.30284e-01
1.21177e+06  2.47400e-01  5.30092e-01
1.21128e+06  2.47500e-01  5.29900e-01
1.21079e+06  2.47600e-01  5.29708e-01
1.21030e+06  2.47700e-01  5.29516e-01
1.20982e+06  2.47800e-01  5.29324e-01
1.20933e+06  2.47900e-01  5.29132e-01
1.20884e+06  2.48000e-01  5.28940e-01
1.20835e+06  2.48100e-01  5.28748e-01
1.20787e+06  2.48200e-01  5.28556e-01
1.20738e+06  2.48300e-01  5.28364e-01
1.20689e+06  2.48400e-01  5.28172e-01
1.20641e+06  2.48500e-01  5.27980e-01
1.20592e+06  2.48600e-01  5.27788e-01
1.20544e+06  2.48700e-01  5.27596e-01
1.20495e+06  2.48800e-01  5.27404e-01
1.20447e+06  2.48900e-01  5.27212e-01
1.20399e+06  2.49000e-01  5.27020e-01
1.20350e+06  2.49100e-01  5.26828e-01
1.20302e+06  2.49200e-01  5.26636e-01
1.20254e+06  2.49300e-01  5.26444e-01
1.20205e+06  2.49400e-01  5.26252e-01
1.20157e+06  2.49500e-01  5.26060e-01
1.20109e+06  2.49600e-01  5.25868e-01
1.20061e+06  2.49700e-01  5.25676e-01
1.20013e+06  2.49800e-01  5.25484e-01
1.19965e+06  2.49900e-01  5.25292e-01
1.19917e+06  2.50000e-01  5.25100e-01
1.19869e+06  2.50100e-01  5.24924e-01
1.19821e+06  2.50200e-01  5.24748e-01
1.19773e+06  2.50300e-01  5.24572e-01
1.19725e+06  2.50400e-01  5.24396e-01
1.19678e+06  2.50500e-01  5.24220e-01
1.19630e+06  2.50600e-01  5.24044e-01
1.19582e+06  2.50700e-01  5.23868e-01
1.19534e+06  2.50800e-01  5.23692e-01
1.19487e+06  2.50900e-01  5.23516e-01
1.19439e+06  2.51000e-01  5.23340e-01
1.19392e+06  2.51100e-01  5.23164e-01
1.19344e+06  2.51200e-01  5.22988e-01
1.19297e+06  2.51300e-01  5.22812e-01
1.19249e+06  2.51400e-01  5.22636e-01
1.19202e+06  2.51500e-01  5.22460e-01
1.19154e+06  2.51600e-01  5.22284e-01
1.19107e+06  2.51700e-01  5.22108e-01
1.19060e+06  2.51800e-01  5.21932e-01
1.19012e+06  2.51900e-01  5.21756e-01
1.18965e+06  2.52000e-01  5.21580e-01
1.18918e+06  2.52100e-01  5.21404e-01
1.18871e+06  2.52200e-01  5.21228e-01
1.18824e+06  2.52300e-01  5.21052e-01
1.18777e+06  2.52400e-01  5.20876e-01
1.18730e+06  2.52500e-01  5.20700e-01
1.18683e+06  2.52600e-01  5.20524e-01
1.18636e+06  2.52700e-01  5.20348e-01
1.18589e+06  2.52800e-01  5.20172e-01
1.18542e+06  2.52900e-01  5.19996e-01
1.18495e+06  2.53000e-01  5.19820e-01
1.18448e+06  2.53100e-01  5.19644e-01
1.18401e+06  2.53200e-01  5.19468e-01
1.18355e+06  2.53300e-01  5.19292e-01
1.18308e+06  2.53400e-01  5.19116e-01
1.18261e+06  2.53500e-01  5.18940e-01
1.18215e+06  2.53600e-01  5.18764e-01
1.18168e+06  2.53700e-01  5.18588e-01
1.18122e+06  2.53800e-01  5.18412e-01
1.18075e+06  2.53900e-01  5.18236e-01
1.18029e+06  2.54000e-01  5.18060e-01
1.17982e+06  2.54100e-01  5.17884e-01
1.17936e+06  2.54200e-01  5.17708e-01
1.17889e+06  2.54300e-01  5.17532e-01
1.17843e+06  2.54400e-01  5.17356e-01
1.17797e+06  2.54500e-01  5.17180e-01
1.17750e+06  2.54600e-01  5.17004e-01
1.17704e+06  2.54700e-01  5.16828e-01
1.17658e+06  2.54800e-01  5.16652e-01
1.17612e+06  2.54900e-01  5.16476e-01
1.17566e+06  2.55000e-01  5.16300e-01
1.17520e+06  2.55100e-01  5.15988e-01
1.17474e+06  2.55200e-01  5.15676e-01
1.17428e+06  2.55300e-01  5.15364e-01
1.17382e+06  2.55400e-01  5.15052e-01
1.17336e+06  2.55500e-01  5.14740e-01
1.17290e+06  2.55600e-01  5.14428e-01
1.17244e+06  2.55700e-01  5.14116e-01
1.17198e+06  2.55800e-01  5.13804e-01
1.17152e+06  2.55900e-01  5.13492e-01
1.17106e+06  2.56000e-01  5.13180e-01
1.17061e+06  2.56100e-01  5.12868e-01
1.17015e+06  2.56200e-01  5.12556e-01
1.16969e+06  2.56300e-01  5.12244e-01
1.16924e+06  2.56400e-01  5.11932e-01
1.16878e+06  2.56500e-01  5.11620e-01
1.16833e+06  2.56600e-01  5.11308e-01
1.16787e+06  2.56700e-01  5.10996e-01
1.16742e+06  2.56800e-01  5.10684e-01
1.16696e+06  2.56900e-01  5.10372e-01
1.16651e+06  2.57000e-01  5.10060e-01
1.16605e+06  2.57100e-01  5.09748e-01
1.16560e+06  2.57200e-01  5.09436e-01
1.16515e+06  2.57300e-01  5.09124e-01
1.16469e+06  2.57400e-01  5.08812e-01
1.16424e+06  2.57500e-01  5.08500e-01
1.16379e+06  2.57600e-01  5.08188e-01
1.16334e+06  2.57700e-01  5.07876e-01
1.16289e+06  2.57800e-01  5.07564e-01
1.16244e+06  2.57900e-01  5.07252e-01
1.16199e+06  2.58000e-01  5.06940e-01
1.16154e+06  2.58100e-01  5.06628e-01
1.16109e+06  2.58200e-01  5.06316e-01
1.16064e+06  2.58300e-01  5.06004e-01
1.16019e+06  2.58400e-01  5.05692e-01
1.15974e+06  2.58500e-01  5.05380e-01
1.15929e+06  2.58600e-01  5.05068e-01
1.15884e+06  2.58700e-01  5.04756e-01
1.15839e+06  2.58800e-01  5.04444e-01
1.15795e+06  2.58900e-01  5.04132e-01
1.15750e+06  2.59000e-01  5.03820e-01
1.15705e+06  2.59100e-01  5.03508e-01
1.15661e+06  2.59200e-01  5.03196e-01
1.15616e+06  2.59300e-01  5.02884e-01
1.15571e+06  2.59400e-01  5.02572e-01
1.15527e+06  2.59500e-01  5.02260e-01
1.15482e+06  2.59600e-01  5.01948e-01
1.15438e+06  2.59700e-01  5.01636e-01
1.15394e+06  2.59800e-01  5.01324e-01
1.15349e+06  2.59900e-01  5.01012e-01
1.15305e+06  2.60000e-01  5.00700e-01
1.15260e+06  2.60100e-01  4.99824e-01
1.15216e+06  2.60200e-01  4.98948e-01
1.15172e+06  2.60300e-01  4.98072e-01
1.15128e+06  2.60400e-01  4.97196e-01
1.15083e+06  2.60500e-01  4.96320e-01
1.15039e+06  2.60600e-01  4.95444e-01
1.14995e+06  2.60700e-01  4.94568e-01
1.14951e+06  2.60800e-01  4.93692e-01
1.14907e+06  2.60900e-01  4.92816e-01
1.14863e+06  2.61000e-01  4.91940e-01
1.14819e+06  2.61100e-01  4.91064e-01
1.14775e+06  2.61200e-01  4.90188e-01
1.14731e+06  2.61300e-01  4.89312e-01
1.14687e+06  2.61400e-01  4.88436e-01
1.14643e+06  2.61500e-01  4.87560e-01
1.14600e+06  2.61600e-01  4.86684e-01
1.14556e+06  2.61700e-01  4.85808e-01
1.14512e+06  2.61800e-01  4.84932e-01
1.14468e+06  2.61900e-01  4.84056e-01
1.14425e+06  2.62000e-01  4.83180e-01
1.14381e+06  2.62100e-01  4.82304e-01
1.14337e+06  2.62200e-01  4.81428e-01
1.14294e+06  2.62300e-01  4.80552e-01
1.14250e+06  2.62400e-01  4.79676e-01
1.14207e+06  2.62500e-01  4.78800e-01
1.14163e+06  2.62600e-01  4.77924e-01
1.14120e+06  2.62700e-01  4.77048e-01
1.14076e+06  2.62800e-01  4.76172e-01
1.14033e+06  2.62900e-01  4.75296e-01
1.13990e+06  2.63000e-01  4.74420e-01
1.13946e+06  2.63100e-01  4.73544e-01
1.13903e+06  2.63200e-01  4.72668e-01
1.13860e+06  2.63300e-01  4.71792e-01
1.13816e+06  2.63400e-01  4.70916e-01
1.13773e+06  2.63500e-01  4.70040e-01
1.13730e+06  2.63600e-01  4.69164e-01
1.13687e+06  2.63700e-01  4.68288e-01
1.13644e+06  2.63800e-01  4.67412e-01
1.13601e+06  2.63900e-01  4.66536e-01
1.13558e+06  2.64000e-01  4.65660e-01
1.13515e+06  2.64100e-01  4.64784e-01
1.13472e+06  2.64200e-01  4.63908e-01
1.13429e+06  2.64300e-01  4.63032e-01
1.13386e+06  2.64400e-01  4.62156e-01
1.13343e+06  2.64500e-01  4.61280e-01
1.13300e+06  2.64600e-01  4.60404e-01
1.13257e+06  2.64700e-01  4.59528e-01
1.13215e+06  2.64800e-01  4.58652e-01
1.13172e+06  2.64900e-01  4.57776e-01
1.13129e+06  2.65000e-01  4.56900e-01
1.13087e+06  2.65100e-01  4.55280e-01
1.13044e+06  2.65200e-01  4.53660e-01
1.13001e+06  2.65300e-01  4.52040e-01
1.12959e+06  2.65400e-01  4.50420e-01
1.12916e+06  2.65500e-01  4.48800e-01
1.12874e+06  2.65600e-01  4.47180e-01
1.12831e+06  2.65700e-01  4.45560e-01
1.12789e+06  2.65800e-01  4.43940e-01
1.12746e+06  2.65900e-01  4.42320e-01
1.12704e+06  2.66000e-01  4.40700e-01
1.12662e+06  2.66100e-01  4.39080e-01
1.12619e+06  2.66200e-01  4.37460e-01
1.12577e+06  2.66300e-01  4.35840e-01
1.12535e+06  2.66400e-01  4.34220e-01
1.12492e+06  2.66500e-01  4.32600e-01
1.12450e+06  2.66600e-01  4.30980e-01
1.12408e+06  2.66700e-01  4.29360e-01
1.12366e+06  2.66800e-01  4.27740e-01
1.12324e+06  2.66900e-01  4.26120e-01
1.12282e+06  2.67000e-01  4.24500e-01
1.12240e+06  2.67100e-01  4.22880e-01
1.12198e+06  2.67200e-01  4.21260e-01
1.12156e+06  2.67300e-01  4.19640e-01
1.12114e+06  2.67400e-01  4.18020e-01
1.12072e+06  2.67500e-01  4.16400e-01
1.12030e+06  2.67600e-01  4.14780e-01
1.11988e+06  2.67700e-01  4.13160e-01
1.11946e+06  2.67800e-01  4.11540e-01
1.11905e+06  2.67900e-01  4.09920e-01
1.11863e+06  2.68000e-01  4.08300e-01
1.11821e+06  2.68100e-01  4.06680e-01
1.11779e+06  2.68200e-01  4.05060e-01
1.11738e+06  2.68300e-01  4.03440e-01
1.11696e+06  2.68400e-01  4.01820e-01
1.11655e+06  2.68500e-01  4.00200e-01
1.11613e+06  2.68600e-01  3.98580e-01
1.11571e+06  2.68700e-01  3.96960e-01
1.11530e+06  2.68800e-01  3.95340e-01
1.11488e+06  2.68900e-01  3.93720e-01
1.11447e+06  2.69000e-01  3.92100e-01
1.11406e+06  2.69100e-01  3.90480e-01
1.11364e+06  2.69200e-01  3.88860e-01
1.11323e+06  2.69300e-01  3.87240e-01
1.11282e+06  2.69400e-01  3.85620e-01
1.11240e+06  2.69500e-01  3.84000e-01
1.11199e+06  2.69600e-01  3.82380e-01
1.11158e+06  2.69700e-01  3.80760e-01
1.11117e+06  2.69800e-01  3.79140e-01
1.11075e+06  2.69900e-01  3.77520e-01
1.11034e+06  2.70000e-01  3.75900e-01
1.10993e+06  2.70100e-01  3.73362e-01
1.10952e+06  2.70200e-01  3.70824e-01
1.10911e+06  2.70300e-01  3.68286e-01
1.10870e+06  2.70400e-01  3.65748e-01
1.10829e+06  2.70500e-01  3.63210e-01
1.10788e+06  2.70600e-01  3.60672e-01
1.10747e+06  2.70700e-01  3.58134e-01
1.10706e+06  2.70800e-01  3.55596e-01
1.10665e+06  2.70900e-01  3.53058e-01
1.10625e+06  2.71000e-01  3.50520e-01
1.10584e+06  2.71100e-01  3.47982e-01
1.10543e+06  2.71200e-01  3.45444e-01
1.10502e+06  2.71300e-01  3.42906e-01
1.10461e+06  2.71400e-01  3.40368e-01
1.10421e+06  2.71500e-01  3.37830e-01
1.10380e+06  2.71600e-01  3.35292e-01
1.10340e+06  2.71700e-01  3.32754e-01
1.10299e+06  2.71800e-01  3.30216e-01
1.10258e+06  2.71900e-01  3.27678e-01
1.10218e+06  2.72000e-01  3.25140e-01
1.10177e+06  2.72100e-01  3.22602e-01
1.10137e+06  2.72200e-01  3.20064e-01
1.10096e+06  2.72300e-01  3.17526e-01
1.10056e+06  2.72400e-01  3.14988e-01
1.10016e+06  2.72500e-01  3.12450e-01
1.09975e+06  2.72600e-01  3.09912e-01
1.09935e+06  2.72700e-01  3.07374e-01
1.09895e+06  2.72800e-01  3.04836e-01
1.09854e+06  2.72900e-01  3.02298e-01
1.09814e+06  2.73000e-01  2.99760e-01
1.09774e+06  2.73100e-01  2.97222e-01
1.09734e+06  2.73200e-01  2.94684e-01
1.09694e+06  2.73300e-01  2.92146e-01
1.09653e+06  2.73400e-01  2.89608e-01
1.09613e+06  2.73500e-01  2.87070e-01
1.09573e+06  2.73600e-01  2.84532e-01
1.09533e+06  2.73700e-01  2.81994e-01
1.09493e+06  2.73800e-01  2.79456e-01
1.09453e+06  2.73900e-01  2.76918e-01
1.09413e+06  2.74000e-01  2.74380e-01
1.09373e+06  2.74100e-01  2.71842e-01
1.09334e+06  2.74200e-01  2.69304e-01
1.09294e+06  2.74300e-01  2.66766e-01
1.09254e+06  2.74400e-01  2.64228e-01
1.09214e+06  2.74500e-01  2.61690e-01
1.09174e+06  2.74600e-01  2.59152e-01
1.09134e+06  2.74700e-01  2.56614e-01
1.09095e+06  2.74800e-01  2.54076e-01
1.09055e+06  2.74900e-01  2.51538e-01
1.09015e+06  2.75000e-01  2.49000e-01
1.08976e+06  2.75100e-01  2.46186e-01
1.08936e+06  2.75200e-01  2.43372e-01
1.08897e+06  2.75300e-01  2.40558e-01
1.08857e+06  2.75400e-01  2.37744e-01
1.08818e+06  2.75500e-01  2.34930e-01
1.08778e+06  2.75600e-01  2.32116e-01
1.08739e+06  2.75700e-01  2.29302e-01
1.08699e+06  2.75800e-01  2.26488e-01
1.08660e+06  2.75900e-01  2.23674e-01
1.08620e+06  2.76000e-01  2.20860e-01
1.08581e+06  2.76100e-01  2.18046e-01
1.08542e+06  2.76200e-01  2.15232e-01
1.08503e+06  2.76300e-01  2.12418e-01
1.08463e+06  2.76400e-01  2.09604e-01
1.08424e+06  2.76500e-01  2.06790e-01
1.08385e+06  2.76600e-01  2.03976e-01
1.08346e+06  2.76700e-01  2.01162e-01
1.08307e+06  2.76800e-01  1.98348e-01
1.08267e+06  2.76900e-01  1.95534e-01
1.08228e+06  2.77000e-01  1.92720e-01
1.08189e+06  2.77100e-01  1.89906e-01
1.08150e+06  2.77200e-01  1.87092e-01
1.08111e+06  2.77300e-01  1.84278e-01
1.08072e+06  2.77400e-01  1.81464e-01
1.08033e+06  2.77500e-01  1.78650e-01
1.07994e+06  2.77600e-01  1.75836e-01
1.07956e+06  2.77700e-01  1.73022e-01
1.07917e+06  2.77800e-01  1.70208e-01
1.07878e+06  2.77900e-01  1.67394e-01
1.07839e+06  2.78000e-01  1.64580e-01
1.07800e+06  2.78100e-01  1.61766e-01
1.07761e+06  2.78200e-01  1.58952e-01
1.07723e+06  2.78300e-01  1.56138e-01
1.07684e+06  2.78400e-01  1.53324e-01
1.07645e+06  2.78500e-01  1.50510e-01
1.07607e+06  2.78600e-01  1.47696e-01
1.07568e+06  2.78700e-01  1.44882e-01
1.07530e+06  2.78800e-01  1.42068e-01
1.07491e+06  2.78900e-01  1.39254e-01
1.07452e+06  2.79000e-01  1.36440e-01
1.07414e+06  2.79100e-01  1.33626e-01
1.07376e+06  2.79200e-01  1.30812e-01
1.07337e+06  2.79300e-01  1.27998e-01
1.07299e+06  2.79400e-01  1.25184e-01
1.07260e+06  2.79500e-01  1.22370e-01
1.07222e+06  2.79600e-01  1.19556e-01
1.07184e+06  2.79700e-01  1.16742e-01
1.07145e+06  2.79800e-01  1.13928e-01
1.07107e+06  2.79900e-01  1.11114e-01
1.07069e+06  2.80000e-01  1.08300e-01
1.07031e+06  2.80100e-01  1.06824e-01
1.06992e+06  2.80200e-01  1.05348e-01
1.06954e+06  2.80300e-01  1.03872e-01
1.06916e+06  2.80400e-01  1.02396e-01
1.06878e+06  2.80500e-01  1.00920e-01
1.06840e+06  2.80600e-01  9.94440e-02
1.06802e+06  2.80700e-01  9.79680e-02
1.06764e+06  2.80800e-01  9.64920e-02
1.06726e+06  2.80900e-01  9.50160e-02
1.06688e+06  2.81000e-01  9.35400e-02
1.06650e+06  2.81100e-01  9.20640e-02
1.06612e+06  2.81200e-01  9.05880e-02
1.06574e+06  2.81300e-01  8.91120e-02
1.06536e+06  2.81400e-01  8.76360e-02
1.06498e+06  2.81500e-01  8.61600e-02
1.06460e+06  2.81600e-01  8.46840e-02
1.06423e+06  2.81700e-01  8.32080e-02
1.06385e+06  2.81800e-01  8.17320e-02
1.06347e+06  2.81900e-01  8.02560e-02
1.06309e+06  2.82000e-01  7.87800e-02
1.06272e+06  2.82100e-01  7.73040e-02
1.06234e+06  2.82200e-01  7.58280e-02
1.06196e+06  2.82300e-01  7.43520e-02
1.06159e+06  2.82400e-01  7.28760e-02
1.06121e+06  2.82500e-01  7.14000e-02
1.06084e+06  2.82600e-01  6.99240e-02
1.06046e+06  2.82700e-01  6.84480e-02
1.06009e+06  2.82800e-01  6.69720e-02
1.05971e+06  2.82900e-01  6.54960e-02
1.05934e+06  2.83000e-01  6.40200e-02
1.05896e+06  2.83100e-01  6.25440e-02
1.05859e+06  2.83200e-01  6.10680e-02
1.05822e+06  2.83300e-01  5.95920e-02
1.05784e+06  2.83400e-01  5.81160e-02
1.05747e+06  2.83500e-01  5.66400e-02
1.05710e+06  2.83600e-01  5.51640e-02
1.05672e+06  2.83700e-01  5.36880e-02
1.05635e+06  2.83800e-01  5.22120e-02
1.05598e+06  2.83900e-01  5.07360e-02
1.05561e+06  2.84000e-01  4.92600e-02
1.05524e+06  2.84100e-01  4.77840e-02
1.05486e+06  2.84200e-01  4.63080e-02
1.05449e+06  2.84300e-01  4.48320e-02
1.05412e+06  2.84400e-01  4.33560e-02
1.05375e+06  2.84500e-01  4.18800e-02
1.05338e+06  2.84600e-01  4.04040e-02
1.05301e+06  2.84700e-01  3.89280e-02
1.05264e+06  2.84800e-01  3.74520e-02
1.05227e+06  2.84900e-01  3.59760e-02
1.05190e+06  2.85000e-01  3.45000e-02
1.05153e+06  2.85100e-01  3.40600e-02
1.05117e+06  2.85200e-01  3.36200e-02
1.05080e+06  2.85300e-01  3.31800e-02
1.05043e+06  2.85400e-01  3.27400e-02
1.05006e+06  2.85500e-01  3.23000e-02
1.04969e+06  2.85600e-01  3.18600e-02
1.04933e+06  2.85700e-01  3.14200e-02
1.04896e+06  2.85800e-01  3.09800e-02
1.04859e+06  2.85900e-01  3.05400e-02
1.04823e+06  2.86000e-01  3.01000e-02
1.04786e+06  2.86100e-01  2.96600e-02
1.04749e+06  2.86200e-01  2.92200e-02
1.04713e+06  2.86300e-01  2.87800e-02
1.04676e+06  2.86400e-01  2.83400e-02
1.04640e+06  2.86500e-01  2.79000e-02
1.04603e+06  2.86600e-01  2.74600e-02
1.04567e+06  2.86700e-01  2.70200e-02
1.04530e+06  2.86800e-01  2.65800e-02
1.04494e+06  2.86900e-01  2.61400e-02
1.04457e+06  2.87000e-01  2.57000e-02
1.04421e+06  2.87100e-01  2.52600e-02
1.04385e+06  2.87200e-01  2.48200e-02
1.04348e+06  2.87300e-01  2.43800e-02
1.04312e+06  2.87400e-01  2.39400e-02
1.04276e+06  2.87500e-01  2.35000e-02
1.04239e+06  2.87600e-01  2.30600e-02
1.04203e+06  2.87700e-01  2.26200e-02
1.04167e+06  2.87800e-01  2.21800e-02
1.04131e+06  2.87900e-01  2.17400e-02
1.04095e+06  2.88000e-01  2.13000e-02
1.04058e+06  2.88100e-01  2.08600e-02
1.04022e+06  2.88200e-01  2.04200e-02
1.03986e+06  2.88300e-01  1.99800e-02
1.03950e+06  2.88400e-01  1.95400e-02
1.03914e+06  2.88500e-01  1.91000e-02
1.03878e+06  2.88600e-01  1.86600e-02
1.03842e+06  2.88700e-01  1.82200e-02
1.03806e+06  2.88800e-01  1.77800e-02
1.03770e+06  2.88900e-01  1.73400e-02
1.03734e+06  2.89000e-01  1.69000e-02
1.03699e+06  2.89100e-01  1.64600e-02
1.03663e+06  2.89200e-01  1.60200e-02
1.03627e+06  2.89300e-01  1.55800e-02
1.03591e+06  2.89400e-01  1.51400e-02
1.03555e+06  2.89500e-01  1.47000e-02
1.03519e+06  2.89600e-01  1.42600e-02
1.03484e+06  2.89700e-01  1.38200e-02
1.03448e+06  2.89800e-01  1.33800e-02
1.03412e+06  2.89900e-01  1.29400e-02
1.03377e+06  2.90000e-01  1.25000e-02
1.03341e+06  2.90100e-01  1.25220e-02
1.03305e+06  2.90200e-01  1.25440e-02
1.03270e+06  2.90300e-01  1.25660e-02
1.03234e+06  2.90400e-01  1.25880e-02
1.03199e+06  2.90500e-01  1.26100e-02
1.03163e+06  2.90600e-01  1.26320e-02
1.03128e+06  2.90700e-01  1.26540e-02
1.03092e+06  2.90800e-01  1.26760e-02
1.03057e+06  2.90900e-01  1.26980e-02
1.03021e+06  2.91000e-01  1.27200e-02
1.02986e+06  2.91100e-01  1.27420e-02
1.02951e+06  2.91200e-01  1.27640e-02
1.02915e+06  2.91300e-01  1.27860e-02
1.02880e+06  2.91400e-01  1.28080e-02
1.02845e+06  2.91500e-01  1.28300e-02
1.02809e+06  2.91600e-01  1.28520e-02
1.02774e+06  2.91700e-01  1.28740e-02
1.02739e+06  2.91800e-01  1.28960e-02
1.02704e+06  2.91900e-01  1.29180e-02
1.02669e+06  2.92000e-01  1.29400e-02
1.02634e+06  2.92100e-01  1.29620e-02
1.02598e+06  2.92200e-01  1.29840e-02
1.02563e+06  2.92300e-01  1.30060e-02
1.02528e+06  2.92400e-01  1.30280e-02
1.02493e+06  2.92500e-01  1.30500e-02
1.02458e+06  2.92600e-01  1.30720e-02
1.02423e+06  2.92700e-01  1.30940e-02
1.02388e+06  2.92800e-01  1.31160e-02
1.02353e+06  2.92900e-01  1.31380e-02
1.02318e+06  2.93000e-01  1.31600e-02
1.02283e+06  2.93100e-01  1.31820e-02
1.02248e+06  2.93200e-01  1.32040e-02
1.02214e+06  2.93300e-01  1.32260e-02
1.02179e+06  2.93400e-01  1.32480e-02
1.02144e+06  2.93500e-01  1.32700e-02
1.02109e+06  2.93600e-01  1.32920e-02
1.02074e+06  2.93700e-01  1.33140e-02
1.02040e+06  2.93800e-01  1.33360e-02
1.02005e+06  2.93900e-01  1.33580e-02
1.01970e+06  2.94000e-01  1.33800e-02
1.01936e+06  2.94100e-01  1.34020e-02
1.01901e+06  2.94200e-01  1.34240e-02
1.01866e+06  2.94300e-01  1.34460e-02
1.01832e+06  2.94400e-01  1.34680e-02
1.01797e+06  2.94500e-01  1.34900e-02
1.01763e+06  2.94600e-01  1.35120e-02
1.01728e+06  2.94700e-01  1.35340e-02
1.01694e+06  2.94800e-01  1.35560e-02
1.01659e+06  2.94900e-01  1.35780e-02
1.01625e+06  2.95000e-01  1.36000e-02
1.01590e+06  2.95100e-01  1.36980e-02
1.01556e+06  2.95200e-01  1.37960e-02
1.01521e+06  2.95300e-01  1.38940e-02
1.01487e+06  2.95400e-01  1.39920e-02
1.01453e+06  2.95500e-01  1.40900e-02
1.01418e+06  2.95600e-01  1.41880e-02
1.01384e+06  2.95700e-01  1.42860e-02
1.01350e+06  2.95800e-01  1.43840e-02
1.01315e+06  2.95900e-01  1.44820e-02
1.01281e+06  2.96000e-01  1.45800e-02
1.01247e+06  2.96100e-01  1.46780e-02
1.01213e+06  2.96200e-01  1.47760e-02
1.01179e+06  2.96300e-01  1.48740e-02
1.01145e+06  2.96400e-01  1.49720e-02
1.01110e+06  2.96500e-01  1.50700e-02
1.01076e+06  2.96600e-01  1.51680e-02
1.01042e+06  2.96700e-01  1.52660e-02
1.01008e+06  2.96800e-01  1.53640e-02
1.00974e+06  2.96900e-01  1.54620e-02
1.00940e+06  2.97000e-01  1.55600e-02
1.00906e+06  2.97100e-01  1.56580e-02
1.00872e+06  2.97200e-01  1.57560e-02
1.00838e+06  2.97300e-01  1.58540e-02
1.00804e+06  2.97400e-01  1.59520e-02
1.00771e+06  2.97500e-01  1.60500e-02
1.00737e+06  2.97600e-01  1.61480e-02
1.00703e+06  2.97700e-01  1.62460e-02
1.00669e+06  2.97800e-01  1.63440e-02
1.00635e+06  2.97900e-01  1.64420e-02
1.00601e+06  2.98000e-01  1.65400e-02
1.00568e+06  2.98100e-01  1.66380e-02
1.00534e+06  2.98200e-01  1.67360e-02
1.00500e+06  2.98300e-01  1.68340e-02
1.00467e+06  2.98400e-01  1.69320e-02
1.00433e+06  2.98500e-01  1.70300e-02
1.00399e+06  2.98600e-01  1.71280e-02
1.00366e+06  2.98700e-01  1.72260e-02
1.00332e+06  2.98800e-01  1.73240e-02
1.00299e+06  2.98900e-01  1.74220e-02
1.00265e+06  2.99000e-01  1.75200e-02
1.00232e+06  2.99100e-01  1.76180e-02
1.00198e+06  2.99200e-01  1.77160e-02
1.00165e+06  2.99300e-01  1.78140e-02
1.00131e+06  2.99400e-01  1.79120e-02
1.00098e+06  2.99500e-01  1.80100e-02
1.00064e+06  2.99600e-01  1.81080e-02
1.00031e+06  2.99700e-01  1.82060e-02
9.99975e+05  2.99800e-01  1.83040e-02
9.99641e+05  2.99900e-01  1.84020e-02
9.99308e+05  3.00000e-01  1.85000e-02
9.98975e+05  3.00100e-01  1.66500e-02
9.98642e+05  3.00200e-01  1.48000e-02
9.98310e+05  3.00300e-01  1.29500e-02
9.97978e+05  3.00400e-01  1.11000e-02
9.97645e+05  3.00500e-01  9.25000e-03
9.97314e+05  3.00600e-01  7.40000e-03
9.96982e+05  3.00700e-01  5.55000e-03
9.96650e+05  3.00800e-01  3.70000e-03
9.96319e+05  3.00900e-01  1.85000e-03
9.95988e+05  3.01000e-01  0.00000e+00
