GTC_SLOAN_r
frq          wvl          transmission
[GHz]        [micron]                 
5.99585e+05  5.00000e-01  3.28779e-02
5.98388e+05  5.01000e-01  2.81127e-02
5.97196e+05  5.02000e-01  2.11078e-02
5.96009e+05  5.03000e-01  -1.08289e-02
5.94826e+05  5.04000e-01  1.33402e-02
5.93648e+05  5.05000e-01  4.50146e-02
5.92475e+05  5.06000e-01  5.43651e-02
5.91307e+05  5.07000e-01  -6.54765e-03
5.90143e+05  5.08000e-01  2.05181e-02
5.88983e+05  5.09000e-01  4.58250e-02
5.87828e+05  5.10000e-01  3.36661e-02
5.86678e+05  5.11000e-01  4.69328e-02
5.85532e+05  5.12000e-01  3.01010e-02
5.84391e+05  5.13000e-01  8.90685e-03
5.83254e+05  5.14000e-01  3.65725e-02
5.82121e+05  5.15000e-01  7.64967e-03
5.80993e+05  5.16000e-01  1.36639e-02
5.79869e+05  5.17000e-01  6.54591e-03
5.78750e+05  5.18000e-01  1.50338e-02
5.77635e+05  5.19000e-01  4.07737e-02
5.76524e+05  5.20000e-01  3.18655e-02
5.75417e+05  5.21000e-01  2.47618e-02
5.74315e+05  5.22000e-01  1.49537e-02
5.73217e+05  5.23000e-01  2.15245e-02
5.72123e+05  5.24000e-01  3.76748e-02
5.71033e+05  5.25000e-01  2.87050e-02
5.69948e+05  5.26000e-01  1.23134e-02
5.68866e+05  5.27000e-01  -1.60522e-02
5.67789e+05  5.28000e-01  3.49833e-02
5.66715e+05  5.29000e-01  3.24764e-02
5.65646e+05  5.30000e-01  3.91486e-02
5.64581e+05  5.31000e-01  4.07310e-02
5.63520e+05  5.32000e-01  5.43764e-02
5.62462e+05  5.33000e-01  3.50538e-02
5.61409e+05  5.34000e-01  2.83445e-02
5.60360e+05  5.35000e-01  5.06843e-02
5.59314e+05  5.36000e-01  4.29140e-02
5.58273e+05  5.37000e-01  2.31895e-02
5.57235e+05  5.38000e-01  3.45021e-02
5.56201e+05  5.39000e-01  1.61502e-02
5.55171e+05  5.40000e-01  1.62063e-02
5.54145e+05  5.41000e-01  3.12778e-02
5.53123e+05  5.42000e-01  4.38141e-02
5.52104e+05  5.43000e-01  6.71902e-02
5.51089e+05  5.44000e-01  1.08715e-01
5.50078e+05  5.45000e-01  1.44549e-01
5.49070e+05  5.46000e-01  1.79635e-01
5.48067e+05  5.47000e-01  2.24303e-01
5.47067e+05  5.48000e-01  2.65315e-01
5.46070e+05  5.49000e-01  3.07698e-01
5.45077e+05  5.50000e-01  3.51062e-01
5.44088e+05  5.51000e-01  3.92272e-01
5.43102e+05  5.52000e-01  4.31861e-01
5.42120e+05  5.53000e-01  4.70727e-01
5.41142e+05  5.54000e-01  5.09244e-01
5.40167e+05  5.55000e-01  5.46905e-01
5.39195e+05  5.56000e-01  5.83504e-01
5.38227e+05  5.57000e-01  6.19488e-01
5.37262e+05  5.58000e-01  6.51271e-01
5.36301e+05  5.59000e-01  6.80096e-01
5.35344e+05  5.60000e-01  7.06325e-01
5.34389e+05  5.61000e-01  7.27798e-01
5.33439e+05  5.62000e-01  7.44961e-01
5.32491e+05  5.63000e-01  7.59259e-01
5.31547e+05  5.64000e-01  7.70695e-01
5.30606e+05  5.65000e-01  7.79445e-01
5.29669e+05  5.66000e-01  7.85793e-01
5.28734e+05  5.67000e-01  7.91621e-01
5.27804e+05  5.68000e-01  7.97722e-01
5.26876e+05  5.69000e-01  8.03018e-01
5.25952e+05  5.70000e-01  8.09692e-01
5.25031e+05  5.71000e-01  8.16012e-01
5.24113e+05  5.72000e-01  8.24717e-01
5.23198e+05  5.73000e-01  8.36119e-01
5.22287e+05  5.74000e-01  8.46438e-01
5.21378e+05  5.75000e-01  8.54950e-01
5.20473e+05  5.76000e-01  8.67244e-01
5.19571e+05  5.77000e-01  8.76919e-01
5.18672e+05  5.78000e-01  8.87020e-01
5.17776e+05  5.79000e-01  8.94596e-01
5.16884e+05  5.80000e-01  9.00501e-01
5.15994e+05  5.81000e-01  9.04624e-01
5.15107e+05  5.82000e-01  9.04662e-01
5.14224e+05  5.83000e-01  9.01657e-01
5.13343e+05  5.84000e-01  9.04811e-01
5.12466e+05  5.85000e-01  9.06380e-01
5.11591e+05  5.86000e-01  9.04268e-01
5.10720e+05  5.87000e-01  9.04236e-01
5.09851e+05  5.88000e-01  9.04205e-01
5.08985e+05  5.89000e-01  9.04244e-01
5.08123e+05  5.90000e-01  9.06421e-01
5.07263e+05  5.91000e-01  9.09229e-01
5.06406e+05  5.92000e-01  9.13516e-01
5.05552e+05  5.93000e-01  9.17081e-01
5.04701e+05  5.94000e-01  9.22567e-01
5.03853e+05  5.95000e-01  9.26671e-01
5.03007e+05  5.96000e-01  9.30619e-01
5.02165e+05  5.97000e-01  9.34523e-01
5.01325e+05  5.98000e-01  9.32235e-01
5.00488e+05  5.99000e-01  9.31965e-01
4.99654e+05  6.00000e-01  9.32340e-01
4.98823e+05  6.01000e-01  9.29333e-01
4.97994e+05  6.02000e-01  9.22277e-01
4.97168e+05  6.03000e-01  9.15251e-01
4.96345e+05  6.04000e-01  9.05125e-01
4.95525e+05  6.05000e-01  8.93671e-01
4.94707e+05  6.06000e-01  8.84193e-01
4.93892e+05  6.07000e-01  8.74223e-01
4.93080e+05  6.08000e-01  8.65017e-01
4.92270e+05  6.09000e-01  8.56001e-01
4.91463e+05  6.10000e-01  8.49692e-01
4.90659e+05  6.11000e-01  8.44102e-01
4.89857e+05  6.12000e-01  8.41148e-01
4.89058e+05  6.13000e-01  8.41219e-01
4.88261e+05  6.14000e-01  8.42028e-01
4.87467e+05  6.15000e-01  8.44095e-01
4.86676e+05  6.16000e-01  8.48566e-01
4.85887e+05  6.17000e-01  8.54162e-01
4.85101e+05  6.18000e-01  8.58641e-01
4.84317e+05  6.19000e-01  8.64773e-01
4.83536e+05  6.20000e-01  8.70320e-01
4.82758e+05  6.21000e-01  8.74584e-01
4.81981e+05  6.22000e-01  8.79426e-01
4.81208e+05  6.23000e-01  8.84155e-01
4.80437e+05  6.24000e-01  8.86479e-01
4.79668e+05  6.25000e-01  8.89323e-01
4.78902e+05  6.26000e-01  8.90330e-01
4.78138e+05  6.27000e-01  8.90190e-01
4.77377e+05  6.28000e-01  8.90051e-01
4.76618e+05  6.29000e-01  8.89183e-01
4.75861e+05  6.30000e-01  8.87791e-01
4.75107e+05  6.31000e-01  8.85882e-01
4.74355e+05  6.32000e-01  8.83852e-01
4.73606e+05  6.33000e-01  8.81903e-01
4.72859e+05  6.34000e-01  8.81144e-01
4.72114e+05  6.35000e-01  8.80906e-01
4.71372e+05  6.36000e-01  8.81254e-01
4.70632e+05  6.37000e-01  8.82766e-01
4.69894e+05  6.38000e-01  8.84849e-01
4.69159e+05  6.39000e-01  8.88015e-01
4.68426e+05  6.40000e-01  8.92385e-01
4.67695e+05  6.41000e-01  8.97823e-01
4.66966e+05  6.42000e-01  9.01567e-01
4.66240e+05  6.43000e-01  9.06957e-01
4.65516e+05  6.44000e-01  9.12321e-01
4.64795e+05  6.45000e-01  9.17091e-01
4.64075e+05  6.46000e-01  9.22408e-01
4.63358e+05  6.47000e-01  9.25995e-01
4.62643e+05  6.48000e-01  9.30094e-01
4.61930e+05  6.49000e-01  9.33612e-01
4.61219e+05  6.50000e-01  9.36553e-01
4.60511e+05  6.51000e-01  9.39450e-01
4.59804e+05  6.52000e-01  9.40150e-01
4.59100e+05  6.53000e-01  9.40251e-01
4.58398e+05  6.54000e-01  9.41409e-01
4.57698e+05  6.55000e-01  9.40946e-01
4.57001e+05  6.56000e-01  9.40418e-01
4.56305e+05  6.57000e-01  9.39296e-01
4.55612e+05  6.58000e-01  9.38174e-01
4.54920e+05  6.59000e-01  9.36490e-01
4.54231e+05  6.60000e-01  9.34430e-01
4.53544e+05  6.61000e-01  9.32163e-01
4.52859e+05  6.62000e-01  9.29381e-01
4.52176e+05  6.63000e-01  9.25547e-01
4.51495e+05  6.64000e-01  9.20144e-01
4.50816e+05  6.65000e-01  9.15270e-01
4.50139e+05  6.66000e-01  9.08851e-01
4.49464e+05  6.67000e-01  9.02411e-01
4.48791e+05  6.68000e-01  8.96039e-01
4.48120e+05  6.69000e-01  8.88621e-01
4.47451e+05  6.70000e-01  8.80286e-01
4.46785e+05  6.71000e-01  8.71905e-01
4.46120e+05  6.72000e-01  8.63972e-01
4.45457e+05  6.73000e-01  8.55200e-01
4.44796e+05  6.74000e-01  8.45468e-01
4.44137e+05  6.75000e-01  8.36161e-01
4.43480e+05  6.76000e-01  8.25975e-01
4.42825e+05  6.77000e-01  8.16467e-01
4.42172e+05  6.78000e-01  8.07858e-01
4.41521e+05  6.79000e-01  7.99708e-01
4.40871e+05  6.80000e-01  7.91599e-01
4.40224e+05  6.81000e-01  7.85554e-01
4.39578e+05  6.82000e-01  7.80043e-01
4.38935e+05  6.83000e-01  7.75453e-01
4.38293e+05  6.84000e-01  7.73279e-01
4.37653e+05  6.85000e-01  7.72617e-01
4.37015e+05  6.86000e-01  7.73847e-01
4.36379e+05  6.87000e-01  7.75188e-01
4.35745e+05  6.88000e-01  7.78524e-01
4.35112e+05  6.89000e-01  7.84236e-01
4.34482e+05  6.90000e-01  7.90831e-01
4.33853e+05  6.91000e-01  7.98517e-01
4.33226e+05  6.92000e-01  8.07989e-01
4.32601e+05  6.93000e-01  8.16555e-01
4.31978e+05  6.94000e-01  8.26520e-01
4.31356e+05  6.95000e-01  8.36322e-01
4.30736e+05  6.96000e-01  8.45721e-01
4.30118e+05  6.97000e-01  8.55130e-01
4.29502e+05  6.98000e-01  8.63549e-01
4.28888e+05  6.99000e-01  8.69978e-01
4.28275e+05  7.00000e-01  8.76413e-01
4.27664e+05  7.01000e-01  8.81353e-01
4.27055e+05  7.02000e-01  8.85741e-01
4.26447e+05  7.03000e-01  8.89080e-01
4.25842e+05  7.04000e-01  8.91926e-01
4.25238e+05  7.05000e-01  8.94278e-01
4.24635e+05  7.06000e-01  8.95073e-01
4.24035e+05  7.07000e-01  8.95872e-01
4.23436e+05  7.08000e-01  8.95714e-01
4.22838e+05  7.09000e-01  8.96463e-01
4.22243e+05  7.10000e-01  8.97725e-01
4.21649e+05  7.11000e-01  8.99045e-01
4.21057e+05  7.12000e-01  9.00370e-01
4.20466e+05  7.13000e-01  9.01600e-01
4.19877e+05  7.14000e-01  9.03352e-01
4.19290e+05  7.15000e-01  9.03618e-01
4.18705e+05  7.16000e-01  9.03269e-01
4.18121e+05  7.17000e-01  8.99858e-01
4.17538e+05  7.18000e-01  8.92209e-01
4.16958e+05  7.19000e-01  8.79345e-01
4.16378e+05  7.20000e-01  8.61165e-01
4.15801e+05  7.21000e-01  8.37093e-01
4.15225e+05  7.22000e-01  8.07499e-01
4.14651e+05  7.23000e-01  7.71865e-01
4.14078e+05  7.24000e-01  7.31472e-01
4.13507e+05  7.25000e-01  6.87341e-01
4.12937e+05  7.26000e-01  6.38603e-01
4.12369e+05  7.27000e-01  5.89278e-01
4.11803e+05  7.28000e-01  5.40068e-01
4.11238e+05  7.29000e-01  4.90382e-01
4.10675e+05  7.30000e-01  4.42677e-01
4.10113e+05  7.31000e-01  3.98431e-01
4.09553e+05  7.32000e-01  3.58128e-01
4.08994e+05  7.33000e-01  3.22493e-01
4.08437e+05  7.34000e-01  2.90551e-01
4.07881e+05  7.35000e-01  2.62771e-01
4.07327e+05  7.36000e-01  2.37982e-01
4.06774e+05  7.37000e-01  2.18196e-01
4.06223e+05  7.38000e-01  2.00578e-01
4.05673e+05  7.39000e-01  1.84830e-01
4.05125e+05  7.40000e-01  1.71769e-01
4.04578e+05  7.41000e-01  1.61218e-01
4.04033e+05  7.42000e-01  1.52031e-01
4.03489e+05  7.43000e-01  1.44054e-01
4.02947e+05  7.44000e-01  1.37071e-01
4.02406e+05  7.45000e-01  1.31261e-01
4.01867e+05  7.46000e-01  1.26133e-01
4.01329e+05  7.47000e-01  1.21245e-01
4.00792e+05  7.48000e-01  1.16137e-01
4.00257e+05  7.49000e-01  1.11439e-01
3.99723e+05  7.50000e-01  1.06502e-01
