HST_WFPC2_F814W
frq          wvl          transmission
[GHz]        [micron]                 
4.32976e+05  6.92400e-01  4.24100e-03
4.32851e+05  6.92600e-01  4.54900e-03
4.32726e+05  6.92800e-01  4.89400e-03
4.32601e+05  6.93000e-01  5.22000e-03
4.32476e+05  6.93200e-01  5.58400e-03
4.32351e+05  6.93400e-01  6.00600e-03
4.32227e+05  6.93600e-01  6.42700e-03
4.32102e+05  6.93800e-01  6.86900e-03
4.31978e+05  6.94000e-01  7.34900e-03
4.31853e+05  6.94200e-01  7.88600e-03
4.31729e+05  6.94400e-01  8.40500e-03
4.31604e+05  6.94600e-01  8.97900e-03
4.31480e+05  6.94800e-01  9.60900e-03
4.31356e+05  6.95000e-01  1.02430e-02
4.31232e+05  6.95200e-01  1.09730e-02
4.31108e+05  6.95400e-01  1.17040e-02
4.30984e+05  6.95600e-01  1.24720e-02
4.30860e+05  6.95800e-01  1.33280e-02
4.30736e+05  6.96000e-01  1.42120e-02
4.30613e+05  6.96200e-01  1.51530e-02
4.30489e+05  6.96400e-01  1.62100e-02
4.30365e+05  6.96600e-01  1.72770e-02
4.30242e+05  6.96800e-01  1.84680e-02
4.30118e+05  6.97000e-01  1.96600e-02
4.29995e+05  6.97200e-01  2.09670e-02
4.29872e+05  6.97400e-01  2.23220e-02
4.29748e+05  6.97600e-01  2.38010e-02
4.29625e+05  6.97800e-01  2.53580e-02
4.29502e+05  6.98000e-01  2.70400e-02
4.29379e+05  6.98200e-01  2.88170e-02
4.29256e+05  6.98400e-01  3.07010e-02
4.29133e+05  6.98600e-01  3.27380e-02
4.29010e+05  6.98800e-01  3.48420e-02
4.28888e+05  6.99000e-01  3.70720e-02
4.28765e+05  6.99200e-01  3.94830e-02
4.28642e+05  6.99400e-01  4.19910e-02
4.28520e+05  6.99600e-01  4.46630e-02
4.28397e+05  6.99800e-01  4.74780e-02
4.28275e+05  7.00000e-01  5.05430e-02
4.28153e+05  7.00200e-01  5.38200e-02
4.28030e+05  7.00400e-01  5.72890e-02
4.27908e+05  7.00600e-01  6.09690e-02
4.27786e+05  7.00800e-01  6.49380e-02
4.27664e+05  7.01000e-01  6.90600e-02
4.27542e+05  7.01200e-01  7.33740e-02
4.27420e+05  7.01400e-01  7.79770e-02
4.27298e+05  7.01600e-01  8.29640e-02
4.27176e+05  7.01800e-01  8.82110e-02
4.27055e+05  7.02000e-01  9.38130e-02
4.26933e+05  7.02200e-01  9.97410e-02
4.26812e+05  7.02400e-01  1.05891e-01
4.26690e+05  7.02600e-01  1.12521e-01
4.26569e+05  7.02800e-01  1.19728e-01
4.26447e+05  7.03000e-01  1.27127e-01
4.26326e+05  7.03200e-01  1.35006e-01
4.26205e+05  7.03400e-01  1.43270e-01
4.26084e+05  7.03600e-01  1.52014e-01
4.25963e+05  7.03800e-01  1.61239e-01
4.25842e+05  7.04000e-01  1.70944e-01
4.25721e+05  7.04200e-01  1.81322e-01
4.25600e+05  7.04400e-01  1.92084e-01
4.25479e+05  7.04600e-01  2.03230e-01
4.25358e+05  7.04800e-01  2.14857e-01
4.25238e+05  7.05000e-01  2.26965e-01
4.25117e+05  7.05200e-01  2.39744e-01
4.24996e+05  7.05400e-01  2.53005e-01
4.24876e+05  7.05600e-01  2.66938e-01
4.24756e+05  7.05800e-01  2.81351e-01
4.24635e+05  7.06000e-01  2.96245e-01
4.24515e+05  7.06200e-01  3.11524e-01
4.24395e+05  7.06400e-01  3.27090e-01
4.24275e+05  7.06600e-01  3.43329e-01
4.24155e+05  7.06800e-01  3.59953e-01
4.24035e+05  7.07000e-01  3.76865e-01
4.23915e+05  7.07200e-01  3.94257e-01
4.23795e+05  7.07400e-01  4.12226e-01
4.23675e+05  7.07600e-01  4.30387e-01
4.23555e+05  7.07800e-01  4.48548e-01
4.23436e+05  7.08000e-01  4.66805e-01
4.23316e+05  7.08200e-01  4.85351e-01
4.23197e+05  7.08400e-01  5.04088e-01
4.23077e+05  7.08600e-01  5.22826e-01
4.22958e+05  7.08800e-01  5.41083e-01
4.22838e+05  7.09000e-01  5.59532e-01
4.22719e+05  7.09200e-01  5.77501e-01
4.22600e+05  7.09400e-01  5.95085e-01
4.22481e+05  7.09600e-01  6.12285e-01
4.22362e+05  7.09800e-01  6.29389e-01
4.22243e+05  7.10000e-01  6.45821e-01
4.22124e+05  7.10200e-01  6.61868e-01
4.22005e+05  7.10400e-01  6.77242e-01
4.21886e+05  7.10600e-01  6.91944e-01
4.21768e+05  7.10800e-01  7.06069e-01
4.21649e+05  7.11000e-01  7.19522e-01
4.21530e+05  7.11200e-01  7.32206e-01
4.21412e+05  7.11400e-01  7.43736e-01
4.21294e+05  7.11600e-01  7.55171e-01
4.21175e+05  7.11800e-01  7.65837e-01
4.21057e+05  7.12000e-01  7.76023e-01
4.20939e+05  7.12200e-01  7.85728e-01
4.20820e+05  7.12400e-01  7.94376e-01
4.20702e+05  7.12600e-01  8.02736e-01
4.20584e+05  7.12800e-01  8.10423e-01
4.20466e+05  7.13000e-01  8.17437e-01
4.20348e+05  7.13200e-01  8.23875e-01
4.20231e+05  7.13400e-01  8.29929e-01
4.20113e+05  7.13600e-01  8.35598e-01
4.19995e+05  7.13800e-01  8.40403e-01
4.19877e+05  7.14000e-01  8.45015e-01
4.19760e+05  7.14200e-01  8.48955e-01
4.19642e+05  7.14400e-01  8.52799e-01
4.19525e+05  7.14600e-01  8.55970e-01
4.19407e+05  7.14800e-01  8.59140e-01
4.19290e+05  7.15000e-01  8.62023e-01
4.19173e+05  7.15200e-01  8.64618e-01
4.19056e+05  7.15400e-01  8.66828e-01
4.18939e+05  7.15600e-01  8.68846e-01
4.18822e+05  7.15800e-01  8.71056e-01
4.18705e+05  7.16000e-01  8.72881e-01
4.18588e+05  7.16200e-01  8.74419e-01
4.18471e+05  7.16400e-01  8.75764e-01
4.18354e+05  7.16600e-01  8.77109e-01
4.18237e+05  7.16800e-01  8.78262e-01
4.18121e+05  7.17000e-01  8.79704e-01
4.18004e+05  7.17200e-01  8.80857e-01
4.17887e+05  7.17400e-01  8.81914e-01
4.17771e+05  7.17600e-01  8.83067e-01
4.17655e+05  7.17800e-01  8.84220e-01
4.17538e+05  7.18000e-01  8.85085e-01
4.17422e+05  7.18200e-01  8.85853e-01
4.17306e+05  7.18400e-01  8.86814e-01
4.17190e+05  7.18600e-01  8.87775e-01
4.17074e+05  7.18800e-01  8.88448e-01
4.16958e+05  7.19000e-01  8.89409e-01
4.16842e+05  7.19200e-01  8.90370e-01
4.16726e+05  7.19400e-01  8.91235e-01
4.16610e+05  7.19600e-01  8.92387e-01
4.16494e+05  7.19800e-01  8.93444e-01
4.16378e+05  7.20000e-01  8.94501e-01
4.16263e+05  7.20200e-01  8.95655e-01
4.16147e+05  7.20400e-01  8.96712e-01
4.16032e+05  7.20600e-01  8.97865e-01
4.15916e+05  7.20800e-01  8.98826e-01
4.15801e+05  7.21000e-01  8.99883e-01
4.15686e+05  7.21200e-01  9.00747e-01
4.15570e+05  7.21400e-01  9.01900e-01
4.15455e+05  7.21600e-01  9.03053e-01
4.15340e+05  7.21800e-01  9.03918e-01
4.15225e+05  7.22000e-01  9.04975e-01
4.15110e+05  7.22200e-01  9.06129e-01
4.14995e+05  7.22400e-01  9.07185e-01
4.14880e+05  7.22600e-01  9.08531e-01
4.14765e+05  7.22800e-01  9.09876e-01
4.14651e+05  7.23000e-01  9.10933e-01
4.14536e+05  7.23200e-01  9.12086e-01
4.14421e+05  7.23400e-01  9.13047e-01
4.14307e+05  7.23600e-01  9.14104e-01
4.14192e+05  7.23800e-01  9.15353e-01
4.14078e+05  7.24000e-01  9.16506e-01
4.13964e+05  7.24200e-01  9.17563e-01
4.13849e+05  7.24400e-01  9.18524e-01
4.13735e+05  7.24600e-01  9.19581e-01
4.13621e+05  7.24800e-01  9.20446e-01
4.13507e+05  7.25000e-01  9.21118e-01
4.13393e+05  7.25200e-01  9.22079e-01
4.13279e+05  7.25400e-01  9.23040e-01
4.13165e+05  7.25600e-01  9.23905e-01
4.13051e+05  7.25800e-01  9.24674e-01
4.12937e+05  7.26000e-01  9.25731e-01
4.12824e+05  7.26200e-01  9.26307e-01
4.12710e+05  7.26400e-01  9.27076e-01
4.12596e+05  7.26600e-01  9.27845e-01
4.12483e+05  7.26800e-01  9.28229e-01
4.12369e+05  7.27000e-01  9.28710e-01
4.12256e+05  7.27200e-01  9.29382e-01
4.12143e+05  7.27400e-01  9.30055e-01
4.12029e+05  7.27600e-01  9.30247e-01
4.11916e+05  7.27800e-01  9.30535e-01
4.11803e+05  7.28000e-01  9.30824e-01
4.11690e+05  7.28200e-01  9.31304e-01
4.11577e+05  7.28400e-01  9.31592e-01
4.11464e+05  7.28600e-01  9.31784e-01
4.11351e+05  7.28800e-01  9.32073e-01
4.11238e+05  7.29000e-01  9.32265e-01
4.11125e+05  7.29200e-01  9.32073e-01
4.11012e+05  7.29400e-01  9.31881e-01
4.10900e+05  7.29600e-01  9.31881e-01
4.10787e+05  7.29800e-01  9.31496e-01
4.10675e+05  7.30000e-01  9.31112e-01
4.10562e+05  7.30200e-01  9.31112e-01
4.10450e+05  7.30400e-01  9.31016e-01
4.10337e+05  7.30600e-01  9.30824e-01
4.10225e+05  7.30800e-01  9.30631e-01
4.10113e+05  7.31000e-01  9.29959e-01
4.10001e+05  7.31200e-01  9.29574e-01
4.09889e+05  7.31400e-01  9.28998e-01
4.09776e+05  7.31600e-01  9.28325e-01
4.09664e+05  7.31800e-01  9.28037e-01
4.09553e+05  7.32000e-01  9.27460e-01
4.09441e+05  7.32200e-01  9.26980e-01
4.09329e+05  7.32400e-01  9.26211e-01
4.09217e+05  7.32600e-01  9.25442e-01
4.09105e+05  7.32800e-01  9.24674e-01
4.08994e+05  7.33000e-01  9.24289e-01
4.08882e+05  7.33200e-01  9.23617e-01
4.08771e+05  7.33400e-01  9.22944e-01
4.08659e+05  7.33600e-01  9.22079e-01
4.08548e+05  7.33800e-01  9.21022e-01
4.08437e+05  7.34000e-01  9.19869e-01
4.08325e+05  7.34200e-01  9.19005e-01
4.08214e+05  7.34400e-01  9.18236e-01
4.08103e+05  7.34600e-01  9.17563e-01
4.07992e+05  7.34800e-01  9.16987e-01
4.07881e+05  7.35000e-01  9.16122e-01
4.07770e+05  7.35200e-01  9.15353e-01
4.07659e+05  7.35400e-01  9.14488e-01
4.07548e+05  7.35600e-01  9.13431e-01
4.07437e+05  7.35800e-01  9.12566e-01
4.07327e+05  7.36000e-01  9.11702e-01
4.07216e+05  7.36200e-01  9.10645e-01
4.07105e+05  7.36400e-01  9.09780e-01
4.06995e+05  7.36600e-01  9.08819e-01
4.06884e+05  7.36800e-01  9.07666e-01
4.06774e+05  7.37000e-01  9.06705e-01
4.06664e+05  7.37200e-01  9.06032e-01
4.06553e+05  7.37400e-01  9.05264e-01
4.06443e+05  7.37600e-01  9.04303e-01
4.06333e+05  7.37800e-01  9.03822e-01
4.06223e+05  7.38000e-01  9.02765e-01
4.06113e+05  7.38200e-01  9.02093e-01
4.06003e+05  7.38400e-01  9.01324e-01
4.05893e+05  7.38600e-01  9.00651e-01
4.05783e+05  7.38800e-01  8.99787e-01
4.05673e+05  7.39000e-01  8.99114e-01
4.05563e+05  7.39200e-01  8.98249e-01
4.05454e+05  7.39400e-01  8.97480e-01
4.05344e+05  7.39600e-01  8.96712e-01
4.05234e+05  7.39800e-01  8.96135e-01
4.05125e+05  7.40000e-01  8.95270e-01
4.05015e+05  7.40200e-01  8.94790e-01
4.04906e+05  7.40400e-01  8.94213e-01
4.04797e+05  7.40600e-01  8.93733e-01
4.04687e+05  7.40800e-01  8.93348e-01
4.04578e+05  7.41000e-01  8.92580e-01
4.04469e+05  7.41200e-01  8.92099e-01
4.04360e+05  7.41400e-01  8.91523e-01
4.04251e+05  7.41600e-01  8.90946e-01
4.04142e+05  7.41800e-01  8.90274e-01
4.04033e+05  7.42000e-01  8.89889e-01
4.03924e+05  7.42200e-01  8.89697e-01
4.03815e+05  7.42400e-01  8.89505e-01
4.03707e+05  7.42600e-01  8.89024e-01
4.03598e+05  7.42800e-01  8.88832e-01
4.03489e+05  7.43000e-01  8.88352e-01
4.03381e+05  7.43200e-01  8.88159e-01
4.03272e+05  7.43400e-01  8.87871e-01
4.03164e+05  7.43600e-01  8.87775e-01
4.03055e+05  7.43800e-01  8.87679e-01
4.02947e+05  7.44000e-01  8.87583e-01
4.02839e+05  7.44200e-01  8.87487e-01
4.02730e+05  7.44400e-01  8.87391e-01
4.02622e+05  7.44600e-01  8.87103e-01
4.02514e+05  7.44800e-01  8.87103e-01
4.02406e+05  7.45000e-01  8.87199e-01
4.02298e+05  7.45200e-01  8.87007e-01
4.02190e+05  7.45400e-01  8.87295e-01
4.02082e+05  7.45600e-01  8.87391e-01
4.01974e+05  7.45800e-01  8.87295e-01
4.01867e+05  7.46000e-01  8.87391e-01
4.01759e+05  7.46200e-01  8.87391e-01
4.01651e+05  7.46400e-01  8.87487e-01
4.01544e+05  7.46600e-01  8.87679e-01
4.01436e+05  7.46800e-01  8.87967e-01
4.01329e+05  7.47000e-01  8.88159e-01
4.01221e+05  7.47200e-01  8.88352e-01
4.01114e+05  7.47400e-01  8.88736e-01
4.01006e+05  7.47600e-01  8.89024e-01
4.00899e+05  7.47800e-01  8.89217e-01
4.00792e+05  7.48000e-01  8.89505e-01
4.00685e+05  7.48200e-01  8.90081e-01
4.00578e+05  7.48400e-01  8.90466e-01
4.00471e+05  7.48600e-01  8.90658e-01
4.00364e+05  7.48800e-01  8.91331e-01
4.00257e+05  7.49000e-01  8.91811e-01
4.00150e+05  7.49200e-01  8.92195e-01
4.00043e+05  7.49400e-01  8.92580e-01
3.99937e+05  7.49600e-01  8.92868e-01
3.99830e+05  7.49800e-01  8.93060e-01
3.99723e+05  7.50000e-01  8.93637e-01
3.99617e+05  7.50200e-01  8.93925e-01
3.99510e+05  7.50400e-01  8.94501e-01
3.99404e+05  7.50600e-01  8.95270e-01
3.99297e+05  7.50800e-01  8.95559e-01
3.99191e+05  7.51000e-01  8.96231e-01
3.99085e+05  7.51200e-01  8.96904e-01
3.98979e+05  7.51400e-01  8.97576e-01
3.98872e+05  7.51600e-01  8.98057e-01
3.98766e+05  7.51800e-01  8.98730e-01
3.98660e+05  7.52000e-01  8.99114e-01
3.98554e+05  7.52200e-01  8.99787e-01
3.98448e+05  7.52400e-01  9.00651e-01
3.98342e+05  7.52600e-01  9.01324e-01
3.98237e+05  7.52800e-01  9.01900e-01
3.98131e+05  7.53000e-01  9.02669e-01
3.98025e+05  7.53200e-01  9.03246e-01
3.97919e+05  7.53400e-01  9.03822e-01
3.97814e+05  7.53600e-01  9.04207e-01
3.97708e+05  7.53800e-01  9.04687e-01
3.97603e+05  7.54000e-01  9.04879e-01
3.97497e+05  7.54200e-01  9.05552e-01
3.97392e+05  7.54400e-01  9.06129e-01
3.97287e+05  7.54600e-01  9.06705e-01
3.97181e+05  7.54800e-01  9.07474e-01
3.97076e+05  7.55000e-01  9.08338e-01
3.96971e+05  7.55200e-01  9.08819e-01
3.96866e+05  7.55400e-01  9.09492e-01
3.96761e+05  7.55600e-01  9.10549e-01
3.96656e+05  7.55800e-01  9.11029e-01
3.96551e+05  7.56000e-01  9.11509e-01
3.96446e+05  7.56200e-01  9.12374e-01
3.96341e+05  7.56400e-01  9.12855e-01
3.96236e+05  7.56600e-01  9.13431e-01
3.96132e+05  7.56800e-01  9.14008e-01
3.96027e+05  7.57000e-01  9.14873e-01
3.95922e+05  7.57200e-01  9.15930e-01
3.95818e+05  7.57400e-01  9.16602e-01
3.95713e+05  7.57600e-01  9.17179e-01
3.95609e+05  7.57800e-01  9.17179e-01
3.95505e+05  7.58000e-01  9.17755e-01
3.95400e+05  7.58200e-01  9.18236e-01
3.95296e+05  7.58400e-01  9.18716e-01
3.95192e+05  7.58600e-01  9.19100e-01
3.95088e+05  7.58800e-01  9.19677e-01
3.94983e+05  7.59000e-01  9.20350e-01
3.94879e+05  7.59200e-01  9.21022e-01
3.94775e+05  7.59400e-01  9.21503e-01
3.94671e+05  7.59600e-01  9.21887e-01
3.94568e+05  7.59800e-01  9.22272e-01
3.94464e+05  7.60000e-01  9.22944e-01
3.94360e+05  7.60200e-01  9.23425e-01
3.94256e+05  7.60400e-01  9.23905e-01
3.94153e+05  7.60600e-01  9.24289e-01
3.94049e+05  7.60800e-01  9.24770e-01
3.93945e+05  7.61000e-01  9.25442e-01
3.93842e+05  7.61200e-01  9.25731e-01
3.93738e+05  7.61400e-01  9.26404e-01
3.93635e+05  7.61600e-01  9.26884e-01
3.93532e+05  7.61800e-01  9.27268e-01
3.93428e+05  7.62000e-01  9.28037e-01
3.93325e+05  7.62200e-01  9.28325e-01
3.93222e+05  7.62400e-01  9.28806e-01
3.93119e+05  7.62600e-01  9.29286e-01
3.93016e+05  7.62800e-01  9.29767e-01
3.92913e+05  7.63000e-01  9.29959e-01
3.92810e+05  7.63200e-01  9.30439e-01
3.92707e+05  7.63400e-01  9.30535e-01
3.92604e+05  7.63600e-01  9.30824e-01
3.92501e+05  7.63800e-01  9.31496e-01
3.92399e+05  7.64000e-01  9.31784e-01
3.92296e+05  7.64200e-01  9.32265e-01
3.92193e+05  7.64400e-01  9.32457e-01
3.92091e+05  7.64600e-01  9.32841e-01
3.91988e+05  7.64800e-01  9.33130e-01
3.91886e+05  7.65000e-01  9.33226e-01
3.91783e+05  7.65200e-01  9.33322e-01
3.91681e+05  7.65400e-01  9.33418e-01
3.91578e+05  7.65600e-01  9.33802e-01
3.91476e+05  7.65800e-01  9.34091e-01
3.91374e+05  7.66000e-01  9.34571e-01
3.91272e+05  7.66200e-01  9.35052e-01
3.91170e+05  7.66400e-01  9.35340e-01
3.91068e+05  7.66600e-01  9.35532e-01
3.90966e+05  7.66800e-01  9.35820e-01
3.90864e+05  7.67000e-01  9.36012e-01
3.90762e+05  7.67200e-01  9.36205e-01
3.90660e+05  7.67400e-01  9.36301e-01
3.90558e+05  7.67600e-01  9.36589e-01
3.90456e+05  7.67800e-01  9.36973e-01
3.90355e+05  7.68000e-01  9.37069e-01
3.90253e+05  7.68200e-01  9.37358e-01
3.90152e+05  7.68400e-01  9.37550e-01
3.90050e+05  7.68600e-01  9.37550e-01
3.89949e+05  7.68800e-01  9.37838e-01
3.89847e+05  7.69000e-01  9.37934e-01
3.89746e+05  7.69200e-01  9.38319e-01
3.89644e+05  7.69400e-01  9.38415e-01
3.89543e+05  7.69600e-01  9.38895e-01
3.89442e+05  7.69800e-01  9.38799e-01
3.89341e+05  7.70000e-01  9.38991e-01
3.89240e+05  7.70200e-01  9.39183e-01
3.89139e+05  7.70400e-01  9.39087e-01
3.89038e+05  7.70600e-01  9.39087e-01
3.88937e+05  7.70800e-01  9.39279e-01
3.88836e+05  7.71000e-01  9.39087e-01
3.88735e+05  7.71200e-01  9.39472e-01
3.88634e+05  7.71400e-01  9.39568e-01
3.88534e+05  7.71600e-01  9.39568e-01
3.88433e+05  7.71800e-01  9.39376e-01
3.88332e+05  7.72000e-01  9.39664e-01
3.88232e+05  7.72200e-01  9.39856e-01
3.88131e+05  7.72400e-01  9.39760e-01
3.88031e+05  7.72600e-01  9.39856e-01
3.87930e+05  7.72800e-01  9.39760e-01
3.87830e+05  7.73000e-01  9.39952e-01
3.87730e+05  7.73200e-01  9.40144e-01
3.87629e+05  7.73400e-01  9.40240e-01
3.87529e+05  7.73600e-01  9.40337e-01
3.87429e+05  7.73800e-01  9.40625e-01
3.87329e+05  7.74000e-01  9.40529e-01
3.87229e+05  7.74200e-01  9.40337e-01
3.87129e+05  7.74400e-01  9.40433e-01
3.87029e+05  7.74600e-01  9.40625e-01
3.86929e+05  7.74800e-01  9.40721e-01
3.86829e+05  7.75000e-01  9.40817e-01
3.86729e+05  7.75200e-01  9.40817e-01
3.86629e+05  7.75400e-01  9.40625e-01
3.86530e+05  7.75600e-01  9.40529e-01
3.86430e+05  7.75800e-01  9.40433e-01
3.86330e+05  7.76000e-01  9.40433e-01
3.86231e+05  7.76200e-01  9.40433e-01
3.86131e+05  7.76400e-01  9.40337e-01
3.86032e+05  7.76600e-01  9.40337e-01
3.85933e+05  7.76800e-01  9.40144e-01
3.85833e+05  7.77000e-01  9.40240e-01
3.85734e+05  7.77200e-01  9.40625e-01
3.85635e+05  7.77400e-01  9.40529e-01
3.85536e+05  7.77600e-01  9.40721e-01
3.85436e+05  7.77800e-01  9.40817e-01
3.85337e+05  7.78000e-01  9.40625e-01
3.85238e+05  7.78200e-01  9.40625e-01
3.85139e+05  7.78400e-01  9.40240e-01
3.85040e+05  7.78600e-01  9.39952e-01
3.84942e+05  7.78800e-01  9.39952e-01
3.84843e+05  7.79000e-01  9.39856e-01
3.84744e+05  7.79200e-01  9.39760e-01
3.84645e+05  7.79400e-01  9.39760e-01
3.84547e+05  7.79600e-01  9.39952e-01
3.84448e+05  7.79800e-01  9.39760e-01
3.84349e+05  7.80000e-01  9.39472e-01
3.84251e+05  7.80200e-01  9.39472e-01
3.84152e+05  7.80400e-01  9.38991e-01
3.84054e+05  7.80600e-01  9.39183e-01
3.83956e+05  7.80800e-01  9.38991e-01
3.83857e+05  7.81000e-01  9.38991e-01
3.83759e+05  7.81200e-01  9.38895e-01
3.83661e+05  7.81400e-01  9.38799e-01
3.83563e+05  7.81600e-01  9.38607e-01
3.83464e+05  7.81800e-01  9.38511e-01
3.83366e+05  7.82000e-01  9.38511e-01
3.83268e+05  7.82200e-01  9.38415e-01
3.83170e+05  7.82400e-01  9.38222e-01
3.83072e+05  7.82600e-01  9.38126e-01
3.82975e+05  7.82800e-01  9.37934e-01
3.82877e+05  7.83000e-01  9.38030e-01
3.82779e+05  7.83200e-01  9.37646e-01
3.82681e+05  7.83400e-01  9.37838e-01
3.82584e+05  7.83600e-01  9.37838e-01
3.82486e+05  7.83800e-01  9.37550e-01
3.82388e+05  7.84000e-01  9.37261e-01
3.82291e+05  7.84200e-01  9.36973e-01
3.82193e+05  7.84400e-01  9.36493e-01
3.82096e+05  7.84600e-01  9.36589e-01
3.81999e+05  7.84800e-01  9.36205e-01
3.81901e+05  7.85000e-01  9.36109e-01
3.81804e+05  7.85200e-01  9.36012e-01
3.81707e+05  7.85400e-01  9.35724e-01
3.81610e+05  7.85600e-01  9.35724e-01
3.81512e+05  7.85800e-01  9.35724e-01
3.81415e+05  7.86000e-01  9.36109e-01
3.81318e+05  7.86200e-01  9.36012e-01
3.81221e+05  7.86400e-01  9.35820e-01
3.81124e+05  7.86600e-01  9.35724e-01
3.81028e+05  7.86800e-01  9.35436e-01
3.80931e+05  7.87000e-01  9.35148e-01
3.80834e+05  7.87200e-01  9.34859e-01
3.80737e+05  7.87400e-01  9.34667e-01
3.80641e+05  7.87600e-01  9.34379e-01
3.80544e+05  7.87800e-01  9.34475e-01
3.80447e+05  7.88000e-01  9.33706e-01
3.80351e+05  7.88200e-01  9.33418e-01
3.80254e+05  7.88400e-01  9.33226e-01
3.80158e+05  7.88600e-01  9.33034e-01
3.80061e+05  7.88800e-01  9.32841e-01
3.79965e+05  7.89000e-01  9.32841e-01
3.79869e+05  7.89200e-01  9.32937e-01
3.79773e+05  7.89400e-01  9.33034e-01
3.79676e+05  7.89600e-01  9.32937e-01
3.79580e+05  7.89800e-01  9.32745e-01
3.79484e+05  7.90000e-01  9.32649e-01
3.79388e+05  7.90200e-01  9.32553e-01
3.79292e+05  7.90400e-01  9.32457e-01
3.79196e+05  7.90600e-01  9.32073e-01
3.79100e+05  7.90800e-01  9.31784e-01
3.79004e+05  7.91000e-01  9.31400e-01
3.78909e+05  7.91200e-01  9.31208e-01
3.78813e+05  7.91400e-01  9.30727e-01
3.78717e+05  7.91600e-01  9.30727e-01
3.78621e+05  7.91800e-01  9.30727e-01
3.78526e+05  7.92000e-01  9.30631e-01
3.78430e+05  7.92200e-01  9.30247e-01
3.78335e+05  7.92400e-01  9.29959e-01
3.78239e+05  7.92600e-01  9.29863e-01
3.78144e+05  7.92800e-01  9.29574e-01
3.78048e+05  7.93000e-01  9.29670e-01
3.77953e+05  7.93200e-01  9.29574e-01
3.77858e+05  7.93400e-01  9.29190e-01
3.77763e+05  7.93600e-01  9.29094e-01
3.77667e+05  7.93800e-01  9.28710e-01
3.77572e+05  7.94000e-01  9.28517e-01
3.77477e+05  7.94200e-01  9.28037e-01
3.77382e+05  7.94400e-01  9.28037e-01
3.77287e+05  7.94600e-01  9.27653e-01
3.77192e+05  7.94800e-01  9.27172e-01
3.77097e+05  7.95000e-01  9.27364e-01
3.77003e+05  7.95200e-01  9.27172e-01
3.76908e+05  7.95400e-01  9.27268e-01
3.76813e+05  7.95600e-01  9.27364e-01
3.76718e+05  7.95800e-01  9.27364e-01
3.76624e+05  7.96000e-01  9.27268e-01
3.76529e+05  7.96200e-01  9.27268e-01
3.76435e+05  7.96400e-01  9.27268e-01
3.76340e+05  7.96600e-01  9.26884e-01
3.76246e+05  7.96800e-01  9.26884e-01
3.76151e+05  7.97000e-01  9.26692e-01
3.76057e+05  7.97200e-01  9.26404e-01
3.75962e+05  7.97400e-01  9.26404e-01
3.75868e+05  7.97600e-01  9.26115e-01
3.75774e+05  7.97800e-01  9.25731e-01
3.75680e+05  7.98000e-01  9.25635e-01
3.75586e+05  7.98200e-01  9.25346e-01
3.75492e+05  7.98400e-01  9.24866e-01
3.75398e+05  7.98600e-01  9.24578e-01
3.75304e+05  7.98800e-01  9.24578e-01
3.75210e+05  7.99000e-01  9.24866e-01
3.75116e+05  7.99200e-01  9.24866e-01
3.75022e+05  7.99400e-01  9.25058e-01
3.74928e+05  7.99600e-01  9.25058e-01
3.74834e+05  7.99800e-01  9.24866e-01
3.74741e+05  8.00000e-01  9.22464e-01
3.74647e+05  8.00200e-01  9.22848e-01
3.74553e+05  8.00400e-01  9.23136e-01
3.74460e+05  8.00600e-01  9.23136e-01
3.74366e+05  8.00800e-01  9.21887e-01
3.74273e+05  8.01000e-01  9.21599e-01
3.74179e+05  8.01200e-01  9.21407e-01
3.74086e+05  8.01400e-01  9.21695e-01
3.73993e+05  8.01600e-01  9.22079e-01
3.73899e+05  8.01800e-01  9.21983e-01
3.73806e+05  8.02000e-01  9.21695e-01
3.73713e+05  8.02200e-01  9.21311e-01
3.73620e+05  8.02400e-01  9.21022e-01
3.73527e+05  8.02600e-01  9.20926e-01
3.73434e+05  8.02800e-01  9.21599e-01
3.73341e+05  8.03000e-01  9.22176e-01
3.73248e+05  8.03200e-01  9.21791e-01
3.73155e+05  8.03400e-01  9.22560e-01
3.73062e+05  8.03600e-01  9.22272e-01
3.72969e+05  8.03800e-01  9.21887e-01
3.72876e+05  8.04000e-01  9.21791e-01
3.72783e+05  8.04200e-01  9.21887e-01
3.72691e+05  8.04400e-01  9.21887e-01
3.72598e+05  8.04600e-01  9.22752e-01
3.72506e+05  8.04800e-01  9.23136e-01
3.72413e+05  8.05000e-01  9.23136e-01
3.72320e+05  8.05200e-01  9.23425e-01
3.72228e+05  8.05400e-01  9.23905e-01
3.72136e+05  8.05600e-01  9.23617e-01
3.72043e+05  8.05800e-01  9.23617e-01
3.71951e+05  8.06000e-01  9.23328e-01
3.71859e+05  8.06200e-01  9.22848e-01
3.71766e+05  8.06400e-01  9.23425e-01
3.71674e+05  8.06600e-01  9.23617e-01
3.71582e+05  8.06800e-01  9.24097e-01
3.71490e+05  8.07000e-01  9.24482e-01
3.71398e+05  8.07200e-01  9.24962e-01
3.71306e+05  8.07400e-01  9.24770e-01
3.71214e+05  8.07600e-01  9.24289e-01
3.71122e+05  8.07800e-01  9.24482e-01
3.71030e+05  8.08000e-01  9.24001e-01
3.70938e+05  8.08200e-01  9.23521e-01
3.70847e+05  8.08400e-01  9.23713e-01
3.70755e+05  8.08600e-01  9.24289e-01
3.70663e+05  8.08800e-01  9.25250e-01
3.70572e+05  8.09000e-01  9.26307e-01
3.70480e+05  8.09200e-01  9.26692e-01
3.70389e+05  8.09400e-01  9.26596e-01
3.70297e+05  8.09600e-01  9.26211e-01
3.70206e+05  8.09800e-01  9.26307e-01
3.70114e+05  8.10000e-01  9.26019e-01
3.70023e+05  8.10200e-01  9.26019e-01
3.69931e+05  8.10400e-01  9.26115e-01
3.69840e+05  8.10600e-01  9.26500e-01
3.69749e+05  8.10800e-01  9.26884e-01
3.69658e+05  8.11000e-01  9.27556e-01
3.69567e+05  8.11200e-01  9.27653e-01
3.69476e+05  8.11400e-01  9.27653e-01
3.69384e+05  8.11600e-01  9.27364e-01
3.69293e+05  8.11800e-01  9.27268e-01
3.69203e+05  8.12000e-01  9.27460e-01
3.69112e+05  8.12200e-01  9.27268e-01
3.69021e+05  8.12400e-01  9.27653e-01
3.68930e+05  8.12600e-01  9.27941e-01
3.68839e+05  8.12800e-01  9.28229e-01
3.68748e+05  8.13000e-01  9.28421e-01
3.68658e+05  8.13200e-01  9.28902e-01
3.68567e+05  8.13400e-01  9.29574e-01
3.68476e+05  8.13600e-01  9.30151e-01
3.68386e+05  8.13800e-01  9.30247e-01
3.68295e+05  8.14000e-01  9.30151e-01
3.68205e+05  8.14200e-01  9.30824e-01
3.68115e+05  8.14400e-01  9.31016e-01
3.68024e+05  8.14600e-01  9.30631e-01
3.67934e+05  8.14800e-01  9.30920e-01
3.67844e+05  8.15000e-01  9.30824e-01
3.67753e+05  8.15200e-01  9.31208e-01
3.67663e+05  8.15400e-01  9.31304e-01
3.67573e+05  8.15600e-01  9.32073e-01
3.67483e+05  8.15800e-01  9.32265e-01
3.67393e+05  8.16000e-01  9.33034e-01
3.67303e+05  8.16200e-01  9.33322e-01
3.67213e+05  8.16400e-01  9.33898e-01
3.67123e+05  8.16600e-01  9.34667e-01
3.67033e+05  8.16800e-01  9.34571e-01
3.66943e+05  8.17000e-01  9.34667e-01
3.66853e+05  8.17200e-01  9.34571e-01
3.66763e+05  8.17400e-01  9.34283e-01
3.66674e+05  8.17600e-01  9.34091e-01
3.66584e+05  8.17800e-01  9.34283e-01
3.66494e+05  8.18000e-01  9.34379e-01
3.66405e+05  8.18200e-01  9.34763e-01
3.66315e+05  8.18400e-01  9.35148e-01
3.66226e+05  8.18600e-01  9.36301e-01
3.66136e+05  8.18800e-01  9.36493e-01
3.66047e+05  8.19000e-01  9.36301e-01
3.65958e+05  8.19200e-01  9.36493e-01
3.65868e+05  8.19400e-01  9.36493e-01
3.65779e+05  8.19600e-01  9.35916e-01
3.65690e+05  8.19800e-01  9.35052e-01
3.65601e+05  8.20000e-01  9.36012e-01
3.65511e+05  8.20200e-01  9.36589e-01
3.65422e+05  8.20400e-01  9.37358e-01
3.65333e+05  8.20600e-01  9.37742e-01
3.65244e+05  8.20800e-01  9.38030e-01
3.65155e+05  8.21000e-01  9.38319e-01
3.65066e+05  8.21200e-01  9.38799e-01
3.64977e+05  8.21400e-01  9.38895e-01
3.64889e+05  8.21600e-01  9.38991e-01
3.64800e+05  8.21800e-01  9.38991e-01
3.64711e+05  8.22000e-01  9.38799e-01
3.64622e+05  8.22200e-01  9.38799e-01
3.64534e+05  8.22400e-01  9.39087e-01
3.64445e+05  8.22600e-01  9.39376e-01
3.64356e+05  8.22800e-01  9.39376e-01
3.64268e+05  8.23000e-01  9.39472e-01
3.64179e+05  8.23200e-01  9.40337e-01
3.64091e+05  8.23400e-01  9.40337e-01
3.64002e+05  8.23600e-01  9.40529e-01
3.63914e+05  8.23800e-01  9.41297e-01
3.63826e+05  8.24000e-01  9.41201e-01
3.63738e+05  8.24200e-01  9.41201e-01
3.63649e+05  8.24400e-01  9.40433e-01
3.63561e+05  8.24600e-01  9.40913e-01
3.63473e+05  8.24800e-01  9.40913e-01
3.63385e+05  8.25000e-01  9.41489e-01
3.63297e+05  8.25200e-01  9.42258e-01
3.63209e+05  8.25400e-01  9.42835e-01
3.63121e+05  8.25600e-01  9.43219e-01
3.63033e+05  8.25800e-01  9.43027e-01
3.62945e+05  8.26000e-01  9.43411e-01
3.62857e+05  8.26200e-01  9.43507e-01
3.62769e+05  8.26400e-01  9.43315e-01
3.62681e+05  8.26600e-01  9.43507e-01
3.62594e+05  8.26800e-01  9.43604e-01
3.62506e+05  8.27000e-01  9.43604e-01
3.62418e+05  8.27200e-01  9.43411e-01
3.62331e+05  8.27400e-01  9.43411e-01
3.62243e+05  8.27600e-01  9.43027e-01
3.62156e+05  8.27800e-01  9.43700e-01
3.62068e+05  8.28000e-01  9.43315e-01
3.61981e+05  8.28200e-01  9.43411e-01
3.61893e+05  8.28400e-01  9.43411e-01
3.61806e+05  8.28600e-01  9.43315e-01
3.61719e+05  8.28800e-01  9.43315e-01
3.61631e+05  8.29000e-01  9.43604e-01
3.61544e+05  8.29200e-01  9.43604e-01
3.61457e+05  8.29400e-01  9.43988e-01
3.61370e+05  8.29600e-01  9.44468e-01
3.61283e+05  8.29800e-01  9.45333e-01
3.61196e+05  8.30000e-01  9.46102e-01
3.61109e+05  8.30200e-01  9.45814e-01
3.61022e+05  8.30400e-01  9.45910e-01
3.60935e+05  8.30600e-01  9.46198e-01
3.60848e+05  8.30800e-01  9.45045e-01
3.60761e+05  8.31000e-01  9.44853e-01
3.60674e+05  8.31200e-01  9.44661e-01
3.60588e+05  8.31400e-01  9.44661e-01
3.60501e+05  8.31600e-01  9.45141e-01
3.60414e+05  8.31800e-01  9.46198e-01
3.60327e+05  8.32000e-01  9.46006e-01
3.60241e+05  8.32200e-01  9.46102e-01
3.60154e+05  8.32400e-01  9.46582e-01
3.60068e+05  8.32600e-01  9.45814e-01
3.59981e+05  8.32800e-01  9.45237e-01
3.59895e+05  8.33000e-01  9.44949e-01
3.59809e+05  8.33200e-01  9.45141e-01
3.59722e+05  8.33400e-01  9.45717e-01
3.59636e+05  8.33600e-01  9.46390e-01
3.59550e+05  8.33800e-01  9.46967e-01
3.59463e+05  8.34000e-01  9.47543e-01
3.59377e+05  8.34200e-01  9.47639e-01
3.59291e+05  8.34400e-01  9.47255e-01
3.59205e+05  8.34600e-01  9.46582e-01
3.59119e+05  8.34800e-01  9.46102e-01
3.59033e+05  8.35000e-01  9.45814e-01
3.58947e+05  8.35200e-01  9.45910e-01
3.58861e+05  8.35400e-01  9.46198e-01
3.58775e+05  8.35600e-01  9.46967e-01
3.58689e+05  8.35800e-01  9.47063e-01
3.58603e+05  8.36000e-01  9.46967e-01
3.58518e+05  8.36200e-01  9.46967e-01
3.58432e+05  8.36400e-01  9.46006e-01
3.58346e+05  8.36600e-01  9.46198e-01
3.58261e+05  8.36800e-01  9.45429e-01
3.58175e+05  8.37000e-01  9.44949e-01
3.58089e+05  8.37200e-01  9.45333e-01
3.58004e+05  8.37400e-01  9.45621e-01
3.57918e+05  8.37600e-01  9.46294e-01
3.57833e+05  8.37800e-01  9.46678e-01
3.57748e+05  8.38000e-01  9.47543e-01
3.57662e+05  8.38200e-01  9.48120e-01
3.57577e+05  8.38400e-01  9.47639e-01
3.57492e+05  8.38600e-01  9.48312e-01
3.57406e+05  8.38800e-01  9.47639e-01
3.57321e+05  8.39000e-01  9.47063e-01
3.57236e+05  8.39200e-01  9.46294e-01
3.57151e+05  8.39400e-01  9.46678e-01
3.57066e+05  8.39600e-01  9.46486e-01
3.56981e+05  8.39800e-01  9.46294e-01
3.56896e+05  8.40000e-01  9.47063e-01
3.56811e+05  8.40200e-01  9.46006e-01
3.56726e+05  8.40400e-01  9.45525e-01
3.56641e+05  8.40600e-01  9.45237e-01
3.56556e+05  8.40800e-01  9.45333e-01
3.56471e+05  8.41000e-01  9.44853e-01
3.56387e+05  8.41200e-01  9.45525e-01
3.56302e+05  8.41400e-01  9.45525e-01
3.56217e+05  8.41600e-01  9.45814e-01
3.56133e+05  8.41800e-01  9.45429e-01
3.56048e+05  8.42000e-01  9.45141e-01
3.55963e+05  8.42200e-01  9.45429e-01
3.55879e+05  8.42400e-01  9.45717e-01
3.55795e+05  8.42600e-01  9.45717e-01
3.55710e+05  8.42800e-01  9.46294e-01
3.55626e+05  8.43000e-01  9.46102e-01
3.55541e+05  8.43200e-01  9.45717e-01
3.55457e+05  8.43400e-01  9.45045e-01
3.55373e+05  8.43600e-01  9.44564e-01
3.55289e+05  8.43800e-01  9.43507e-01
3.55204e+05  8.44000e-01  9.43988e-01
3.55120e+05  8.44200e-01  9.44661e-01
3.55036e+05  8.44400e-01  9.46006e-01
3.54952e+05  8.44600e-01  9.45717e-01
3.54868e+05  8.44800e-01  9.45525e-01
3.54784e+05  8.45000e-01  9.44757e-01
3.54700e+05  8.45200e-01  9.44468e-01
3.54616e+05  8.45400e-01  9.43315e-01
3.54532e+05  8.45600e-01  9.43219e-01
3.54448e+05  8.45800e-01  9.43027e-01
3.54365e+05  8.46000e-01  9.43411e-01
3.54281e+05  8.46200e-01  9.43604e-01
3.54197e+05  8.46400e-01  9.42931e-01
3.54113e+05  8.46600e-01  9.42546e-01
3.54030e+05  8.46800e-01  9.43027e-01
3.53946e+05  8.47000e-01  9.43411e-01
3.53863e+05  8.47200e-01  9.42931e-01
3.53779e+05  8.47400e-01  9.42739e-01
3.53696e+05  8.47600e-01  9.42643e-01
3.53612e+05  8.47800e-01  9.42450e-01
3.53529e+05  8.48000e-01  9.42546e-01
3.53445e+05  8.48200e-01  9.42931e-01
3.53362e+05  8.48400e-01  9.42739e-01
3.53279e+05  8.48600e-01  9.42354e-01
3.53196e+05  8.48800e-01  9.42450e-01
3.53112e+05  8.49000e-01  9.42354e-01
3.53029e+05  8.49200e-01  9.41586e-01
3.52946e+05  8.49400e-01  9.41105e-01
3.52863e+05  8.49600e-01  9.40817e-01
3.52780e+05  8.49800e-01  9.40433e-01
3.52697e+05  8.50000e-01  9.39760e-01
3.52614e+05  8.50200e-01  9.39087e-01
3.52531e+05  8.50400e-01  9.39472e-01
3.52448e+05  8.50600e-01  9.39760e-01
3.52365e+05  8.50800e-01  9.39760e-01
3.52283e+05  8.51000e-01  9.40048e-01
3.52200e+05  8.51200e-01  9.39856e-01
3.52117e+05  8.51400e-01  9.39183e-01
3.52034e+05  8.51600e-01  9.38319e-01
3.51952e+05  8.51800e-01  9.38222e-01
3.51869e+05  8.52000e-01  9.38319e-01
3.51787e+05  8.52200e-01  9.37838e-01
3.51704e+05  8.52400e-01  9.37454e-01
3.51621e+05  8.52600e-01  9.36973e-01
3.51539e+05  8.52800e-01  9.37358e-01
3.51457e+05  8.53000e-01  9.36877e-01
3.51374e+05  8.53200e-01  9.35724e-01
3.51292e+05  8.53400e-01  9.35148e-01
3.51210e+05  8.53600e-01  9.35820e-01
3.51127e+05  8.53800e-01  9.34955e-01
3.51045e+05  8.54000e-01  9.34859e-01
3.50963e+05  8.54200e-01  9.34091e-01
3.50881e+05  8.54400e-01  9.33802e-01
3.50799e+05  8.54600e-01  9.33898e-01
3.50716e+05  8.54800e-01  9.33322e-01
3.50634e+05  8.55000e-01  9.32457e-01
3.50552e+05  8.55200e-01  9.31881e-01
3.50470e+05  8.55400e-01  9.31016e-01
3.50389e+05  8.55600e-01  9.30920e-01
3.50307e+05  8.55800e-01  9.30535e-01
3.50225e+05  8.56000e-01  9.31112e-01
3.50143e+05  8.56200e-01  9.31304e-01
3.50061e+05  8.56400e-01  9.30631e-01
3.49980e+05  8.56600e-01  9.30824e-01
3.49898e+05  8.56800e-01  9.30343e-01
3.49816e+05  8.57000e-01  9.28806e-01
3.49735e+05  8.57200e-01  9.27941e-01
3.49653e+05  8.57400e-01  9.26980e-01
3.49571e+05  8.57600e-01  9.26980e-01
3.49490e+05  8.57800e-01  9.26884e-01
3.49408e+05  8.58000e-01  9.26211e-01
3.49327e+05  8.58200e-01  9.25731e-01
3.49246e+05  8.58400e-01  9.25250e-01
3.49164e+05  8.58600e-01  9.24193e-01
3.49083e+05  8.58800e-01  9.23425e-01
3.49002e+05  8.59000e-01  9.22848e-01
3.48920e+05  8.59200e-01  9.22272e-01
3.48839e+05  8.59400e-01  9.22656e-01
3.48758e+05  8.59600e-01  9.22368e-01
3.48677e+05  8.59800e-01  9.21503e-01
3.48596e+05  8.60000e-01  9.21791e-01
3.48515e+05  8.60200e-01  9.21599e-01
3.48434e+05  8.60400e-01  9.21118e-01
3.48353e+05  8.60600e-01  9.20638e-01
3.48272e+05  8.60800e-01  9.20061e-01
3.48191e+05  8.61000e-01  9.19197e-01
3.48110e+05  8.61200e-01  9.18140e-01
3.48029e+05  8.61400e-01  9.17755e-01
3.47949e+05  8.61600e-01  9.17467e-01
3.47868e+05  8.61800e-01  9.16891e-01
3.47787e+05  8.62000e-01  9.15833e-01
3.47706e+05  8.62200e-01  9.15930e-01
3.47626e+05  8.62400e-01  9.15353e-01
3.47545e+05  8.62600e-01  9.14488e-01
3.47465e+05  8.62800e-01  9.14008e-01
3.47384e+05  8.63000e-01  9.13335e-01
3.47304e+05  8.63200e-01  9.12855e-01
3.47223e+05  8.63400e-01  9.12759e-01
3.47143e+05  8.63600e-01  9.11990e-01
3.47062e+05  8.63800e-01  9.11990e-01
3.46982e+05  8.64000e-01  9.11317e-01
3.46902e+05  8.64200e-01  9.10645e-01
3.46821e+05  8.64400e-01  9.09203e-01
3.46741e+05  8.64600e-01  9.08242e-01
3.46661e+05  8.64800e-01  9.06513e-01
3.46581e+05  8.65000e-01  9.06321e-01
3.46501e+05  8.65200e-01  9.06129e-01
3.46421e+05  8.65400e-01  9.06417e-01
3.46341e+05  8.65600e-01  9.05840e-01
3.46261e+05  8.65800e-01  9.05071e-01
3.46181e+05  8.66000e-01  9.03822e-01
3.46101e+05  8.66200e-01  9.03150e-01
3.46021e+05  8.66400e-01  9.03053e-01
3.45941e+05  8.66600e-01  9.02093e-01
3.45861e+05  8.66800e-01  9.01997e-01
3.45781e+05  8.67000e-01  9.01132e-01
3.45702e+05  8.67200e-01  9.01132e-01
3.45622e+05  8.67400e-01  9.00555e-01
3.45542e+05  8.67600e-01  8.98633e-01
3.45463e+05  8.67800e-01  8.97192e-01
3.45383e+05  8.68000e-01  8.96808e-01
3.45303e+05  8.68200e-01  8.96327e-01
3.45224e+05  8.68400e-01  8.95463e-01
3.45144e+05  8.68600e-01  8.94694e-01
3.45065e+05  8.68800e-01  8.94405e-01
3.44986e+05  8.69000e-01  8.94309e-01
3.44906e+05  8.69200e-01  8.94021e-01
3.44827e+05  8.69400e-01  8.93252e-01
3.44748e+05  8.69600e-01  8.92387e-01
3.44668e+05  8.69800e-01  8.91042e-01
3.44589e+05  8.70000e-01  8.89889e-01
3.44510e+05  8.70200e-01  8.88352e-01
3.44431e+05  8.70400e-01  8.88352e-01
3.44352e+05  8.70600e-01  8.87583e-01
3.44272e+05  8.70800e-01  8.87391e-01
3.44193e+05  8.71000e-01  8.87007e-01
3.44114e+05  8.71200e-01  8.86430e-01
3.44035e+05  8.71400e-01  8.85565e-01
3.43956e+05  8.71600e-01  8.84892e-01
3.43878e+05  8.71800e-01  8.84892e-01
3.43799e+05  8.72000e-01  8.84700e-01
3.43720e+05  8.72200e-01  8.83836e-01
3.43641e+05  8.72400e-01  8.83163e-01
3.43562e+05  8.72600e-01  8.82202e-01
3.43484e+05  8.72800e-01  8.81914e-01
3.43405e+05  8.73000e-01  8.81625e-01
3.43326e+05  8.73200e-01  8.79800e-01
3.43248e+05  8.73400e-01  8.78743e-01
3.43169e+05  8.73600e-01  8.77782e-01
3.43090e+05  8.73800e-01  8.78070e-01
3.43012e+05  8.74000e-01  8.77398e-01
3.42933e+05  8.74200e-01  8.77013e-01
3.42855e+05  8.74400e-01  8.76821e-01
3.42777e+05  8.74600e-01  8.76533e-01
3.42698e+05  8.74800e-01  8.76244e-01
3.42620e+05  8.75000e-01  8.75091e-01
3.42542e+05  8.75200e-01  8.74034e-01
3.42463e+05  8.75400e-01  8.72977e-01
3.42385e+05  8.75600e-01  8.72497e-01
3.42307e+05  8.75800e-01  8.72113e-01
3.42229e+05  8.76000e-01  8.71632e-01
3.42151e+05  8.76200e-01  8.71728e-01
3.42073e+05  8.76400e-01  8.71152e-01
3.41995e+05  8.76600e-01  8.70191e-01
3.41917e+05  8.76800e-01  8.69614e-01
3.41839e+05  8.77000e-01  8.69134e-01
3.41761e+05  8.77200e-01  8.68557e-01
3.41683e+05  8.77400e-01  8.67981e-01
3.41605e+05  8.77600e-01  8.67596e-01
3.41527e+05  8.77800e-01  8.66731e-01
3.41449e+05  8.78000e-01  8.65579e-01
3.41372e+05  8.78200e-01  8.64810e-01
3.41294e+05  8.78400e-01  8.64425e-01
3.41216e+05  8.78600e-01  8.64521e-01
3.41138e+05  8.78800e-01  8.63945e-01
3.41061e+05  8.79000e-01  8.63368e-01
3.40983e+05  8.79200e-01  8.62792e-01
3.40906e+05  8.79400e-01  8.61735e-01
3.40828e+05  8.79600e-01  8.61158e-01
3.40751e+05  8.79800e-01  8.60582e-01
3.40673e+05  8.80000e-01  8.60582e-01
3.40596e+05  8.80200e-01  8.60294e-01
3.40518e+05  8.80400e-01  8.59813e-01
3.40441e+05  8.80600e-01  8.59621e-01
3.40364e+05  8.80800e-01  8.59525e-01
3.40287e+05  8.81000e-01  8.59525e-01
3.40209e+05  8.81200e-01  8.58468e-01
3.40132e+05  8.81400e-01  8.57603e-01
3.40055e+05  8.81600e-01  8.57315e-01
3.39978e+05  8.81800e-01  8.57027e-01
3.39901e+05  8.82000e-01  8.57027e-01
3.39824e+05  8.82200e-01  8.56738e-01
3.39747e+05  8.82400e-01  8.56642e-01
3.39670e+05  8.82600e-01  8.55873e-01
3.39593e+05  8.82800e-01  8.54816e-01
3.39516e+05  8.83000e-01  8.54624e-01
3.39439e+05  8.83200e-01  8.54528e-01
3.39362e+05  8.83400e-01  8.54432e-01
3.39285e+05  8.83600e-01  8.54240e-01
3.39208e+05  8.83800e-01  8.53759e-01
3.39132e+05  8.84000e-01  8.53183e-01
3.39055e+05  8.84200e-01  8.53567e-01
3.38978e+05  8.84400e-01  8.53856e-01
3.38902e+05  8.84600e-01  8.53375e-01
3.38825e+05  8.84800e-01  8.53856e-01
3.38749e+05  8.85000e-01  8.53663e-01
3.38672e+05  8.85200e-01  8.52702e-01
3.38596e+05  8.85400e-01  8.51741e-01
3.38519e+05  8.85600e-01  8.51549e-01
3.38443e+05  8.85800e-01  8.51646e-01
3.38366e+05  8.86000e-01  8.52222e-01
3.38290e+05  8.86200e-01  8.52894e-01
3.38214e+05  8.86400e-01  8.52799e-01
3.38137e+05  8.86600e-01  8.53087e-01
3.38061e+05  8.86800e-01  8.52702e-01
3.37985e+05  8.87000e-01  8.52030e-01
3.37909e+05  8.87200e-01  8.51549e-01
3.37832e+05  8.87400e-01  8.50877e-01
3.37756e+05  8.87600e-01  8.50588e-01
3.37680e+05  8.87800e-01  8.50588e-01
3.37604e+05  8.88000e-01  8.50973e-01
3.37528e+05  8.88200e-01  8.51261e-01
3.37452e+05  8.88400e-01  8.50973e-01
3.37376e+05  8.88600e-01  8.51261e-01
3.37300e+05  8.88800e-01  8.50973e-01
3.37224e+05  8.89000e-01  8.50973e-01
3.37149e+05  8.89200e-01  8.50396e-01
3.37073e+05  8.89400e-01  8.50012e-01
3.36997e+05  8.89600e-01  8.50781e-01
3.36921e+05  8.89800e-01  8.51549e-01
3.36845e+05  8.90000e-01  8.52126e-01
3.36770e+05  8.90200e-01  8.52510e-01
3.36694e+05  8.90400e-01  8.52318e-01
3.36619e+05  8.90600e-01  8.52894e-01
3.36543e+05  8.90800e-01  8.53567e-01
3.36467e+05  8.91000e-01  8.53759e-01
3.36392e+05  8.91200e-01  8.53663e-01
3.36316e+05  8.91400e-01  8.53183e-01
3.36241e+05  8.91600e-01  8.52894e-01
3.36166e+05  8.91800e-01  8.51741e-01
3.36090e+05  8.92000e-01  8.51549e-01
3.36015e+05  8.92200e-01  8.52510e-01
3.35940e+05  8.92400e-01  8.53856e-01
3.35864e+05  8.92600e-01  8.54720e-01
3.35789e+05  8.92800e-01  8.55297e-01
3.35714e+05  8.93000e-01  8.56066e-01
3.35639e+05  8.93200e-01  8.55970e-01
3.35564e+05  8.93400e-01  8.55105e-01
3.35488e+05  8.93600e-01  8.55489e-01
3.35413e+05  8.93800e-01  8.56066e-01
3.35338e+05  8.94000e-01  8.56546e-01
3.35263e+05  8.94200e-01  8.56642e-01
3.35188e+05  8.94400e-01  8.56450e-01
3.35113e+05  8.94600e-01  8.56738e-01
3.35039e+05  8.94800e-01  8.57315e-01
3.34964e+05  8.95000e-01  8.57699e-01
3.34889e+05  8.95200e-01  8.58276e-01
3.34814e+05  8.95400e-01  8.58948e-01
3.34739e+05  8.95600e-01  8.59525e-01
3.34664e+05  8.95800e-01  8.59429e-01
3.34590e+05  8.96000e-01  8.59236e-01
3.34515e+05  8.96200e-01  8.59717e-01
3.34440e+05  8.96400e-01  8.60774e-01
3.34366e+05  8.96600e-01  8.61735e-01
3.34291e+05  8.96800e-01  8.62888e-01
3.34217e+05  8.97000e-01  8.63080e-01
3.34142e+05  8.97200e-01  8.63368e-01
3.34068e+05  8.97400e-01  8.63272e-01
3.33993e+05  8.97600e-01  8.63272e-01
3.33919e+05  8.97800e-01  8.63657e-01
3.33845e+05  8.98000e-01  8.63849e-01
3.33770e+05  8.98200e-01  8.65579e-01
3.33696e+05  8.98400e-01  8.66924e-01
3.33622e+05  8.98600e-01  8.66828e-01
3.33547e+05  8.98800e-01  8.67116e-01
3.33473e+05  8.99000e-01  8.67212e-01
3.33399e+05  8.99200e-01  8.67404e-01
3.33325e+05  8.99400e-01  8.67404e-01
3.33251e+05  8.99600e-01  8.68365e-01
3.33177e+05  8.99800e-01  8.69903e-01
3.33103e+05  9.00000e-01  8.71728e-01
3.33029e+05  9.00200e-01  8.72497e-01
3.32955e+05  9.00400e-01  8.73266e-01
3.32881e+05  9.00600e-01  8.73458e-01
3.32807e+05  9.00800e-01  8.74034e-01
3.32733e+05  9.01000e-01  8.73842e-01
3.32659e+05  9.01200e-01  8.74130e-01
3.32585e+05  9.01400e-01  8.75476e-01
3.32512e+05  9.01600e-01  8.77205e-01
3.32438e+05  9.01800e-01  8.78743e-01
3.32364e+05  9.02000e-01  8.79896e-01
3.32290e+05  9.02200e-01  8.80088e-01
3.32217e+05  9.02400e-01  8.80280e-01
3.32143e+05  9.02600e-01  8.79992e-01
3.32070e+05  9.02800e-01  8.80953e-01
3.31996e+05  9.03000e-01  8.82202e-01
3.31923e+05  9.03200e-01  8.83740e-01
3.31849e+05  9.03400e-01  8.84604e-01
3.31776e+05  9.03600e-01  8.85661e-01
3.31702e+05  9.03800e-01  8.86334e-01
3.31629e+05  9.04000e-01  8.86430e-01
3.31555e+05  9.04200e-01  8.85853e-01
3.31482e+05  9.04400e-01  8.86430e-01
3.31409e+05  9.04600e-01  8.87007e-01
3.31336e+05  9.04800e-01  8.88256e-01
3.31262e+05  9.05000e-01  8.89697e-01
3.31189e+05  9.05200e-01  8.90274e-01
3.31116e+05  9.05400e-01  8.90658e-01
3.31043e+05  9.05600e-01  8.91235e-01
3.30970e+05  9.05800e-01  8.92003e-01
3.30897e+05  9.06000e-01  8.92195e-01
3.30824e+05  9.06200e-01  8.92099e-01
3.30751e+05  9.06400e-01  8.93637e-01
3.30678e+05  9.06600e-01  8.94982e-01
3.30605e+05  9.06800e-01  8.95559e-01
3.30532e+05  9.07000e-01  8.96712e-01
3.30459e+05  9.07200e-01  8.97865e-01
3.30386e+05  9.07400e-01  8.98922e-01
3.30313e+05  9.07600e-01  8.99690e-01
3.30241e+05  9.07800e-01  9.00844e-01
3.30168e+05  9.08000e-01  9.01324e-01
3.30095e+05  9.08200e-01  9.01804e-01
3.30023e+05  9.08400e-01  9.01612e-01
3.29950e+05  9.08600e-01  9.02285e-01
3.29877e+05  9.08800e-01  9.02669e-01
3.29805e+05  9.09000e-01  9.04687e-01
3.29732e+05  9.09200e-01  9.05744e-01
3.29660e+05  9.09400e-01  9.06513e-01
3.29587e+05  9.09600e-01  9.08531e-01
3.29515e+05  9.09800e-01  9.09780e-01
3.29442e+05  9.10000e-01  9.10164e-01
3.29370e+05  9.10200e-01  9.10549e-01
3.29298e+05  9.10400e-01  9.10645e-01
3.29225e+05  9.10600e-01  9.11317e-01
3.29153e+05  9.10800e-01  9.12470e-01
3.29081e+05  9.11000e-01  9.13431e-01
3.29008e+05  9.11200e-01  9.14008e-01
3.28936e+05  9.11400e-01  9.14104e-01
3.28864e+05  9.11600e-01  9.14681e-01
3.28792e+05  9.11800e-01  9.14584e-01
3.28720e+05  9.12000e-01  9.16602e-01
3.28648e+05  9.12200e-01  9.17852e-01
3.28576e+05  9.12400e-01  9.19677e-01
3.28504e+05  9.12600e-01  9.21118e-01
3.28432e+05  9.12800e-01  9.21503e-01
3.28360e+05  9.13000e-01  9.21791e-01
3.28288e+05  9.13200e-01  9.21791e-01
3.28216e+05  9.13400e-01  9.21311e-01
3.28144e+05  9.13600e-01  9.22079e-01
3.28072e+05  9.13800e-01  9.23232e-01
3.28001e+05  9.14000e-01  9.23809e-01
3.27929e+05  9.14200e-01  9.25250e-01
3.27857e+05  9.14400e-01  9.26980e-01
3.27785e+05  9.14600e-01  9.27749e-01
3.27714e+05  9.14800e-01  9.27268e-01
3.27642e+05  9.15000e-01  9.26788e-01
3.27570e+05  9.15200e-01  9.27172e-01
3.27499e+05  9.15400e-01  9.27556e-01
3.27427e+05  9.15600e-01  9.28133e-01
3.27356e+05  9.15800e-01  9.28421e-01
3.27284e+05  9.16000e-01  9.29286e-01
3.27213e+05  9.16200e-01  9.30247e-01
3.27141e+05  9.16400e-01  9.30920e-01
3.27070e+05  9.16600e-01  9.32457e-01
3.26999e+05  9.16800e-01  9.34379e-01
3.26927e+05  9.17000e-01  9.35724e-01
3.26856e+05  9.17200e-01  9.36685e-01
3.26785e+05  9.17400e-01  9.37069e-01
3.26714e+05  9.17600e-01  9.36012e-01
3.26642e+05  9.17800e-01  9.35628e-01
3.26571e+05  9.18000e-01  9.35340e-01
3.26500e+05  9.18200e-01  9.35820e-01
3.26429e+05  9.18400e-01  9.36877e-01
3.26358e+05  9.18600e-01  9.37838e-01
3.26287e+05  9.18800e-01  9.38030e-01
3.26216e+05  9.19000e-01  9.38703e-01
3.26145e+05  9.19200e-01  9.38991e-01
3.26074e+05  9.19400e-01  9.38991e-01
3.26003e+05  9.19600e-01  9.38607e-01
3.25932e+05  9.19800e-01  9.38703e-01
3.25861e+05  9.20000e-01  9.39568e-01
3.25791e+05  9.20200e-01  9.40048e-01
3.25720e+05  9.20400e-01  9.41201e-01
3.25649e+05  9.20600e-01  9.41874e-01
3.25578e+05  9.20800e-01  9.41970e-01
3.25508e+05  9.21000e-01  9.41778e-01
3.25437e+05  9.21200e-01  9.41586e-01
3.25366e+05  9.21400e-01  9.41586e-01
3.25296e+05  9.21600e-01  9.42354e-01
3.25225e+05  9.21800e-01  9.43219e-01
3.25155e+05  9.22000e-01  9.44084e-01
3.25084e+05  9.22200e-01  9.44853e-01
3.25014e+05  9.22400e-01  9.44564e-01
3.24943e+05  9.22600e-01  9.44372e-01
3.24873e+05  9.22800e-01  9.43892e-01
3.24802e+05  9.23000e-01  9.43988e-01
3.24732e+05  9.23200e-01  9.43988e-01
3.24662e+05  9.23400e-01  9.43700e-01
3.24591e+05  9.23600e-01  9.43988e-01
3.24521e+05  9.23800e-01  9.45045e-01
3.24451e+05  9.24000e-01  9.46102e-01
3.24380e+05  9.24200e-01  9.46390e-01
3.24310e+05  9.24400e-01  9.46582e-01
3.24240e+05  9.24600e-01  9.46678e-01
3.24170e+05  9.24800e-01  9.46774e-01
3.24100e+05  9.25000e-01  9.46774e-01
3.24030e+05  9.25200e-01  9.46390e-01
3.23960e+05  9.25400e-01  9.45717e-01
3.23890e+05  9.25600e-01  9.45525e-01
3.23820e+05  9.25800e-01  9.44468e-01
3.23750e+05  9.26000e-01  9.43892e-01
3.23680e+05  9.26200e-01  9.43700e-01
3.23610e+05  9.26400e-01  9.44757e-01
3.23540e+05  9.26600e-01  9.46198e-01
3.23470e+05  9.26800e-01  9.47255e-01
3.23401e+05  9.27000e-01  9.47543e-01
3.23331e+05  9.27200e-01  9.47735e-01
3.23261e+05  9.27400e-01  9.47159e-01
3.23192e+05  9.27600e-01  9.47159e-01
3.23122e+05  9.27800e-01  9.47159e-01
3.23052e+05  9.28000e-01  9.46774e-01
3.22983e+05  9.28200e-01  9.46198e-01
3.22913e+05  9.28400e-01  9.46102e-01
3.22843e+05  9.28600e-01  9.45621e-01
3.22774e+05  9.28800e-01  9.45333e-01
3.22704e+05  9.29000e-01  9.45429e-01
3.22635e+05  9.29200e-01  9.45525e-01
3.22566e+05  9.29400e-01  9.45141e-01
3.22496e+05  9.29600e-01  9.43796e-01
3.22427e+05  9.29800e-01  9.43507e-01
3.22357e+05  9.30000e-01  9.43123e-01
3.22288e+05  9.30200e-01  9.43892e-01
3.22219e+05  9.30400e-01  9.43700e-01
3.22150e+05  9.30600e-01  9.44372e-01
3.22080e+05  9.30800e-01  9.45333e-01
3.22011e+05  9.31000e-01  9.44949e-01
3.21942e+05  9.31200e-01  9.43988e-01
3.21873e+05  9.31400e-01  9.43219e-01
3.21804e+05  9.31600e-01  9.42931e-01
3.21735e+05  9.31800e-01  9.42450e-01
3.21666e+05  9.32000e-01  9.42162e-01
3.21597e+05  9.32200e-01  9.42835e-01
3.21528e+05  9.32400e-01  9.43411e-01
3.21459e+05  9.32600e-01  9.43796e-01
3.21390e+05  9.32800e-01  9.44180e-01
3.21321e+05  9.33000e-01  9.43700e-01
3.21252e+05  9.33200e-01  9.43892e-01
3.21183e+05  9.33400e-01  9.43507e-01
3.21114e+05  9.33600e-01  9.43219e-01
3.21046e+05  9.33800e-01  9.42258e-01
3.20977e+05  9.34000e-01  9.42162e-01
3.20908e+05  9.34200e-01  9.42258e-01
3.20840e+05  9.34400e-01  9.42739e-01
3.20771e+05  9.34600e-01  9.43219e-01
3.20702e+05  9.34800e-01  9.44084e-01
3.20634e+05  9.35000e-01  9.43219e-01
3.20565e+05  9.35200e-01  9.43315e-01
3.20497e+05  9.35400e-01  9.42739e-01
3.20428e+05  9.35600e-01  9.42066e-01
3.20360e+05  9.35800e-01  9.41201e-01
3.20291e+05  9.36000e-01  9.41105e-01
3.20223e+05  9.36200e-01  9.40625e-01
3.20154e+05  9.36400e-01  9.40144e-01
3.20086e+05  9.36600e-01  9.41297e-01
3.20018e+05  9.36800e-01  9.42162e-01
3.19949e+05  9.37000e-01  9.43411e-01
3.19881e+05  9.37200e-01  9.44372e-01
3.19813e+05  9.37400e-01  9.44564e-01
3.19745e+05  9.37600e-01  9.44564e-01
3.19676e+05  9.37800e-01  9.44661e-01
3.19608e+05  9.38000e-01  9.42739e-01
3.19540e+05  9.38200e-01  9.41489e-01
3.19472e+05  9.38400e-01  9.41393e-01
3.19404e+05  9.38600e-01  9.41297e-01
3.19336e+05  9.38800e-01  9.41874e-01
3.19268e+05  9.39000e-01  9.42739e-01
3.19200e+05  9.39200e-01  9.43315e-01
3.19132e+05  9.39400e-01  9.43027e-01
3.19064e+05  9.39600e-01  9.43123e-01
3.18996e+05  9.39800e-01  9.43700e-01
3.18928e+05  9.40000e-01  9.43796e-01
3.18860e+05  9.40200e-01  9.43315e-01
3.18792e+05  9.40400e-01  9.43700e-01
3.18725e+05  9.40600e-01  9.43604e-01
3.18657e+05  9.40800e-01  9.42931e-01
3.18589e+05  9.41000e-01  9.43123e-01
3.18522e+05  9.41200e-01  9.42931e-01
3.18454e+05  9.41400e-01  9.43315e-01
3.18386e+05  9.41600e-01  9.43123e-01
3.18319e+05  9.41800e-01  9.43411e-01
3.18251e+05  9.42000e-01  9.44180e-01
3.18183e+05  9.42200e-01  9.44372e-01
3.18116e+05  9.42400e-01  9.44468e-01
3.18048e+05  9.42600e-01  9.45045e-01
3.17981e+05  9.42800e-01  9.44949e-01
3.17914e+05  9.43000e-01  9.44564e-01
3.17846e+05  9.43200e-01  9.43892e-01
3.17779e+05  9.43400e-01  9.44180e-01
3.17711e+05  9.43600e-01  9.44180e-01
3.17644e+05  9.43800e-01  9.44853e-01
3.17577e+05  9.44000e-01  9.45237e-01
3.17509e+05  9.44200e-01  9.44949e-01
3.17442e+05  9.44400e-01  9.44661e-01
3.17375e+05  9.44600e-01  9.44661e-01
3.17308e+05  9.44800e-01  9.43988e-01
3.17241e+05  9.45000e-01  9.43796e-01
3.17174e+05  9.45200e-01  9.43315e-01
3.17106e+05  9.45400e-01  9.42450e-01
3.17039e+05  9.45600e-01  9.42643e-01
3.16972e+05  9.45800e-01  9.42450e-01
3.16905e+05  9.46000e-01  9.41201e-01
3.16838e+05  9.46200e-01  9.41586e-01
3.16771e+05  9.46400e-01  9.40817e-01
3.16704e+05  9.46600e-01  9.39856e-01
3.16638e+05  9.46800e-01  9.38895e-01
3.16571e+05  9.47000e-01  9.38415e-01
3.16504e+05  9.47200e-01  9.37646e-01
3.16437e+05  9.47400e-01  9.37550e-01
3.16370e+05  9.47600e-01  9.37454e-01
3.16304e+05  9.47800e-01  9.36781e-01
3.16237e+05  9.48000e-01  9.36205e-01
3.16170e+05  9.48200e-01  9.35052e-01
3.16103e+05  9.48400e-01  9.34091e-01
3.16037e+05  9.48600e-01  9.32553e-01
3.15970e+05  9.48800e-01  9.31208e-01
3.15904e+05  9.49000e-01  9.29863e-01
3.15837e+05  9.49200e-01  9.29190e-01
3.15770e+05  9.49400e-01  9.27556e-01
3.15704e+05  9.49600e-01  9.26692e-01
3.15637e+05  9.49800e-01  9.24962e-01
3.15571e+05  9.50000e-01  9.22944e-01
3.15505e+05  9.50200e-01  9.20926e-01
3.15438e+05  9.50400e-01  9.18812e-01
3.15372e+05  9.50600e-01  9.16506e-01
3.15305e+05  9.50800e-01  9.13239e-01
3.15239e+05  9.51000e-01  9.10741e-01
3.15173e+05  9.51200e-01  9.08338e-01
3.15107e+05  9.51400e-01  9.05840e-01
3.15040e+05  9.51600e-01  9.03726e-01
3.14974e+05  9.51800e-01  9.00747e-01
3.14908e+05  9.52000e-01  8.97961e-01
3.14842e+05  9.52200e-01  8.94694e-01
3.14776e+05  9.52400e-01  8.91715e-01
3.14710e+05  9.52600e-01  8.88544e-01
3.14644e+05  9.52800e-01  8.85277e-01
3.14578e+05  9.53000e-01  8.81722e-01
3.14512e+05  9.53200e-01  8.76917e-01
3.14446e+05  9.53400e-01  8.72881e-01
3.14380e+05  9.53600e-01  8.68365e-01
3.14314e+05  9.53800e-01  8.64329e-01
3.14248e+05  9.54000e-01  8.60101e-01
3.14182e+05  9.54200e-01  8.56258e-01
3.14116e+05  9.54400e-01  8.50781e-01
3.14050e+05  9.54600e-01  8.45111e-01
3.13985e+05  9.54800e-01  8.39346e-01
3.13919e+05  9.55000e-01  8.33196e-01
3.13853e+05  9.55200e-01  8.27431e-01
3.13787e+05  9.55400e-01  8.22242e-01
3.13722e+05  9.55600e-01  8.17437e-01
3.13656e+05  9.55800e-01  8.10134e-01
3.13590e+05  9.56000e-01  8.03408e-01
3.13525e+05  9.56200e-01  7.97451e-01
3.13459e+05  9.56400e-01  7.91493e-01
3.13394e+05  9.56600e-01  7.84671e-01
3.13328e+05  9.56800e-01  7.77656e-01
3.13263e+05  9.57000e-01  7.70738e-01
3.13197e+05  9.57200e-01  7.63050e-01
3.13132e+05  9.57400e-01  7.55363e-01
3.13066e+05  9.57600e-01  7.47676e-01
3.13001e+05  9.57800e-01  7.40469e-01
3.12936e+05  9.58000e-01  7.32782e-01
3.12870e+05  9.58200e-01  7.24807e-01
3.12805e+05  9.58400e-01  7.17312e-01
3.12740e+05  9.58600e-01  7.08952e-01
3.12675e+05  9.58800e-01  7.00496e-01
3.12609e+05  9.59000e-01  6.91656e-01
3.12544e+05  9.59200e-01  6.83104e-01
3.12479e+05  9.59400e-01  6.74071e-01
3.12414e+05  9.59600e-01  6.64462e-01
3.12349e+05  9.59800e-01  6.55622e-01
3.12284e+05  9.60000e-01  6.47166e-01
3.12219e+05  9.60200e-01  6.38902e-01
3.12154e+05  9.60400e-01  6.30062e-01
3.12089e+05  9.60600e-01  6.21606e-01
3.12024e+05  9.60800e-01  6.13054e-01
3.11959e+05  9.61000e-01  6.03253e-01
3.11894e+05  9.61200e-01  5.93163e-01
3.11829e+05  9.61400e-01  5.83362e-01
3.11764e+05  9.61600e-01  5.74041e-01
3.11699e+05  9.61800e-01  5.64625e-01
3.11635e+05  9.62000e-01  5.55592e-01
3.11570e+05  9.62200e-01  5.46368e-01
3.11505e+05  9.62400e-01  5.36663e-01
3.11440e+05  9.62600e-01  5.27630e-01
3.11376e+05  9.62800e-01  5.18309e-01
3.11311e+05  9.63000e-01  5.08412e-01
3.11246e+05  9.63200e-01  4.98227e-01
3.11182e+05  9.63400e-01  4.88714e-01
3.11117e+05  9.63600e-01  4.79297e-01
3.11053e+05  9.63800e-01  4.69399e-01
3.10988e+05  9.64000e-01  4.60559e-01
3.10924e+05  9.64200e-01  4.52103e-01
3.10859e+05  9.64400e-01  4.43840e-01
3.10795e+05  9.64600e-01  4.35864e-01
3.10730e+05  9.64800e-01  4.27312e-01
3.10666e+05  9.65000e-01  4.18952e-01
3.10601e+05  9.65200e-01  4.09824e-01
3.10537e+05  9.65400e-01  4.01176e-01
3.10473e+05  9.65600e-01  3.93296e-01
3.10408e+05  9.65800e-01  3.85417e-01
3.10344e+05  9.66000e-01  3.77538e-01
3.10280e+05  9.66200e-01  3.69466e-01
3.10216e+05  9.66400e-01  3.61875e-01
3.10152e+05  9.66600e-01  3.54572e-01
3.10087e+05  9.66800e-01  3.46981e-01
3.10023e+05  9.67000e-01  3.39774e-01
3.09959e+05  9.67200e-01  3.32279e-01
3.09895e+05  9.67400e-01  3.24976e-01
3.09831e+05  9.67600e-01  3.17577e-01
3.09767e+05  9.67800e-01  3.10851e-01
3.09703e+05  9.68000e-01  3.03932e-01
3.09639e+05  9.68200e-01  2.97302e-01
3.09575e+05  9.68400e-01  2.90768e-01
3.09511e+05  9.68600e-01  2.84714e-01
3.09447e+05  9.68800e-01  2.77892e-01
3.09383e+05  9.69000e-01  2.71358e-01
3.09319e+05  9.69200e-01  2.65208e-01
3.09256e+05  9.69400e-01  2.59539e-01
3.09192e+05  9.69600e-01  2.53678e-01
3.09128e+05  9.69800e-01  2.48489e-01
3.09064e+05  9.70000e-01  2.43011e-01
3.09001e+05  9.70200e-01  2.37246e-01
3.08937e+05  9.70400e-01  2.31481e-01
3.08873e+05  9.70600e-01  2.26484e-01
3.08810e+05  9.70800e-01  2.21295e-01
3.08746e+05  9.71000e-01  2.16202e-01
3.08683e+05  9.71200e-01  2.11782e-01
3.08619e+05  9.71400e-01  2.07170e-01
3.08555e+05  9.71600e-01  2.02558e-01
3.08492e+05  9.71800e-01  1.98330e-01
3.08428e+05  9.72000e-01  1.93621e-01
3.08365e+05  9.72200e-01  1.89393e-01
3.08302e+05  9.72400e-01  1.85358e-01
3.08238e+05  9.72600e-01  1.81226e-01
3.08175e+05  9.72800e-01  1.76902e-01
3.08111e+05  9.73000e-01  1.72482e-01
3.08048e+05  9.73200e-01  1.68542e-01
3.07985e+05  9.73400e-01  1.64794e-01
3.07922e+05  9.73600e-01  1.61047e-01
3.07858e+05  9.73800e-01  1.57107e-01
3.07795e+05  9.74000e-01  1.54032e-01
3.07732e+05  9.74200e-01  1.50669e-01
3.07669e+05  9.74400e-01  1.47114e-01
3.07606e+05  9.74600e-01  1.43462e-01
3.07543e+05  9.74800e-01  1.40003e-01
3.07479e+05  9.75000e-01  1.36928e-01
3.07416e+05  9.75200e-01  1.33853e-01
3.07353e+05  9.75400e-01  1.30875e-01
3.07290e+05  9.75600e-01  1.28184e-01
3.07227e+05  9.75800e-01  1.25397e-01
3.07164e+05  9.76000e-01  1.22899e-01
3.07101e+05  9.76200e-01  1.19920e-01
3.07039e+05  9.76400e-01  1.17038e-01
3.06976e+05  9.76600e-01  1.14347e-01
3.06913e+05  9.76800e-01  1.11849e-01
3.06850e+05  9.77000e-01  1.09447e-01
3.06787e+05  9.77200e-01  1.07140e-01
3.06724e+05  9.77400e-01  1.05026e-01
3.06662e+05  9.77600e-01  1.02720e-01
3.06599e+05  9.77800e-01  1.00222e-01
3.06536e+05  9.78000e-01  9.79160e-02
3.06474e+05  9.78200e-01  9.58110e-02
3.06411e+05  9.78400e-01  9.34960e-02
3.06348e+05  9.78600e-01  9.14970e-02
3.06286e+05  9.78800e-01  8.94410e-02
3.06223e+05  9.79000e-01  8.72400e-02
3.06161e+05  9.79200e-01  8.52130e-02
3.06098e+05  9.79400e-01  8.38000e-02
3.06036e+05  9.79600e-01  8.16670e-02
3.05973e+05  9.79800e-01  7.98800e-02
3.05911e+05  9.80000e-01  7.81020e-02
3.05848e+05  9.80200e-01  7.64400e-02
3.05786e+05  9.80400e-01  7.50370e-02
3.05723e+05  9.80600e-01  7.33170e-02
3.05661e+05  9.80800e-01  7.14140e-02
3.05599e+05  9.81000e-01  7.00690e-02
3.05537e+05  9.81200e-01  6.83580e-02
3.05474e+05  9.81400e-01  6.67150e-02
3.05412e+05  9.81600e-01  6.52450e-02
3.05350e+05  9.81800e-01  6.41590e-02
3.05288e+05  9.82000e-01  6.28040e-02
3.05225e+05  9.82200e-01  6.14880e-02
3.05163e+05  9.82400e-01  6.01620e-02
3.05101e+05  9.82600e-01  5.90670e-02
3.05039e+05  9.82800e-01  5.78170e-02
3.04977e+05  9.83000e-01  5.62610e-02
3.04915e+05  9.83200e-01  5.49830e-02
3.04853e+05  9.83400e-01  5.41660e-02
3.04791e+05  9.83600e-01  5.28980e-02
3.04729e+05  9.83800e-01  5.17730e-02
3.04667e+05  9.84000e-01  5.07930e-02
3.04605e+05  9.84200e-01  4.98900e-02
3.04543e+05  9.84400e-01  4.89670e-02
3.04481e+05  9.84600e-01  4.74110e-02
3.04420e+05  9.84800e-01  4.65650e-02
3.04358e+05  9.85000e-01  4.58450e-02
3.04296e+05  9.85200e-01  4.50180e-02
3.04234e+05  9.85400e-01  4.41530e-02
3.04173e+05  9.85600e-01  4.31160e-02
3.04111e+05  9.85800e-01  4.21260e-02
3.04049e+05  9.86000e-01  4.11070e-02
3.03987e+05  9.86200e-01  4.04630e-02
3.03926e+05  9.86400e-01  3.95600e-02
3.03864e+05  9.86600e-01  3.87050e-02
3.03803e+05  9.86800e-01  3.83010e-02
3.03741e+05  9.87000e-01  3.73600e-02
3.03680e+05  9.87200e-01  3.66100e-02
3.03618e+05  9.87400e-01  3.58700e-02
3.03557e+05  9.87600e-01  3.53420e-02
3.03495e+05  9.87800e-01  3.44390e-02
3.03434e+05  9.88000e-01  3.39870e-02
3.03372e+05  9.88200e-01  3.32860e-02
3.03311e+05  9.88400e-01  3.25940e-02
3.03250e+05  9.88600e-01  3.19790e-02
3.03188e+05  9.88800e-01  3.14020e-02
3.03127e+05  9.89000e-01  3.06820e-02
3.03066e+05  9.89200e-01  3.02780e-02
3.03004e+05  9.89400e-01  2.98070e-02
3.02943e+05  9.89600e-01  2.92110e-02
3.02882e+05  9.89800e-01  2.86540e-02
3.01906e+05  9.93000e-01  2.31770e-02
3.01602e+05  9.94000e-01  2.13320e-02
3.01299e+05  9.95000e-01  1.94490e-02
3.00996e+05  9.96000e-01  1.79400e-02
3.00695e+05  9.97000e-01  1.64700e-02
3.00393e+05  9.98000e-01  1.52490e-02
3.00093e+05  9.99000e-01  1.39910e-02
2.99792e+05  1.00000e+00  1.30300e-02
2.99493e+05  1.00100e+00  1.20110e-02
2.99194e+05  1.00200e+00  1.11940e-02
2.98896e+05  1.00300e+00  1.03300e-02
2.98598e+05  1.00400e+00  9.66700e-03
2.98301e+05  1.00500e+00  8.97000e-03
2.98004e+05  1.00600e+00  8.40400e-03
2.97708e+05  1.00700e+00  7.79400e-03
2.97413e+05  1.00800e+00  7.31200e-03
2.97118e+05  1.00900e+00  6.82600e-03
2.96824e+05  1.01000e+00  6.42500e-03
2.96531e+05  1.01100e+00  6.01200e-03
2.96238e+05  1.01200e+00  5.66400e-03
2.95945e+05  1.01300e+00  5.31200e-03
2.95653e+05  1.01400e+00  5.01400e-03
2.95362e+05  1.01500e+00  4.69900e-03
2.95071e+05  1.01600e+00  4.45800e-03
2.94781e+05  1.01700e+00  4.21500e-03
