HST_ACS_F435W
frq          wvl          transmission
[GHz]        [micron]                 
8.37873e+05  3.57802e-01  3.29277e-03
8.37753e+05  3.57853e-01  3.33027e-03
8.37631e+05  3.57905e-01  3.36809e-03
8.37512e+05  3.57956e-01  3.40594e-03
8.37390e+05  3.58008e-01  3.45484e-03
8.37271e+05  3.58059e-01  3.56770e-03
8.37150e+05  3.58111e-01  3.67936e-03
8.37030e+05  3.58162e-01  3.79202e-03
8.36911e+05  3.58213e-01  3.90440e-03
8.36790e+05  3.58265e-01  4.01766e-03
8.36671e+05  3.58316e-01  4.12976e-03
8.36549e+05  3.58368e-01  4.24281e-03
8.36430e+05  3.58419e-01  4.35551e-03
8.36309e+05  3.58471e-01  4.46880e-03
8.36190e+05  3.58522e-01  4.58173e-03
8.36069e+05  3.58574e-01  4.69519e-03
8.35950e+05  3.58625e-01  4.80836e-03
8.35831e+05  3.58676e-01  4.92161e-03
8.35710e+05  3.58728e-01  5.03538e-03
8.35591e+05  3.58779e-01  5.14843e-03
8.35470e+05  3.58831e-01  5.26236e-03
8.35351e+05  3.58882e-01  5.37600e-03
8.35230e+05  3.58934e-01  5.49022e-03
8.35111e+05  3.58985e-01  5.60409e-03
8.34990e+05  3.59037e-01  5.81352e-03
8.34872e+05  3.59088e-01  6.06017e-03
8.34751e+05  3.59140e-01  6.30807e-03
8.34632e+05  3.59191e-01  6.55522e-03
8.34512e+05  3.59243e-01  6.80347e-03
8.34391e+05  3.59295e-01  7.05191e-03
8.34272e+05  3.59346e-01  7.29971e-03
8.34152e+05  3.59398e-01  7.54864e-03
8.34033e+05  3.59449e-01  7.79693e-03
8.33913e+05  3.59501e-01  8.04634e-03
8.33792e+05  3.59553e-01  8.29406e-03
8.33674e+05  3.59604e-01  8.54385e-03
8.33553e+05  3.59656e-01  8.79395e-03
8.33435e+05  3.59707e-01  9.04235e-03
8.33315e+05  3.59759e-01  9.29278e-03
8.33194e+05  3.59811e-01  9.54245e-03
8.33076e+05  3.59862e-01  9.79342e-03
8.32956e+05  3.59914e-01  1.00437e-02
8.32835e+05  3.59966e-01  1.02951e-02
8.32718e+05  3.60017e-01  1.05839e-02
8.32597e+05  3.60069e-01  1.09505e-02
8.32477e+05  3.60121e-01  1.13159e-02
8.32359e+05  3.60172e-01  1.16832e-02
8.32239e+05  3.60224e-01  1.20494e-02
8.32119e+05  3.60276e-01  1.24173e-02
8.31999e+05  3.60328e-01  1.27857e-02
8.31881e+05  3.60379e-01  1.31529e-02
8.31761e+05  3.60431e-01  1.35204e-02
8.31641e+05  3.60483e-01  1.38884e-02
8.31523e+05  3.60534e-01  1.42581e-02
8.31403e+05  3.60586e-01  1.46252e-02
8.31284e+05  3.60638e-01  1.49955e-02
8.31164e+05  3.60690e-01  1.53662e-02
8.31046e+05  3.60741e-01  1.57358e-02
8.30926e+05  3.60793e-01  1.61071e-02
8.30807e+05  3.60845e-01  1.64775e-02
8.30687e+05  3.60897e-01  1.68495e-02
8.30567e+05  3.60949e-01  1.72204e-02
8.30448e+05  3.61001e-01  1.75930e-02
8.30330e+05  3.61052e-01  1.79514e-02
8.30211e+05  3.61104e-01  1.83114e-02
8.30091e+05  3.61156e-01  1.86704e-02
8.29972e+05  3.61208e-01  1.90311e-02
8.29852e+05  3.61260e-01  1.93907e-02
8.29735e+05  3.61311e-01  1.97521e-02
8.29616e+05  3.61363e-01  2.01123e-02
8.29496e+05  3.61415e-01  2.04728e-02
8.29377e+05  3.61467e-01  2.08352e-02
8.29258e+05  3.61519e-01  2.11950e-02
8.29139e+05  3.61571e-01  2.15581e-02
8.29022e+05  3.61622e-01  2.19199e-02
8.28902e+05  3.61674e-01  2.22836e-02
8.28783e+05  3.61726e-01  2.26475e-02
8.28664e+05  3.61778e-01  2.30104e-02
8.28545e+05  3.61830e-01  2.33736e-02
8.28426e+05  3.61882e-01  2.37385e-02
8.28307e+05  3.61934e-01  2.41037e-02
8.28188e+05  3.61986e-01  2.44679e-02
8.28069e+05  3.62038e-01  2.48545e-02
8.27950e+05  3.62090e-01  2.52476e-02
8.27831e+05  3.62142e-01  2.56427e-02
8.27712e+05  3.62194e-01  2.60365e-02
8.27594e+05  3.62246e-01  2.64322e-02
8.27475e+05  3.62298e-01  2.68253e-02
8.27356e+05  3.62350e-01  2.72217e-02
8.27237e+05  3.62402e-01  2.76184e-02
8.27119e+05  3.62454e-01  2.80123e-02
8.27000e+05  3.62506e-01  2.84099e-02
8.26881e+05  3.62558e-01  2.88063e-02
8.26763e+05  3.62610e-01  2.92045e-02
8.26644e+05  3.62662e-01  2.96016e-02
8.26526e+05  3.62714e-01  3.00005e-02
8.26407e+05  3.62766e-01  3.03982e-02
8.26289e+05  3.62818e-01  3.07977e-02
8.26170e+05  3.62870e-01  3.11961e-02
8.26050e+05  3.62923e-01  3.15965e-02
8.25931e+05  3.62975e-01  3.19974e-02
8.25813e+05  3.63027e-01  3.25527e-02
8.25695e+05  3.63079e-01  3.32582e-02
8.25577e+05  3.63131e-01  3.39617e-02
8.25458e+05  3.63183e-01  3.46687e-02
8.25340e+05  3.63235e-01  3.53707e-02
8.25222e+05  3.63287e-01  3.60788e-02
8.25104e+05  3.63339e-01  3.67848e-02
8.24986e+05  3.63391e-01  3.74918e-02
8.24866e+05  3.63444e-01  3.82019e-02
8.24748e+05  3.63496e-01  3.89100e-02
8.24630e+05  3.63548e-01  3.96217e-02
8.24512e+05  3.63600e-01  4.03313e-02
8.24392e+05  3.63653e-01  4.10440e-02
8.24274e+05  3.63705e-01  4.17546e-02
8.24156e+05  3.63757e-01  4.24689e-02
8.24038e+05  3.63809e-01  4.31810e-02
8.23920e+05  3.63861e-01  4.38967e-02
8.23800e+05  3.63914e-01  4.46126e-02
8.23683e+05  3.63966e-01  4.53268e-02
8.23565e+05  3.64018e-01  4.61613e-02
8.23447e+05  3.64070e-01  4.72277e-02
8.23327e+05  3.64123e-01  4.82948e-02
8.23210e+05  3.64175e-01  4.93548e-02
8.23092e+05  3.64227e-01  5.04242e-02
8.22975e+05  3.64279e-01  5.14903e-02
8.22855e+05  3.64332e-01  5.25613e-02
8.22738e+05  3.64384e-01  5.36290e-02
8.22620e+05  3.64436e-01  5.46982e-02
8.22501e+05  3.64489e-01  5.57722e-02
8.22383e+05  3.64541e-01  5.68428e-02
8.22266e+05  3.64593e-01  5.79186e-02
8.22149e+05  3.64645e-01  5.89916e-02
8.22029e+05  3.64698e-01  6.00699e-02
8.21912e+05  3.64750e-01  6.11444e-02
8.21793e+05  3.64803e-01  6.22241e-02
8.21676e+05  3.64855e-01  6.33049e-02
8.21559e+05  3.64907e-01  6.43828e-02
8.21439e+05  3.64960e-01  6.54615e-02
8.21322e+05  3.65012e-01  6.64915e-02
8.21205e+05  3.65064e-01  6.73392e-02
8.21086e+05  3.65117e-01  6.81941e-02
8.20969e+05  3.65169e-01  6.90495e-02
8.20850e+05  3.65222e-01  6.99025e-02
8.20733e+05  3.65274e-01  7.07600e-02
8.20616e+05  3.65326e-01  7.16116e-02
8.20497e+05  3.65379e-01  7.24701e-02
8.20380e+05  3.65431e-01  7.33265e-02
8.20262e+05  3.65484e-01  7.41867e-02
8.20145e+05  3.65536e-01  7.50476e-02
8.20026e+05  3.65589e-01  7.59063e-02
8.19909e+05  3.65641e-01  7.67658e-02
8.19790e+05  3.65694e-01  7.76291e-02
8.19674e+05  3.65746e-01  7.84932e-02
8.19555e+05  3.65799e-01  7.93550e-02
8.19439e+05  3.65851e-01  8.02207e-02
8.19320e+05  3.65904e-01  8.10843e-02
8.19204e+05  3.65956e-01  8.19511e-02
8.19085e+05  3.66009e-01  8.27327e-02
8.18969e+05  3.66061e-01  8.31146e-02
8.18850e+05  3.66114e-01  8.34952e-02
8.18734e+05  3.66166e-01  8.38775e-02
8.18615e+05  3.66219e-01  8.42602e-02
8.18499e+05  3.66271e-01  8.46402e-02
8.18381e+05  3.66324e-01  8.50234e-02
8.18264e+05  3.66376e-01  8.54055e-02
8.18146e+05  3.66429e-01  8.57894e-02
8.18028e+05  3.66482e-01  8.61738e-02
8.17912e+05  3.66534e-01  8.65569e-02
8.17793e+05  3.66587e-01  8.69405e-02
8.17675e+05  3.66640e-01  8.73260e-02
8.17559e+05  3.66692e-01  8.77101e-02
8.17441e+05  3.66745e-01  8.80960e-02
8.17323e+05  3.66798e-01  8.84806e-02
8.17207e+05  3.66850e-01  8.88675e-02
8.17089e+05  3.66903e-01  8.92546e-02
8.16973e+05  3.66955e-01  8.96387e-02
8.16855e+05  3.67008e-01  9.00775e-02
8.16737e+05  3.67061e-01  9.07920e-02
8.16620e+05  3.67114e-01  9.15098e-02
8.16504e+05  3.67166e-01  9.22253e-02
8.16386e+05  3.67219e-01  9.29413e-02
8.16268e+05  3.67272e-01  9.36607e-02
8.16153e+05  3.67324e-01  9.43783e-02
8.16035e+05  3.67377e-01  9.50989e-02
8.15917e+05  3.67430e-01  9.58205e-02
8.15800e+05  3.67483e-01  9.65396e-02
8.15684e+05  3.67535e-01  9.72595e-02
8.15566e+05  3.67588e-01  9.79828e-02
8.15449e+05  3.67641e-01  9.87039e-02
8.15331e+05  3.67694e-01  9.94286e-02
8.15216e+05  3.67746e-01  1.00151e-01
8.15099e+05  3.67799e-01  1.00877e-01
8.14981e+05  3.67852e-01  1.01601e-01
8.14864e+05  3.67905e-01  1.02325e-01
8.14746e+05  3.67958e-01  1.03053e-01
8.14631e+05  3.68010e-01  1.03870e-01
8.14514e+05  3.68063e-01  1.05069e-01
8.14397e+05  3.68116e-01  1.06265e-01
8.14279e+05  3.68169e-01  1.07463e-01
8.14162e+05  3.68222e-01  1.08662e-01
8.14047e+05  3.68274e-01  1.09865e-01
8.13930e+05  3.68327e-01  1.11066e-01
8.13813e+05  3.68380e-01  1.12277e-01
8.13696e+05  3.68433e-01  1.13476e-01
8.13579e+05  3.68486e-01  1.14684e-01
8.13462e+05  3.68539e-01  1.15893e-01
8.13345e+05  3.68592e-01  1.17100e-01
8.13228e+05  3.68645e-01  1.18312e-01
8.13111e+05  3.68698e-01  1.19520e-01
8.12994e+05  3.68751e-01  1.20734e-01
8.12877e+05  3.68804e-01  1.21945e-01
8.12763e+05  3.68856e-01  1.23157e-01
8.12646e+05  3.68909e-01  1.24369e-01
8.12529e+05  3.68962e-01  1.25587e-01
8.12413e+05  3.69015e-01  1.26827e-01
8.12296e+05  3.69068e-01  1.28112e-01
8.12179e+05  3.69121e-01  1.29397e-01
8.12063e+05  3.69174e-01  1.30683e-01
8.11946e+05  3.69227e-01  1.31976e-01
8.11830e+05  3.69280e-01  1.33265e-01
8.11713e+05  3.69333e-01  1.34565e-01
8.11597e+05  3.69386e-01  1.35850e-01
8.11480e+05  3.69439e-01  1.37148e-01
8.11364e+05  3.69492e-01  1.38441e-01
8.11248e+05  3.69545e-01  1.39740e-01
8.11131e+05  3.69598e-01  1.41036e-01
8.11015e+05  3.69651e-01  1.42337e-01
8.10896e+05  3.69705e-01  1.43640e-01
8.10780e+05  3.69758e-01  1.44939e-01
8.10664e+05  3.69811e-01  1.46245e-01
8.10548e+05  3.69864e-01  1.47541e-01
8.10432e+05  3.69917e-01  1.48849e-01
8.10316e+05  3.69970e-01  1.50152e-01
8.10200e+05  3.70023e-01  1.51214e-01
8.10083e+05  3.70076e-01  1.51948e-01
8.09967e+05  3.70129e-01  1.52682e-01
8.09852e+05  3.70182e-01  1.53420e-01
8.09736e+05  3.70235e-01  1.54156e-01
8.09620e+05  3.70288e-01  1.54892e-01
8.09502e+05  3.70342e-01  1.55632e-01
8.09386e+05  3.70395e-01  1.56373e-01
8.09270e+05  3.70448e-01  1.57111e-01
8.09154e+05  3.70501e-01  1.57853e-01
8.09039e+05  3.70554e-01  1.58593e-01
8.08921e+05  3.70608e-01  1.59337e-01
8.08805e+05  3.70661e-01  1.60077e-01
8.08689e+05  3.70714e-01  1.60821e-01
8.08574e+05  3.70767e-01  1.61564e-01
8.08458e+05  3.70820e-01  1.62307e-01
8.08340e+05  3.70874e-01  1.63054e-01
8.08225e+05  3.70927e-01  1.63798e-01
8.08109e+05  3.70980e-01  1.64546e-01
8.07994e+05  3.71033e-01  1.65354e-01
8.07879e+05  3.71086e-01  1.66207e-01
8.07761e+05  3.71140e-01  1.67058e-01
8.07646e+05  3.71193e-01  1.67913e-01
8.07530e+05  3.71246e-01  1.68765e-01
8.07413e+05  3.71300e-01  1.69621e-01
8.07298e+05  3.71353e-01  1.70478e-01
8.07183e+05  3.71406e-01  1.71333e-01
8.07065e+05  3.71460e-01  1.72191e-01
8.06950e+05  3.71513e-01  1.73047e-01
8.06835e+05  3.71566e-01  1.73908e-01
8.06718e+05  3.71620e-01  1.74765e-01
8.06603e+05  3.71673e-01  1.75626e-01
8.06488e+05  3.71726e-01  1.76486e-01
8.06371e+05  3.71780e-01  1.77346e-01
8.06256e+05  3.71833e-01  1.78210e-01
8.06141e+05  3.71886e-01  1.79071e-01
8.06024e+05  3.71940e-01  1.79936e-01
8.05909e+05  3.71993e-01  1.80796e-01
8.05792e+05  3.72047e-01  1.81626e-01
8.05677e+05  3.72100e-01  1.82448e-01
8.05562e+05  3.72153e-01  1.83274e-01
8.05446e+05  3.72207e-01  1.84098e-01
8.05331e+05  3.72260e-01  1.84925e-01
8.05214e+05  3.72314e-01  1.85750e-01
8.05099e+05  3.72367e-01  1.86579e-01
8.04983e+05  3.72421e-01  1.87409e-01
8.04868e+05  3.72474e-01  1.88235e-01
8.04751e+05  3.72528e-01  1.89066e-01
8.04637e+05  3.72581e-01  1.89895e-01
8.04523e+05  3.72634e-01  1.90728e-01
8.04406e+05  3.72688e-01  1.91558e-01
8.04292e+05  3.72741e-01  1.92388e-01
8.04175e+05  3.72795e-01  1.93220e-01
8.04061e+05  3.72848e-01  1.94055e-01
8.03944e+05  3.72902e-01  1.94892e-01
8.03830e+05  3.72955e-01  1.95722e-01
8.03714e+05  3.73009e-01  1.96743e-01
8.03600e+05  3.73062e-01  1.98678e-01
8.03483e+05  3.73116e-01  2.00622e-01
8.03367e+05  3.73170e-01  2.02561e-01
8.03253e+05  3.73223e-01  2.04509e-01
8.03137e+05  3.73277e-01  2.06451e-01
8.03023e+05  3.73330e-01  2.08402e-01
8.02907e+05  3.73384e-01  2.10349e-01
8.02790e+05  3.73438e-01  2.12303e-01
8.02677e+05  3.73491e-01  2.14251e-01
8.02560e+05  3.73545e-01  2.16211e-01
8.02444e+05  3.73599e-01  2.18171e-01
8.02331e+05  3.73652e-01  2.20125e-01
8.02215e+05  3.73706e-01  2.22083e-01
8.02101e+05  3.73759e-01  2.24041e-01
8.01985e+05  3.73813e-01  2.26009e-01
8.01871e+05  3.73866e-01  2.27971e-01
8.01756e+05  3.73920e-01  2.29934e-01
8.01640e+05  3.73974e-01  2.31900e-01
8.01526e+05  3.74027e-01  2.33634e-01
8.01411e+05  3.74081e-01  2.35137e-01
8.01295e+05  3.74135e-01  2.36636e-01
8.01179e+05  3.74189e-01  2.38142e-01
8.01066e+05  3.74242e-01  2.39643e-01
8.00950e+05  3.74296e-01  2.41151e-01
8.00835e+05  3.74350e-01  2.42656e-01
8.00721e+05  3.74403e-01  2.44167e-01
8.00606e+05  3.74457e-01  2.45674e-01
8.00490e+05  3.74511e-01  2.47188e-01
8.00375e+05  3.74565e-01  2.48698e-01
8.00260e+05  3.74619e-01  2.50214e-01
8.00146e+05  3.74672e-01  2.51727e-01
8.00031e+05  3.74726e-01  2.53241e-01
7.99916e+05  3.74780e-01  2.54762e-01
7.99801e+05  3.74834e-01  2.56279e-01
7.99688e+05  3.74887e-01  2.57797e-01
7.99572e+05  3.74941e-01  2.59316e-01
7.99457e+05  3.74995e-01  2.60843e-01
7.99342e+05  3.75049e-01  2.62083e-01
7.99227e+05  3.75103e-01  2.63299e-01
7.99114e+05  3.75156e-01  2.64510e-01
7.98999e+05  3.75210e-01  2.65729e-01
7.98884e+05  3.75264e-01  2.66948e-01
7.98769e+05  3.75318e-01  2.68164e-01
7.98654e+05  3.75372e-01  2.69386e-01
7.98539e+05  3.75426e-01  2.70604e-01
7.98425e+05  3.75480e-01  2.71828e-01
7.98310e+05  3.75534e-01  2.73047e-01
7.98195e+05  3.75588e-01  2.74272e-01
7.98082e+05  3.75641e-01  2.75489e-01
7.97968e+05  3.75695e-01  2.76717e-01
7.97853e+05  3.75749e-01  2.77947e-01
7.97738e+05  3.75803e-01  2.79168e-01
7.97624e+05  3.75857e-01  2.80399e-01
7.97509e+05  3.75911e-01  2.81626e-01
7.97395e+05  3.75965e-01  2.82859e-01
7.97280e+05  3.76019e-01  2.83862e-01
7.97166e+05  3.76073e-01  2.84445e-01
7.97051e+05  3.76127e-01  2.85026e-01
7.96937e+05  3.76181e-01  2.85610e-01
7.96822e+05  3.76235e-01  2.86193e-01
7.96708e+05  3.76289e-01  2.86778e-01
7.96594e+05  3.76343e-01  2.87364e-01
7.96479e+05  3.76397e-01  2.87947e-01
7.96365e+05  3.76451e-01  2.88534e-01
7.96251e+05  3.76505e-01  2.89119e-01
7.96137e+05  3.76559e-01  2.89707e-01
7.96023e+05  3.76613e-01  2.90291e-01
7.95908e+05  3.76667e-01  2.90879e-01
7.95794e+05  3.76721e-01  2.91465e-01
7.95680e+05  3.76775e-01  2.92052e-01
7.95566e+05  3.76829e-01  2.92642e-01
7.95452e+05  3.76883e-01  2.93231e-01
7.95336e+05  3.76938e-01  2.93822e-01
7.95222e+05  3.76992e-01  2.94411e-01
7.95108e+05  3.77046e-01  2.95343e-01
7.94995e+05  3.77100e-01  2.96335e-01
7.94881e+05  3.77154e-01  2.97332e-01
7.94767e+05  3.77208e-01  2.98326e-01
7.94653e+05  3.77262e-01  2.99324e-01
7.94539e+05  3.77316e-01  3.00315e-01
7.94424e+05  3.77371e-01  3.01319e-01
7.94310e+05  3.77425e-01  3.02316e-01
7.94196e+05  3.77479e-01  3.03318e-01
7.94083e+05  3.77533e-01  3.04321e-01
7.93969e+05  3.77587e-01  3.05317e-01
7.93854e+05  3.77642e-01  3.06322e-01
7.93740e+05  3.77696e-01  3.07323e-01
7.93627e+05  3.77750e-01  3.08325e-01
7.93513e+05  3.77804e-01  3.09333e-01
7.93400e+05  3.77858e-01  3.10336e-01
7.93286e+05  3.77912e-01  3.11341e-01
7.93171e+05  3.77967e-01  3.12351e-01
7.93058e+05  3.78021e-01  3.13329e-01
7.92944e+05  3.78075e-01  3.14252e-01
7.92829e+05  3.78130e-01  3.15180e-01
7.92716e+05  3.78184e-01  3.16104e-01
7.92603e+05  3.78238e-01  3.17033e-01
7.92490e+05  3.78292e-01  3.17956e-01
7.92374e+05  3.78347e-01  3.18890e-01
7.92261e+05  3.78401e-01  3.19818e-01
7.92148e+05  3.78455e-01  3.20750e-01
7.92035e+05  3.78509e-01  3.21677e-01
7.91920e+05  3.78564e-01  3.22611e-01
7.91807e+05  3.78618e-01  3.23546e-01
7.91692e+05  3.78673e-01  3.24478e-01
7.91579e+05  3.78727e-01  3.25411e-01
7.91466e+05  3.78781e-01  3.26349e-01
7.91352e+05  3.78836e-01  3.27283e-01
7.91239e+05  3.78890e-01  3.28218e-01
7.91124e+05  3.78945e-01  3.29158e-01
7.91011e+05  3.78999e-01  3.30091e-01
7.90899e+05  3.79053e-01  3.30985e-01
7.90784e+05  3.79108e-01  3.31873e-01
7.90671e+05  3.79162e-01  3.32764e-01
7.90556e+05  3.79217e-01  3.33656e-01
7.90444e+05  3.79271e-01  3.34543e-01
7.90329e+05  3.79326e-01  3.35440e-01
7.90217e+05  3.79380e-01  3.36331e-01
7.90104e+05  3.79434e-01  3.37226e-01
7.89990e+05  3.79489e-01  3.38115e-01
7.89877e+05  3.79543e-01  3.39012e-01
7.89763e+05  3.79598e-01  3.39907e-01
7.89651e+05  3.79652e-01  3.40805e-01
7.89536e+05  3.79707e-01  3.41701e-01
7.89424e+05  3.79761e-01  3.42601e-01
7.89310e+05  3.79816e-01  3.43499e-01
7.89198e+05  3.79870e-01  3.44398e-01
7.89083e+05  3.79925e-01  3.45300e-01
7.88971e+05  3.79979e-01  3.46196e-01
7.88857e+05  3.80034e-01  3.46538e-01
7.88745e+05  3.80088e-01  3.46531e-01
7.88631e+05  3.80143e-01  3.46523e-01
7.88519e+05  3.80197e-01  3.46516e-01
7.88405e+05  3.80252e-01  3.46508e-01
7.88291e+05  3.80307e-01  3.46501e-01
7.88179e+05  3.80361e-01  3.46493e-01
7.88065e+05  3.80416e-01  3.46486e-01
7.87953e+05  3.80470e-01  3.46477e-01
7.87839e+05  3.80525e-01  3.46469e-01
7.87725e+05  3.80580e-01  3.46462e-01
7.87613e+05  3.80634e-01  3.46454e-01
7.87500e+05  3.80689e-01  3.46446e-01
7.87386e+05  3.80744e-01  3.46437e-01
7.87274e+05  3.80798e-01  3.46428e-01
7.87161e+05  3.80853e-01  3.46420e-01
7.87047e+05  3.80908e-01  3.46411e-01
7.86935e+05  3.80962e-01  3.46403e-01
7.86822e+05  3.81017e-01  3.46916e-01
7.86708e+05  3.81072e-01  3.48592e-01
7.86597e+05  3.81126e-01  3.50274e-01
7.86483e+05  3.81181e-01  3.51946e-01
7.86370e+05  3.81236e-01  3.53633e-01
7.86258e+05  3.81290e-01  3.55321e-01
7.86145e+05  3.81345e-01  3.57010e-01
7.86032e+05  3.81400e-01  3.58686e-01
7.85918e+05  3.81455e-01  3.60379e-01
7.85807e+05  3.81509e-01  3.62073e-01
7.85694e+05  3.81564e-01  3.63763e-01
7.85581e+05  3.81619e-01  3.65460e-01
7.85467e+05  3.81674e-01  3.67152e-01
7.85354e+05  3.81729e-01  3.68853e-01
7.85243e+05  3.81783e-01  3.70542e-01
7.85130e+05  3.81838e-01  3.72245e-01
7.85017e+05  3.81893e-01  3.73937e-01
7.84906e+05  3.81947e-01  3.75643e-01
7.84793e+05  3.82002e-01  3.77301e-01
7.84680e+05  3.82057e-01  3.77848e-01
7.84567e+05  3.82112e-01  3.78396e-01
7.84454e+05  3.82167e-01  3.78939e-01
7.84341e+05  3.82222e-01  3.79487e-01
7.84228e+05  3.82277e-01  3.80036e-01
7.84116e+05  3.82332e-01  3.80586e-01
7.84005e+05  3.82386e-01  3.81132e-01
7.83892e+05  3.82441e-01  3.81683e-01
7.83779e+05  3.82496e-01  3.82234e-01
7.83667e+05  3.82551e-01  3.82784e-01
7.83554e+05  3.82606e-01  3.83333e-01
7.83441e+05  3.82661e-01  3.83885e-01
7.83329e+05  3.82716e-01  3.84438e-01
7.83216e+05  3.82771e-01  3.84986e-01
7.83104e+05  3.82826e-01  3.85539e-01
7.82993e+05  3.82880e-01  3.86089e-01
7.82879e+05  3.82936e-01  3.86644e-01
7.82766e+05  3.82991e-01  3.87198e-01
7.82654e+05  3.83046e-01  3.88577e-01
7.82542e+05  3.83101e-01  3.90122e-01
7.82431e+05  3.83155e-01  3.91669e-01
7.82317e+05  3.83211e-01  3.93223e-01
7.82205e+05  3.83266e-01  3.94778e-01
7.82092e+05  3.83321e-01  3.96336e-01
7.81980e+05  3.83376e-01  3.97881e-01
7.81868e+05  3.83431e-01  3.99442e-01
7.81756e+05  3.83486e-01  4.01003e-01
7.81644e+05  3.83541e-01  4.02559e-01
7.81532e+05  3.83596e-01  4.04117e-01
7.81420e+05  3.83651e-01  4.05683e-01
7.81308e+05  3.83706e-01  4.07238e-01
7.81196e+05  3.83761e-01  4.08806e-01
7.81084e+05  3.83816e-01  4.10377e-01
7.80972e+05  3.83871e-01  4.11936e-01
7.80860e+05  3.83926e-01  4.13508e-01
7.80748e+05  3.83981e-01  4.15082e-01
7.80636e+05  3.84036e-01  4.16013e-01
7.80523e+05  3.84092e-01  4.16611e-01
7.80411e+05  3.84147e-01  4.17207e-01
7.80299e+05  3.84202e-01  4.17807e-01
7.80187e+05  3.84257e-01  4.18406e-01
7.80076e+05  3.84312e-01  4.19003e-01
7.79964e+05  3.84367e-01  4.19602e-01
7.79853e+05  3.84422e-01  4.20204e-01
7.79739e+05  3.84478e-01  4.20806e-01
7.79627e+05  3.84533e-01  4.21407e-01
7.79516e+05  3.84588e-01  4.22007e-01
7.79404e+05  3.84643e-01  4.22610e-01
7.79293e+05  3.84698e-01  4.23209e-01
7.79180e+05  3.84754e-01  4.23813e-01
7.79068e+05  3.84809e-01  4.24415e-01
7.78957e+05  3.84864e-01  4.25019e-01
7.78846e+05  3.84919e-01  4.25625e-01
7.78732e+05  3.84975e-01  4.26231e-01
7.78621e+05  3.85030e-01  4.27012e-01
7.78510e+05  3.85085e-01  4.27935e-01
7.78399e+05  3.85140e-01  4.28866e-01
7.78285e+05  3.85196e-01  4.29799e-01
7.78174e+05  3.85251e-01  4.30733e-01
7.78063e+05  3.85306e-01  4.31663e-01
7.77952e+05  3.85361e-01  4.32593e-01
7.77839e+05  3.85417e-01  4.33529e-01
7.77728e+05  3.85472e-01  4.34466e-01
7.77617e+05  3.85527e-01  4.35396e-01
7.77504e+05  3.85583e-01  4.36335e-01
7.77393e+05  3.85638e-01  4.37273e-01
7.77283e+05  3.85693e-01  4.38204e-01
7.77170e+05  3.85749e-01  4.39145e-01
7.77059e+05  3.85804e-01  4.40082e-01
7.76948e+05  3.85859e-01  4.41020e-01
7.76835e+05  3.85915e-01  4.41964e-01
7.76725e+05  3.85970e-01  4.42907e-01
7.76612e+05  3.86026e-01  4.43592e-01
7.76501e+05  3.86081e-01  4.43984e-01
7.76389e+05  3.86137e-01  4.44377e-01
7.76278e+05  3.86192e-01  4.44772e-01
7.76166e+05  3.86248e-01  4.45166e-01
7.76055e+05  3.86303e-01  4.45560e-01
7.75945e+05  3.86358e-01  4.45952e-01
7.75832e+05  3.86414e-01  4.46346e-01
7.75720e+05  3.86470e-01  4.46743e-01
7.75609e+05  3.86525e-01  4.47136e-01
7.75499e+05  3.86580e-01  4.47531e-01
7.75387e+05  3.86636e-01  4.47924e-01
7.75277e+05  3.86691e-01  4.48322e-01
7.75164e+05  3.86747e-01  4.48719e-01
7.75054e+05  3.86802e-01  4.49115e-01
7.74942e+05  3.86858e-01  4.49511e-01
7.74832e+05  3.86913e-01  4.49910e-01
7.74720e+05  3.86969e-01  4.50307e-01
7.74609e+05  3.87024e-01  4.50821e-01
7.74497e+05  3.87080e-01  4.51486e-01
7.74385e+05  3.87136e-01  4.52155e-01
7.74275e+05  3.87191e-01  4.52825e-01
7.74163e+05  3.87247e-01  4.53492e-01
7.74053e+05  3.87302e-01  4.54162e-01
7.73942e+05  3.87358e-01  4.54830e-01
7.73830e+05  3.87414e-01  4.55502e-01
7.73720e+05  3.87469e-01  4.56173e-01
7.73608e+05  3.87525e-01  4.56840e-01
7.73498e+05  3.87580e-01  4.57514e-01
7.73387e+05  3.87636e-01  4.58183e-01
7.73277e+05  3.87691e-01  4.58857e-01
7.73165e+05  3.87747e-01  4.59531e-01
7.73053e+05  3.87803e-01  4.60204e-01
7.72944e+05  3.87858e-01  4.60876e-01
7.72832e+05  3.87914e-01  4.61551e-01
7.72721e+05  3.87970e-01  4.62229e-01
7.72609e+05  3.88026e-01  4.62665e-01
7.72500e+05  3.88081e-01  4.62821e-01
7.72388e+05  3.88137e-01  4.62978e-01
7.72277e+05  3.88193e-01  4.63135e-01
7.72167e+05  3.88248e-01  4.63291e-01
7.72056e+05  3.88304e-01  4.63447e-01
7.71945e+05  3.88360e-01  4.63604e-01
7.71833e+05  3.88416e-01  4.63761e-01
7.71724e+05  3.88471e-01  4.63916e-01
7.71613e+05  3.88527e-01  4.64072e-01
7.71502e+05  3.88583e-01  4.64228e-01
7.71393e+05  3.88638e-01  4.64384e-01
7.71281e+05  3.88694e-01  4.64541e-01
7.71170e+05  3.88750e-01  4.64698e-01
7.71059e+05  3.88806e-01  4.64854e-01
7.70948e+05  3.88862e-01  4.65011e-01
7.70837e+05  3.88918e-01  4.65169e-01
7.70726e+05  3.88974e-01  4.65326e-01
7.70617e+05  3.89029e-01  4.65985e-01
7.70506e+05  3.89085e-01  4.67100e-01
7.70395e+05  3.89141e-01  4.68222e-01
7.70285e+05  3.89197e-01  4.69345e-01
7.70174e+05  3.89253e-01  4.70459e-01
7.70063e+05  3.89309e-01  4.71586e-01
7.69954e+05  3.89364e-01  4.72707e-01
7.69844e+05  3.89420e-01  4.73833e-01
7.69733e+05  3.89476e-01  4.74951e-01
7.69622e+05  3.89532e-01  4.76080e-01
7.69512e+05  3.89588e-01  4.77202e-01
7.69401e+05  3.89644e-01  4.78332e-01
7.69290e+05  3.89700e-01  4.79463e-01
7.69180e+05  3.89756e-01  4.80595e-01
7.69069e+05  3.89812e-01  4.81724e-01
7.68959e+05  3.89868e-01  4.82854e-01
7.68848e+05  3.89924e-01  4.83990e-01
7.68740e+05  3.89979e-01  4.85117e-01
7.68628e+05  3.90036e-01  4.85688e-01
7.68519e+05  3.90091e-01  4.85926e-01
7.68407e+05  3.90148e-01  4.86167e-01
7.68297e+05  3.90204e-01  4.86407e-01
7.68188e+05  3.90259e-01  4.86647e-01
7.68076e+05  3.90316e-01  4.86888e-01
7.67966e+05  3.90372e-01  4.87129e-01
7.67856e+05  3.90428e-01  4.87370e-01
7.67746e+05  3.90484e-01  4.87608e-01
7.67636e+05  3.90540e-01  4.87849e-01
7.67528e+05  3.90595e-01  4.88088e-01
7.67416e+05  3.90652e-01  4.88329e-01
7.67306e+05  3.90708e-01  4.88572e-01
7.67196e+05  3.90764e-01  4.88813e-01
7.67086e+05  3.90820e-01  4.89053e-01
7.66976e+05  3.90876e-01  4.89294e-01
7.66866e+05  3.90932e-01  4.89536e-01
7.66756e+05  3.90988e-01  4.89776e-01
7.66644e+05  3.91045e-01  4.90784e-01
7.66535e+05  3.91101e-01  4.91987e-01
7.66425e+05  3.91157e-01  4.93197e-01
7.66315e+05  3.91213e-01  4.94399e-01
7.66205e+05  3.91269e-01  4.95611e-01
7.66096e+05  3.91325e-01  4.96825e-01
7.65984e+05  3.91382e-01  4.98038e-01
7.65877e+05  3.91437e-01  4.99245e-01
7.65765e+05  3.91494e-01  5.00462e-01
7.65656e+05  3.91550e-01  5.01679e-01
7.65546e+05  3.91606e-01  5.02889e-01
7.65437e+05  3.91662e-01  5.04107e-01
7.65325e+05  3.91719e-01  5.05326e-01
7.65216e+05  3.91775e-01  5.06547e-01
7.65107e+05  3.91831e-01  5.07761e-01
7.64997e+05  3.91887e-01  5.08986e-01
7.64886e+05  3.91944e-01  5.10211e-01
7.64779e+05  3.91999e-01  5.11427e-01
7.64667e+05  3.92056e-01  5.12179e-01
7.64558e+05  3.92112e-01  5.12922e-01
7.64447e+05  3.92169e-01  5.13667e-01
7.64338e+05  3.92225e-01  5.14408e-01
7.64229e+05  3.92281e-01  5.15155e-01
7.64118e+05  3.92338e-01  5.15902e-01
7.64009e+05  3.92394e-01  5.16650e-01
7.63900e+05  3.92450e-01  5.17393e-01
7.63791e+05  3.92506e-01  5.18142e-01
7.63680e+05  3.92563e-01  5.18889e-01
7.63571e+05  3.92619e-01  5.19636e-01
7.63462e+05  3.92675e-01  5.20388e-01
7.63351e+05  3.92732e-01  5.21140e-01
7.63242e+05  3.92788e-01  5.21892e-01
7.63132e+05  3.92845e-01  5.22640e-01
7.63023e+05  3.92901e-01  5.23393e-01
7.62914e+05  3.92957e-01  5.24142e-01
7.62804e+05  3.93014e-01  5.24859e-01
7.62695e+05  3.93070e-01  5.25452e-01
7.62584e+05  3.93127e-01  5.26047e-01
7.62476e+05  3.93183e-01  5.26641e-01
7.62367e+05  3.93239e-01  5.27232e-01
7.62257e+05  3.93296e-01  5.27828e-01
7.62146e+05  3.93353e-01  5.28424e-01
7.62038e+05  3.93409e-01  5.29021e-01
7.61929e+05  3.93465e-01  5.29612e-01
7.61819e+05  3.93522e-01  5.30210e-01
7.61710e+05  3.93578e-01  5.30805e-01
7.61600e+05  3.93635e-01  5.31402e-01
7.61492e+05  3.93691e-01  5.32001e-01
7.61382e+05  3.93748e-01  5.32601e-01
7.61271e+05  3.93805e-01  5.33201e-01
7.61163e+05  3.93861e-01  5.33796e-01
7.61055e+05  3.93917e-01  5.34397e-01
7.60945e+05  3.93974e-01  5.34994e-01
7.60837e+05  3.94030e-01  5.35488e-01
7.60727e+05  3.94087e-01  5.35890e-01
7.60617e+05  3.94144e-01  5.36292e-01
7.60509e+05  3.94200e-01  5.36692e-01
7.60399e+05  3.94257e-01  5.37093e-01
7.60291e+05  3.94313e-01  5.37496e-01
7.60181e+05  3.94370e-01  5.37899e-01
7.60073e+05  3.94426e-01  5.38300e-01
7.59963e+05  3.94483e-01  5.38705e-01
7.59853e+05  3.94540e-01  5.39110e-01
7.59743e+05  3.94597e-01  5.39513e-01
7.59636e+05  3.94653e-01  5.39915e-01
7.59526e+05  3.94710e-01  5.40320e-01
7.59418e+05  3.94766e-01  5.40725e-01
7.59308e+05  3.94823e-01  5.41127e-01
7.59199e+05  3.94880e-01  5.41532e-01
7.59091e+05  3.94936e-01  5.41938e-01
7.58982e+05  3.94993e-01  5.42341e-01
7.58874e+05  3.95049e-01  5.42705e-01
7.58765e+05  3.95106e-01  5.43064e-01
7.58655e+05  3.95163e-01  5.43423e-01
7.58546e+05  3.95220e-01  5.43779e-01
7.58438e+05  3.95276e-01  5.44136e-01
7.58329e+05  3.95333e-01  5.44495e-01
7.58220e+05  3.95390e-01  5.44854e-01
7.58110e+05  3.95447e-01  5.45210e-01
7.58003e+05  3.95503e-01  5.45571e-01
7.57894e+05  3.95560e-01  5.45931e-01
7.57785e+05  3.95617e-01  5.46291e-01
7.57675e+05  3.95674e-01  5.46649e-01
7.57566e+05  3.95731e-01  5.47010e-01
7.57457e+05  3.95788e-01  5.47371e-01
7.57350e+05  3.95844e-01  5.47729e-01
7.57241e+05  3.95901e-01  5.48091e-01
7.57134e+05  3.95957e-01  5.48449e-01
7.57025e+05  3.96014e-01  5.48711e-01
7.56914e+05  3.96072e-01  5.48685e-01
7.56807e+05  3.96128e-01  5.48659e-01
7.56698e+05  3.96185e-01  5.48635e-01
7.56589e+05  3.96242e-01  5.48610e-01
7.56480e+05  3.96299e-01  5.48584e-01
7.56372e+05  3.96356e-01  5.48558e-01
7.56263e+05  3.96413e-01  5.48532e-01
7.56154e+05  3.96470e-01  5.48506e-01
7.56046e+05  3.96527e-01  5.48480e-01
7.55937e+05  3.96584e-01  5.48453e-01
7.55828e+05  3.96641e-01  5.48427e-01
7.55722e+05  3.96697e-01  5.48402e-01
7.55613e+05  3.96754e-01  5.48376e-01
7.55504e+05  3.96811e-01  5.48349e-01
7.55396e+05  3.96868e-01  5.48320e-01
7.55287e+05  3.96925e-01  5.48292e-01
7.55179e+05  3.96982e-01  5.48265e-01
7.55071e+05  3.97039e-01  5.48367e-01
7.54962e+05  3.97096e-01  5.48528e-01
7.54854e+05  3.97153e-01  5.48688e-01
7.54745e+05  3.97210e-01  5.48847e-01
7.54637e+05  3.97267e-01  5.49008e-01
7.54529e+05  3.97324e-01  5.49169e-01
7.54421e+05  3.97381e-01  5.49331e-01
7.54313e+05  3.97438e-01  5.49491e-01
7.54204e+05  3.97495e-01  5.49651e-01
7.54096e+05  3.97552e-01  5.49813e-01
7.53988e+05  3.97609e-01  5.49975e-01
7.53880e+05  3.97666e-01  5.50136e-01
7.53770e+05  3.97724e-01  5.50296e-01
7.53662e+05  3.97781e-01  5.50455e-01
7.53554e+05  3.97838e-01  5.50616e-01
7.53446e+05  3.97895e-01  5.50779e-01
7.53338e+05  3.97952e-01  5.50940e-01
7.53230e+05  3.98009e-01  5.51079e-01
7.53122e+05  3.98066e-01  5.51104e-01
7.53015e+05  3.98123e-01  5.51128e-01
7.52907e+05  3.98180e-01  5.51151e-01
7.52799e+05  3.98237e-01  5.51174e-01
7.52689e+05  3.98295e-01  5.51198e-01
7.52582e+05  3.98352e-01  5.51222e-01
7.52474e+05  3.98409e-01  5.51246e-01
7.52366e+05  3.98466e-01  5.51269e-01
7.52259e+05  3.98523e-01  5.51293e-01
7.52149e+05  3.98581e-01  5.51316e-01
7.52042e+05  3.98638e-01  5.51339e-01
7.51934e+05  3.98695e-01  5.51361e-01
7.51827e+05  3.98752e-01  5.51384e-01
7.51718e+05  3.98810e-01  5.51407e-01
7.51610e+05  3.98867e-01  5.51429e-01
7.51503e+05  3.98924e-01  5.51451e-01
7.51395e+05  3.98981e-01  5.51474e-01
7.51288e+05  3.99038e-01  5.51628e-01
7.51179e+05  3.99096e-01  5.51846e-01
7.51072e+05  3.99153e-01  5.52063e-01
7.50964e+05  3.99210e-01  5.52280e-01
7.50855e+05  3.99268e-01  5.52498e-01
7.50748e+05  3.99325e-01  5.52717e-01
7.50641e+05  3.99382e-01  5.52936e-01
7.50532e+05  3.99440e-01  5.53154e-01
7.50425e+05  3.99497e-01  5.53368e-01
7.50318e+05  3.99554e-01  5.53588e-01
7.50209e+05  3.99612e-01  5.53807e-01
7.50102e+05  3.99669e-01  5.54026e-01
7.49995e+05  3.99726e-01  5.54243e-01
7.49886e+05  3.99784e-01  5.54462e-01
7.49779e+05  3.99841e-01  5.54682e-01
7.49672e+05  3.99898e-01  5.54900e-01
7.49564e+05  3.99956e-01  5.55119e-01
7.49457e+05  4.00013e-01  5.55258e-01
7.49348e+05  4.00071e-01  5.55132e-01
7.49241e+05  4.00128e-01  5.55006e-01
7.49133e+05  4.00186e-01  5.54880e-01
7.49026e+05  4.00243e-01  5.54753e-01
7.48919e+05  4.00300e-01  5.54627e-01
7.48811e+05  4.00358e-01  5.54500e-01
7.48702e+05  4.00416e-01  5.54373e-01
7.48596e+05  4.00473e-01  5.54244e-01
7.48489e+05  4.00530e-01  5.54117e-01
7.48381e+05  4.00588e-01  5.53989e-01
7.48275e+05  4.00645e-01  5.53862e-01
7.48166e+05  4.00703e-01  5.53733e-01
7.48060e+05  4.00760e-01  5.53606e-01
7.47952e+05  4.00818e-01  5.53477e-01
7.47845e+05  4.00875e-01  5.53348e-01
7.47737e+05  4.00933e-01  5.53219e-01
7.47629e+05  4.00991e-01  5.53090e-01
7.47523e+05  4.01048e-01  5.54018e-01
7.47416e+05  4.01105e-01  5.55155e-01
7.47308e+05  4.01163e-01  5.56296e-01
7.47200e+05  4.01221e-01  5.57439e-01
7.47094e+05  4.01278e-01  5.58574e-01
7.46986e+05  4.01336e-01  5.59719e-01
7.46878e+05  4.01394e-01  5.60864e-01
7.46772e+05  4.01451e-01  5.62010e-01
7.46664e+05  4.01509e-01  5.63149e-01
7.46558e+05  4.01566e-01  5.64297e-01
7.46451e+05  4.01624e-01  5.65447e-01
7.46343e+05  4.01682e-01  5.66597e-01
7.46235e+05  4.01740e-01  5.67748e-01
7.46129e+05  4.01797e-01  5.68893e-01
7.46021e+05  4.01855e-01  5.70046e-01
7.45916e+05  4.01912e-01  5.71192e-01
7.45808e+05  4.01970e-01  5.72347e-01
7.45700e+05  4.02028e-01  5.72903e-01
7.45593e+05  4.02086e-01  5.72813e-01
7.45487e+05  4.02143e-01  5.72723e-01
7.45380e+05  4.02201e-01  5.72634e-01
7.45272e+05  4.02259e-01  5.72543e-01
7.45167e+05  4.02316e-01  5.72453e-01
7.45059e+05  4.02374e-01  5.72362e-01
7.44952e+05  4.02432e-01  5.72271e-01
7.44844e+05  4.02490e-01  5.72179e-01
7.44739e+05  4.02547e-01  5.72089e-01
7.44632e+05  4.02605e-01  5.71997e-01
7.44524e+05  4.02663e-01  5.71906e-01
7.44417e+05  4.02721e-01  5.71814e-01
7.44312e+05  4.02778e-01  5.71722e-01
7.44205e+05  4.02836e-01  5.71629e-01
7.44098e+05  4.02894e-01  5.71537e-01
7.43990e+05  4.02952e-01  5.71444e-01
7.43883e+05  4.03010e-01  5.71571e-01
7.43776e+05  4.03068e-01  5.72764e-01
7.43669e+05  4.03126e-01  5.73962e-01
7.43564e+05  4.03183e-01  5.75157e-01
7.43457e+05  4.03241e-01  5.76357e-01
7.43350e+05  4.03299e-01  5.77559e-01
7.43243e+05  4.03357e-01  5.78752e-01
7.43137e+05  4.03415e-01  5.79955e-01
7.43030e+05  4.03473e-01  5.81159e-01
7.42923e+05  4.03531e-01  5.82365e-01
7.42816e+05  4.03589e-01  5.83563e-01
7.42709e+05  4.03647e-01  5.84771e-01
7.42603e+05  4.03705e-01  5.85980e-01
7.42496e+05  4.03763e-01  5.87188e-01
7.42391e+05  4.03820e-01  5.88389e-01
7.42285e+05  4.03878e-01  5.89601e-01
7.42178e+05  4.03936e-01  5.90805e-01
7.42072e+05  4.03994e-01  5.92018e-01
7.41965e+05  4.04052e-01  5.91794e-01
7.41859e+05  4.04110e-01  5.91414e-01
7.41752e+05  4.04168e-01  5.91033e-01
7.41646e+05  4.04226e-01  5.90652e-01
7.41539e+05  4.04284e-01  5.90269e-01
7.41433e+05  4.04342e-01  5.89889e-01
7.41327e+05  4.04400e-01  5.89506e-01
7.41218e+05  4.04459e-01  5.89121e-01
7.41112e+05  4.04517e-01  5.88735e-01
7.41008e+05  4.04574e-01  5.88353e-01
7.40900e+05  4.04633e-01  5.87967e-01
7.40793e+05  4.04691e-01  5.87580e-01
7.40687e+05  4.04749e-01  5.87193e-01
7.40581e+05  4.04807e-01  5.86806e-01
7.40475e+05  4.04865e-01  5.86421e-01
7.40369e+05  4.04923e-01  5.86033e-01
7.40263e+05  4.04981e-01  5.85648e-01
7.40157e+05  4.05039e-01  5.86441e-01
7.40049e+05  4.05098e-01  5.87801e-01
7.39943e+05  4.05156e-01  5.89156e-01
7.39837e+05  4.05214e-01  5.90518e-01
7.39731e+05  4.05272e-01  5.91875e-01
7.39626e+05  4.05330e-01  5.93240e-01
7.39520e+05  4.05388e-01  5.94596e-01
7.39412e+05  4.05447e-01  5.95964e-01
7.39306e+05  4.05505e-01  5.97333e-01
7.39201e+05  4.05563e-01  5.98703e-01
7.39095e+05  4.05621e-01  6.00063e-01
7.38989e+05  4.05679e-01  6.01434e-01
7.38882e+05  4.05738e-01  6.02803e-01
7.38776e+05  4.05796e-01  6.04183e-01
7.38671e+05  4.05854e-01  6.05549e-01
7.38565e+05  4.05912e-01  6.06926e-01
7.38458e+05  4.05971e-01  6.08303e-01
7.38352e+05  4.06029e-01  6.08944e-01
7.38247e+05  4.06087e-01  6.08843e-01
7.38141e+05  4.06145e-01  6.08743e-01
7.38034e+05  4.06204e-01  6.08643e-01
7.37929e+05  4.06262e-01  6.08543e-01
7.37824e+05  4.06320e-01  6.08441e-01
7.37716e+05  4.06379e-01  6.08339e-01
7.37611e+05  4.06437e-01  6.08239e-01
7.37506e+05  4.06495e-01  6.08138e-01
7.37399e+05  4.06554e-01  6.08036e-01
7.37294e+05  4.06612e-01  6.07933e-01
7.37189e+05  4.06670e-01  6.07832e-01
7.37082e+05  4.06729e-01  6.07730e-01
7.36976e+05  4.06787e-01  6.07628e-01
7.36870e+05  4.06846e-01  6.07524e-01
7.36765e+05  4.06904e-01  6.07421e-01
7.36660e+05  4.06962e-01  6.07318e-01
7.36553e+05  4.07021e-01  6.07462e-01
7.36448e+05  4.07079e-01  6.08055e-01
7.36341e+05  4.07138e-01  6.08648e-01
7.36236e+05  4.07196e-01  6.09244e-01
7.36130e+05  4.07255e-01  6.09838e-01
7.36025e+05  4.07313e-01  6.10433e-01
7.35918e+05  4.07372e-01  6.11030e-01
7.35813e+05  4.07430e-01  6.11623e-01
7.35709e+05  4.07488e-01  6.12220e-01
7.35602e+05  4.07547e-01  6.12819e-01
7.35497e+05  4.07605e-01  6.13416e-01
7.35391e+05  4.07664e-01  6.14012e-01
7.35286e+05  4.07722e-01  6.14611e-01
7.35180e+05  4.07781e-01  6.15211e-01
7.35076e+05  4.07839e-01  6.15808e-01
7.34969e+05  4.07898e-01  6.16411e-01
7.34863e+05  4.07957e-01  6.17008e-01
7.34758e+05  4.08015e-01  6.17206e-01
7.34652e+05  4.08074e-01  6.16246e-01
7.34548e+05  4.08132e-01  6.15280e-01
7.34442e+05  4.08191e-01  6.14318e-01
7.34337e+05  4.08249e-01  6.13352e-01
7.34231e+05  4.08308e-01  6.12387e-01
7.34127e+05  4.08366e-01  6.11421e-01
7.34021e+05  4.08425e-01  6.10451e-01
7.33915e+05  4.08484e-01  6.09488e-01
7.33811e+05  4.08542e-01  6.08517e-01
7.33705e+05  4.08601e-01  6.07547e-01
7.33599e+05  4.08660e-01  6.06572e-01
7.33495e+05  4.08718e-01  6.05599e-01
7.33389e+05  4.08777e-01  6.04623e-01
7.33283e+05  4.08836e-01  6.03649e-01
7.33179e+05  4.08894e-01  6.02672e-01
7.33073e+05  4.08953e-01  6.01696e-01
7.32967e+05  4.09012e-01  6.01146e-01
7.32862e+05  4.09071e-01  6.02313e-01
7.32758e+05  4.09129e-01  6.03477e-01
7.32652e+05  4.09188e-01  6.04647e-01
7.32547e+05  4.09247e-01  6.05814e-01
7.32441e+05  4.09306e-01  6.06986e-01
7.32337e+05  4.09364e-01  6.08149e-01
7.32232e+05  4.09423e-01  6.09322e-01
7.32126e+05  4.09482e-01  6.10496e-01
7.32022e+05  4.09540e-01  6.11662e-01
7.31917e+05  4.09599e-01  6.12838e-01
7.31812e+05  4.09658e-01  6.14012e-01
7.31706e+05  4.09717e-01  6.15190e-01
7.31601e+05  4.09776e-01  6.16364e-01
7.31497e+05  4.09834e-01  6.17544e-01
7.31392e+05  4.09893e-01  6.18721e-01
7.31287e+05  4.09952e-01  6.19903e-01
7.31182e+05  4.10011e-01  6.20702e-01
7.31076e+05  4.10070e-01  6.19820e-01
7.30971e+05  4.10129e-01  6.18940e-01
7.30866e+05  4.10188e-01  6.18055e-01
7.30761e+05  4.10247e-01  6.17169e-01
7.30658e+05  4.10305e-01  6.16286e-01
7.30553e+05  4.10364e-01  6.15396e-01
7.30448e+05  4.10423e-01  6.14513e-01
7.30343e+05  4.10482e-01  6.13624e-01
7.30238e+05  4.10541e-01  6.12739e-01
7.30133e+05  4.10600e-01  6.11847e-01
7.30028e+05  4.10659e-01  6.10954e-01
7.29923e+05  4.10718e-01  6.10063e-01
7.29818e+05  4.10777e-01  6.09167e-01
7.29715e+05  4.10835e-01  6.08274e-01
7.29608e+05  4.10895e-01  6.07377e-01
7.29505e+05  4.10953e-01  6.06482e-01
7.29399e+05  4.11013e-01  6.05926e-01
7.29294e+05  4.11072e-01  6.06638e-01
7.29190e+05  4.11131e-01  6.07354e-01
7.29085e+05  4.11190e-01  6.08067e-01
7.28980e+05  4.11249e-01  6.08784e-01
7.28876e+05  4.11308e-01  6.09497e-01
7.28771e+05  4.11367e-01  6.10214e-01
7.28667e+05  4.11426e-01  6.10932e-01
7.28562e+05  4.11485e-01  6.11645e-01
7.28458e+05  4.11544e-01  6.12364e-01
7.28353e+05  4.11603e-01  6.13078e-01
7.28249e+05  4.11662e-01  6.13799e-01
7.28145e+05  4.11721e-01  6.14517e-01
7.28040e+05  4.11780e-01  6.15239e-01
7.27936e+05  4.11839e-01  6.15960e-01
7.27832e+05  4.11898e-01  6.16680e-01
7.27728e+05  4.11957e-01  6.17399e-01
7.27622e+05  4.12017e-01  6.17863e-01
7.27517e+05  4.12076e-01  6.17661e-01
7.27413e+05  4.12135e-01  6.17460e-01
7.27309e+05  4.12194e-01  6.17257e-01
7.27205e+05  4.12253e-01  6.17055e-01
7.27101e+05  4.12312e-01  6.16852e-01
7.26995e+05  4.12372e-01  6.16649e-01
7.26891e+05  4.12431e-01  6.16446e-01
7.26787e+05  4.12490e-01  6.16245e-01
7.26683e+05  4.12549e-01  6.16040e-01
7.26579e+05  4.12608e-01  6.15834e-01
7.26475e+05  4.12667e-01  6.15630e-01
7.26370e+05  4.12727e-01  6.15425e-01
7.26266e+05  4.12786e-01  6.15221e-01
7.26162e+05  4.12845e-01  6.15015e-01
7.26058e+05  4.12904e-01  6.14810e-01
7.25953e+05  4.12964e-01  6.14603e-01
7.25849e+05  4.13023e-01  6.15059e-01
7.25746e+05  4.13082e-01  6.16565e-01
7.25640e+05  4.13142e-01  6.18067e-01
7.25537e+05  4.13201e-01  6.19577e-01
7.25433e+05  4.13260e-01  6.21086e-01
7.25328e+05  4.13320e-01  6.22592e-01
7.25224e+05  4.13379e-01  6.24106e-01
7.25121e+05  4.13438e-01  6.25615e-01
7.25015e+05  4.13498e-01  6.27132e-01
7.24912e+05  4.13557e-01  6.28637e-01
7.24809e+05  4.13616e-01  6.30155e-01
7.24704e+05  4.13676e-01  6.31667e-01
7.24600e+05  4.13735e-01  6.33187e-01
7.24497e+05  4.13794e-01  6.34707e-01
7.24392e+05  4.13854e-01  6.36223e-01
7.24289e+05  4.13913e-01  6.37747e-01
7.24184e+05  4.13973e-01  6.39270e-01
7.24080e+05  4.14032e-01  6.39706e-01
7.23977e+05  4.14091e-01  6.39205e-01
7.23872e+05  4.14151e-01  6.38701e-01
7.23769e+05  4.14210e-01  6.38199e-01
7.23664e+05  4.14270e-01  6.37696e-01
7.23561e+05  4.14329e-01  6.37191e-01
7.23457e+05  4.14389e-01  6.36687e-01
7.23354e+05  4.14448e-01  6.36182e-01
7.23249e+05  4.14508e-01  6.35674e-01
7.23146e+05  4.14567e-01  6.35166e-01
7.23041e+05  4.14627e-01  6.34663e-01
7.22938e+05  4.14686e-01  6.34155e-01
7.22834e+05  4.14746e-01  6.33647e-01
7.22731e+05  4.14805e-01  6.33136e-01
7.22627e+05  4.14865e-01  6.32628e-01
7.22524e+05  4.14924e-01  6.32119e-01
7.22419e+05  4.14984e-01  6.31607e-01
7.22317e+05  4.15043e-01  6.32086e-01
7.22212e+05  4.15103e-01  6.32936e-01
7.22110e+05  4.15162e-01  6.33782e-01
7.22005e+05  4.15222e-01  6.34632e-01
7.21901e+05  4.15282e-01  6.35481e-01
7.21798e+05  4.15341e-01  6.36333e-01
7.21694e+05  4.15401e-01  6.37187e-01
7.21590e+05  4.15461e-01  6.38037e-01
7.21487e+05  4.15520e-01  6.38888e-01
7.21383e+05  4.15580e-01  6.39743e-01
7.21281e+05  4.15639e-01  6.40593e-01
7.21177e+05  4.15699e-01  6.41448e-01
7.21073e+05  4.15759e-01  6.42306e-01
7.20969e+05  4.15819e-01  6.43161e-01
7.20866e+05  4.15878e-01  6.44019e-01
7.20762e+05  4.15938e-01  6.44875e-01
7.20658e+05  4.15998e-01  6.45732e-01
7.20556e+05  4.16057e-01  6.45367e-01
7.20452e+05  4.16117e-01  6.44948e-01
7.20348e+05  4.16177e-01  6.44530e-01
7.20246e+05  4.16236e-01  6.44111e-01
7.20143e+05  4.16296e-01  6.43692e-01
7.20039e+05  4.16356e-01  6.43272e-01
7.19935e+05  4.16416e-01  6.42851e-01
7.19831e+05  4.16476e-01  6.42428e-01
7.19729e+05  4.16535e-01  6.42007e-01
7.19626e+05  4.16595e-01  6.41587e-01
7.19522e+05  4.16655e-01  6.41162e-01
7.19418e+05  4.16715e-01  6.40741e-01
7.19315e+05  4.16775e-01  6.40316e-01
7.19213e+05  4.16834e-01  6.39892e-01
7.19110e+05  4.16894e-01  6.39467e-01
7.19006e+05  4.16954e-01  6.39041e-01
7.18903e+05  4.17014e-01  6.38982e-01
7.18799e+05  4.17074e-01  6.40148e-01
7.18698e+05  4.17133e-01  6.41311e-01
7.18592e+05  4.17194e-01  6.42481e-01
7.18491e+05  4.17253e-01  6.43650e-01
7.18388e+05  4.17313e-01  6.44816e-01
7.18284e+05  4.17373e-01  6.45984e-01
7.18181e+05  4.17433e-01  6.47158e-01
7.18078e+05  4.17493e-01  6.48328e-01
7.17975e+05  4.17553e-01  6.49503e-01
7.17871e+05  4.17613e-01  6.50674e-01
7.17768e+05  4.17673e-01  6.51850e-01
7.17665e+05  4.17733e-01  6.53028e-01
7.17562e+05  4.17793e-01  6.54198e-01
7.17459e+05  4.17853e-01  6.55377e-01
7.17358e+05  4.17912e-01  6.56553e-01
7.17253e+05  4.17973e-01  6.57734e-01
7.17150e+05  4.18033e-01  6.58033e-01
7.17049e+05  4.18092e-01  6.57594e-01
7.16944e+05  4.18153e-01  6.57153e-01
7.16843e+05  4.18212e-01  6.56713e-01
7.16739e+05  4.18273e-01  6.56270e-01
7.16636e+05  4.18333e-01  6.55827e-01
7.16533e+05  4.18393e-01  6.55386e-01
7.16430e+05  4.18453e-01  6.54944e-01
7.16328e+05  4.18513e-01  6.54499e-01
7.16225e+05  4.18573e-01  6.54056e-01
7.16122e+05  4.18633e-01  6.53610e-01
7.16020e+05  4.18693e-01  6.53165e-01
7.15917e+05  4.18753e-01  6.52718e-01
7.15815e+05  4.18813e-01  6.52272e-01
7.15712e+05  4.18873e-01  6.51825e-01
7.15608e+05  4.18934e-01  6.51376e-01
7.15505e+05  4.18994e-01  6.50930e-01
7.15403e+05  4.19054e-01  6.51781e-01
7.15301e+05  4.19114e-01  6.52784e-01
7.15198e+05  4.19174e-01  6.53789e-01
7.15096e+05  4.19234e-01  6.54794e-01
7.14993e+05  4.19294e-01  6.55804e-01
7.14891e+05  4.19354e-01  6.56810e-01
7.14787e+05  4.19415e-01  6.57825e-01
7.14685e+05  4.19475e-01  6.58829e-01
7.14583e+05  4.19535e-01  6.59842e-01
7.14479e+05  4.19596e-01  6.60856e-01
7.14377e+05  4.19656e-01  6.61865e-01
7.14275e+05  4.19716e-01  6.62879e-01
7.14172e+05  4.19776e-01  6.63890e-01
7.14069e+05  4.19837e-01  6.64907e-01
7.13967e+05  4.19897e-01  6.65921e-01
7.13865e+05  4.19957e-01  6.66938e-01
7.13763e+05  4.20017e-01  6.67626e-01
7.13661e+05  4.20077e-01  6.67500e-01
7.13557e+05  4.20138e-01  6.67374e-01
7.13455e+05  4.20198e-01  6.67247e-01
7.13353e+05  4.20258e-01  6.67120e-01
7.13250e+05  4.20319e-01  6.66993e-01
7.13148e+05  4.20379e-01  6.66865e-01
7.13046e+05  4.20439e-01  6.66736e-01
7.12943e+05  4.20500e-01  6.66606e-01
7.12841e+05  4.20560e-01  6.66478e-01
7.12739e+05  4.20620e-01  6.66348e-01
7.12636e+05  4.20681e-01  6.66220e-01
7.12534e+05  4.20741e-01  6.66090e-01
7.12431e+05  4.20802e-01  6.65960e-01
7.12330e+05  4.20862e-01  6.65829e-01
7.12226e+05  4.20923e-01  6.65698e-01
7.12125e+05  4.20983e-01  6.65568e-01
7.12022e+05  4.21044e-01  6.66968e-01
7.11920e+05  4.21104e-01  6.68956e-01
7.11819e+05  4.21164e-01  6.70961e-01
7.11717e+05  4.21224e-01  6.72959e-01
7.11614e+05  4.21285e-01  6.74969e-01
7.11513e+05  4.21345e-01  6.76972e-01
7.11410e+05  4.21406e-01  6.78978e-01
7.11309e+05  4.21466e-01  6.80991e-01
7.11206e+05  4.21527e-01  6.83000e-01
7.11103e+05  4.21588e-01  6.85019e-01
7.11002e+05  4.21648e-01  6.87029e-01
7.10899e+05  4.21709e-01  6.89049e-01
7.10798e+05  4.21769e-01  6.91064e-01
7.10695e+05  4.21830e-01  6.93087e-01
7.10594e+05  4.21890e-01  6.95107e-01
7.10491e+05  4.21951e-01  6.97136e-01
7.10390e+05  4.22011e-01  6.98646e-01
7.10287e+05  4.22072e-01  6.97905e-01
7.10185e+05  4.22133e-01  6.97164e-01
7.10084e+05  4.22193e-01  6.96429e-01
7.09981e+05  4.22254e-01  6.95688e-01
7.09880e+05  4.22314e-01  6.94947e-01
7.09778e+05  4.22375e-01  6.94203e-01
7.09677e+05  4.22435e-01  6.93465e-01
7.09575e+05  4.22496e-01  6.92720e-01
7.09474e+05  4.22556e-01  6.91976e-01
7.09372e+05  4.22617e-01  6.91228e-01
7.09269e+05  4.22678e-01  6.90480e-01
7.09167e+05  4.22739e-01  6.89735e-01
7.09066e+05  4.22799e-01  6.88985e-01
7.08964e+05  4.22860e-01  6.88238e-01
7.08862e+05  4.22921e-01  6.87487e-01
7.08761e+05  4.22981e-01  6.86736e-01
7.08659e+05  4.23042e-01  6.88200e-01
7.08557e+05  4.23103e-01  6.90630e-01
7.08455e+05  4.23164e-01  6.93070e-01
7.08354e+05  4.23224e-01  6.95504e-01
7.08252e+05  4.23285e-01  6.97940e-01
7.08150e+05  4.23346e-01  7.00389e-01
7.08048e+05  4.23407e-01  7.02828e-01
7.07946e+05  4.23468e-01  7.05277e-01
7.07846e+05  4.23528e-01  7.07710e-01
7.07744e+05  4.23589e-01  7.10167e-01
7.07642e+05  4.23650e-01  7.12615e-01
7.07542e+05  4.23710e-01  7.15074e-01
7.07440e+05  4.23771e-01  7.17528e-01
7.07338e+05  4.23832e-01  7.19992e-01
7.07236e+05  4.23893e-01  7.22448e-01
7.07134e+05  4.23954e-01  7.24916e-01
7.07033e+05  4.24015e-01  7.26425e-01
7.06931e+05  4.24076e-01  7.24969e-01
7.06829e+05  4.24137e-01  7.23504e-01
7.06729e+05  4.24197e-01  7.22041e-01
7.06628e+05  4.24258e-01  7.20572e-01
7.06526e+05  4.24319e-01  7.19105e-01
7.06425e+05  4.24380e-01  7.17641e-01
7.06323e+05  4.24441e-01  7.16173e-01
7.06222e+05  4.24502e-01  7.14696e-01
7.06120e+05  4.24563e-01  7.13220e-01
7.06020e+05  4.24623e-01  7.11754e-01
7.05917e+05  4.24685e-01  7.10275e-01
7.05818e+05  4.24745e-01  7.08799e-01
7.05714e+05  4.24807e-01  7.07314e-01
7.05615e+05  4.24867e-01  7.05837e-01
7.05512e+05  4.24929e-01  7.04351e-01
7.05411e+05  4.24990e-01  7.02868e-01
7.05309e+05  4.25051e-01  7.04317e-01
7.05210e+05  4.25111e-01  7.06370e-01
7.05107e+05  4.25173e-01  7.08434e-01
7.05006e+05  4.25234e-01  7.10490e-01
7.04905e+05  4.25295e-01  7.12556e-01
7.04804e+05  4.25356e-01  7.14624e-01
7.04703e+05  4.25417e-01  7.16685e-01
7.04602e+05  4.25478e-01  7.18750e-01
7.04501e+05  4.25539e-01  7.20816e-01
7.04400e+05  4.25600e-01  7.22892e-01
7.04299e+05  4.25661e-01  7.24961e-01
7.04198e+05  4.25722e-01  7.27032e-01
7.04097e+05  4.25783e-01  7.29105e-01
7.03996e+05  4.25844e-01  7.31188e-01
7.03893e+05  4.25906e-01  7.33271e-01
7.03794e+05  4.25966e-01  7.35349e-01
7.03692e+05  4.26028e-01  7.35702e-01
7.03591e+05  4.26089e-01  7.33969e-01
7.03490e+05  4.26150e-01  7.32231e-01
7.03390e+05  4.26211e-01  7.30496e-01
7.03287e+05  4.26273e-01  7.28752e-01
7.03187e+05  4.26334e-01  7.27013e-01
7.03086e+05  4.26395e-01  7.25266e-01
7.02986e+05  4.26456e-01  7.23523e-01
7.02885e+05  4.26517e-01  7.21772e-01
7.02785e+05  4.26578e-01  7.20026e-01
7.02682e+05  4.26640e-01  7.18277e-01
7.02582e+05  4.26701e-01  7.16520e-01
7.02482e+05  4.26762e-01  7.14769e-01
7.02381e+05  4.26823e-01  7.13016e-01
7.02281e+05  4.26884e-01  7.11260e-01
7.02179e+05  4.26946e-01  7.09497e-01
7.02079e+05  4.27007e-01  7.08145e-01
7.01978e+05  4.27068e-01  7.09963e-01
7.01876e+05  4.27130e-01  7.11774e-01
7.01776e+05  4.27191e-01  7.13596e-01
7.01676e+05  4.27252e-01  7.15418e-01
7.01574e+05  4.27314e-01  7.17234e-01
7.01474e+05  4.27375e-01  7.19059e-01
7.01374e+05  4.27436e-01  7.20878e-01
7.01272e+05  4.27498e-01  7.22706e-01
7.01172e+05  4.27559e-01  7.24528e-01
7.01070e+05  4.27621e-01  7.26358e-01
7.00970e+05  4.27682e-01  7.28176e-01
7.00871e+05  4.27743e-01  7.30010e-01
7.00769e+05  4.27805e-01  7.31844e-01
7.00669e+05  4.27866e-01  7.33674e-01
7.00569e+05  4.27927e-01  7.35505e-01
7.00468e+05  4.27989e-01  7.37337e-01
7.00368e+05  4.28050e-01  7.36780e-01
7.00266e+05  4.28112e-01  7.35687e-01
7.00167e+05  4.28173e-01  7.34589e-01
7.00065e+05  4.28235e-01  7.33493e-01
6.99966e+05  4.28296e-01  7.32392e-01
6.99866e+05  4.28357e-01  7.31293e-01
6.99765e+05  4.28419e-01  7.30189e-01
6.99663e+05  4.28481e-01  7.29084e-01
6.99564e+05  4.28542e-01  7.27982e-01
6.99463e+05  4.28604e-01  7.26874e-01
6.99363e+05  4.28665e-01  7.25771e-01
6.99262e+05  4.28727e-01  7.24661e-01
6.99162e+05  4.28788e-01  7.23558e-01
6.99061e+05  4.28850e-01  7.22445e-01
6.98962e+05  4.28911e-01  7.21336e-01
6.98861e+05  4.28973e-01  7.20225e-01
6.98762e+05  4.29034e-01  7.19905e-01
6.98661e+05  4.29096e-01  7.20217e-01
6.98560e+05  4.29158e-01  7.20529e-01
6.98460e+05  4.29219e-01  7.20840e-01
6.98359e+05  4.29281e-01  7.21153e-01
6.98260e+05  4.29342e-01  7.21465e-01
6.98159e+05  4.29404e-01  7.21778e-01
6.98059e+05  4.29466e-01  7.22091e-01
6.97960e+05  4.29527e-01  7.22404e-01
6.97859e+05  4.29589e-01  7.22714e-01
6.97758e+05  4.29651e-01  7.23029e-01
6.97659e+05  4.29712e-01  7.23343e-01
6.97558e+05  4.29774e-01  7.23657e-01
6.97458e+05  4.29836e-01  7.23970e-01
6.97359e+05  4.29897e-01  7.24279e-01
6.97258e+05  4.29959e-01  7.24594e-01
6.97158e+05  4.30021e-01  7.24357e-01
6.97059e+05  4.30082e-01  7.23034e-01
6.96958e+05  4.30144e-01  7.21705e-01
6.96858e+05  4.30206e-01  7.20382e-01
6.96758e+05  4.30268e-01  7.19054e-01
6.96659e+05  4.30329e-01  7.17721e-01
6.96558e+05  4.30391e-01  7.16386e-01
6.96458e+05  4.30453e-01  7.15054e-01
6.96358e+05  4.30515e-01  7.13716e-01
6.96257e+05  4.30577e-01  7.12381e-01
6.96157e+05  4.30639e-01  7.11040e-01
6.96059e+05  4.30700e-01  7.09709e-01
6.95958e+05  4.30762e-01  7.08360e-01
6.95858e+05  4.30824e-01  7.07020e-01
6.95758e+05  4.30886e-01  7.05674e-01
6.95660e+05  4.30947e-01  7.04337e-01
6.95560e+05  4.31009e-01  7.03498e-01
6.95460e+05  4.31071e-01  7.05528e-01
6.95360e+05  4.31133e-01  7.07567e-01
6.95260e+05  4.31195e-01  7.09600e-01
6.95160e+05  4.31257e-01  7.11641e-01
6.95060e+05  4.31319e-01  7.13678e-01
6.94960e+05  4.31381e-01  7.15717e-01
6.94860e+05  4.31443e-01  7.17765e-01
6.94762e+05  4.31504e-01  7.19799e-01
6.94662e+05  4.31566e-01  7.21857e-01
6.94562e+05  4.31628e-01  7.23900e-01
6.94462e+05  4.31690e-01  7.25955e-01
6.94363e+05  4.31752e-01  7.28011e-01
6.94263e+05  4.31814e-01  7.30054e-01
6.94162e+05  4.31877e-01  7.32121e-01
6.94064e+05  4.31938e-01  7.34174e-01
6.93962e+05  4.32001e-01  7.36223e-01
6.93864e+05  4.32062e-01  7.36286e-01
6.93765e+05  4.32124e-01  7.36350e-01
6.93665e+05  4.32186e-01  7.36415e-01
6.93566e+05  4.32248e-01  7.36478e-01
6.93466e+05  4.32310e-01  7.36541e-01
6.93365e+05  4.32373e-01  7.36604e-01
6.93266e+05  4.32435e-01  7.36667e-01
6.93168e+05  4.32496e-01  7.36730e-01
6.93067e+05  4.32559e-01  7.36794e-01
6.92969e+05  4.32620e-01  7.36856e-01
6.92869e+05  4.32683e-01  7.36920e-01
6.92769e+05  4.32745e-01  7.36983e-01
6.92670e+05  4.32807e-01  7.37046e-01
6.92571e+05  4.32869e-01  7.37108e-01
6.92472e+05  4.32931e-01  7.37171e-01
6.92373e+05  4.32993e-01  7.37233e-01
6.92272e+05  4.33056e-01  7.38472e-01
6.92173e+05  4.33118e-01  7.39850e-01
6.92074e+05  4.33180e-01  7.41220e-01
6.91975e+05  4.33242e-01  7.42602e-01
6.91876e+05  4.33304e-01  7.43979e-01
6.91777e+05  4.33366e-01  7.45363e-01
6.91676e+05  4.33429e-01  7.46743e-01
6.91577e+05  4.33491e-01  7.48130e-01
6.91478e+05  4.33553e-01  7.49506e-01
6.91379e+05  4.33615e-01  7.50894e-01
6.91279e+05  4.33678e-01  7.52283e-01
6.91180e+05  4.33740e-01  7.53662e-01
6.91081e+05  4.33802e-01  7.55054e-01
6.90983e+05  4.33864e-01  7.56444e-01
6.90882e+05  4.33927e-01  7.57838e-01
6.90784e+05  4.33989e-01  7.59222e-01
6.90685e+05  4.34051e-01  7.58696e-01
6.90585e+05  4.34114e-01  7.57742e-01
6.90486e+05  4.34176e-01  7.56790e-01
6.90387e+05  4.34238e-01  7.55842e-01
6.90289e+05  4.34300e-01  7.54886e-01
6.90189e+05  4.34363e-01  7.53928e-01
6.90090e+05  4.34425e-01  7.52974e-01
6.89990e+05  4.34488e-01  7.52014e-01
6.89892e+05  4.34550e-01  7.51058e-01
6.89793e+05  4.34612e-01  7.50098e-01
6.89695e+05  4.34674e-01  7.49143e-01
6.89595e+05  4.34737e-01  7.48179e-01
6.89497e+05  4.34799e-01  7.47221e-01
6.89398e+05  4.34861e-01  7.46255e-01
6.89298e+05  4.34924e-01  7.45289e-01
6.89199e+05  4.34987e-01  7.44322e-01
6.89100e+05  4.35049e-01  7.45866e-01
6.89002e+05  4.35111e-01  7.48079e-01
6.88903e+05  4.35174e-01  7.50312e-01
6.88804e+05  4.35236e-01  7.52546e-01
6.88705e+05  4.35299e-01  7.54780e-01
6.88607e+05  4.35361e-01  7.57002e-01
6.88507e+05  4.35424e-01  7.59240e-01
6.88409e+05  4.35486e-01  7.61482e-01
6.88309e+05  4.35549e-01  7.63717e-01
6.88211e+05  4.35611e-01  7.65953e-01
6.88112e+05  4.35674e-01  7.68201e-01
6.88012e+05  4.35737e-01  7.70451e-01
6.87915e+05  4.35799e-01  7.72685e-01
6.87817e+05  4.35861e-01  7.74934e-01
6.87717e+05  4.35924e-01  7.77172e-01
6.87619e+05  4.35986e-01  7.79428e-01
6.87520e+05  4.36049e-01  7.79883e-01
6.87421e+05  4.36112e-01  7.79840e-01
6.87323e+05  4.36174e-01  7.79799e-01
6.87224e+05  4.36237e-01  7.79756e-01
6.87125e+05  4.36300e-01  7.79711e-01
6.87027e+05  4.36362e-01  7.79669e-01
6.86928e+05  4.36425e-01  7.79626e-01
6.86830e+05  4.36487e-01  7.79583e-01
6.86731e+05  4.36550e-01  7.79539e-01
6.86632e+05  4.36613e-01  7.79494e-01
6.86533e+05  4.36676e-01  7.79451e-01
6.86435e+05  4.36738e-01  7.79407e-01
6.86336e+05  4.36801e-01  7.79364e-01
6.86239e+05  4.36863e-01  7.79318e-01
6.86140e+05  4.36926e-01  7.79272e-01
6.86041e+05  4.36989e-01  7.79225e-01
6.85944e+05  4.37051e-01  7.80254e-01
6.85845e+05  4.37114e-01  7.81522e-01
6.85746e+05  4.37177e-01  7.82788e-01
6.85647e+05  4.37240e-01  7.84057e-01
6.85549e+05  4.37303e-01  7.85324e-01
6.85451e+05  4.37365e-01  7.86590e-01
6.85353e+05  4.37428e-01  7.87861e-01
6.85254e+05  4.37491e-01  7.89136e-01
6.85155e+05  4.37554e-01  7.90406e-01
6.85057e+05  4.37617e-01  7.91675e-01
6.84958e+05  4.37680e-01  7.92950e-01
6.84861e+05  4.37742e-01  7.94226e-01
6.84763e+05  4.37805e-01  7.95500e-01
6.84664e+05  4.37868e-01  7.96774e-01
6.84566e+05  4.37931e-01  7.98055e-01
6.84469e+05  4.37993e-01  7.99327e-01
6.84370e+05  4.38056e-01  7.98966e-01
6.84272e+05  4.38119e-01  7.98416e-01
6.84173e+05  4.38182e-01  7.97865e-01
6.84075e+05  4.38245e-01  7.97312e-01
6.83977e+05  4.38308e-01  7.96758e-01
6.83878e+05  4.38371e-01  7.96201e-01
6.83780e+05  4.38434e-01  7.95647e-01
6.83682e+05  4.38497e-01  7.95093e-01
6.83584e+05  4.38560e-01  7.94536e-01
6.83485e+05  4.38623e-01  7.93978e-01
6.83387e+05  4.38686e-01  7.93422e-01
6.83289e+05  4.38749e-01  7.92866e-01
6.83191e+05  4.38812e-01  7.92307e-01
6.83093e+05  4.38875e-01  7.91746e-01
6.82995e+05  4.38938e-01  7.91188e-01
6.82897e+05  4.39001e-01  7.90649e-01
6.82799e+05  4.39064e-01  7.92423e-01
6.82703e+05  4.39126e-01  7.94182e-01
6.82603e+05  4.39190e-01  7.95958e-01
6.82507e+05  4.39252e-01  7.97729e-01
6.82409e+05  4.39315e-01  7.99502e-01
6.82309e+05  4.39379e-01  8.01280e-01
6.82212e+05  4.39442e-01  8.03061e-01
6.82114e+05  4.39505e-01  8.04838e-01
6.82016e+05  4.39568e-01  8.06622e-01
6.81918e+05  4.39631e-01  8.08402e-01
6.81821e+05  4.39694e-01  8.10190e-01
6.81723e+05  4.39757e-01  8.11978e-01
6.81625e+05  4.39820e-01  8.13760e-01
6.81526e+05  4.39884e-01  8.15544e-01
6.81429e+05  4.39947e-01  8.17337e-01
6.81331e+05  4.40010e-01  8.18874e-01
6.81233e+05  4.40073e-01  8.19056e-01
6.81136e+05  4.40136e-01  8.19238e-01
6.81038e+05  4.40199e-01  8.19417e-01
6.80941e+05  4.40262e-01  8.19600e-01
6.80842e+05  4.40326e-01  8.19783e-01
6.80745e+05  4.40389e-01  8.19964e-01
6.80647e+05  4.40452e-01  8.20145e-01
6.80550e+05  4.40515e-01  8.20326e-01
6.80451e+05  4.40579e-01  8.20507e-01
6.80354e+05  4.40642e-01  8.20688e-01
6.80257e+05  4.40705e-01  8.20869e-01
6.80159e+05  4.40768e-01  8.21049e-01
6.80061e+05  4.40832e-01  8.21230e-01
6.79963e+05  4.40895e-01  8.21413e-01
6.79866e+05  4.40958e-01  8.21593e-01
6.79768e+05  4.41022e-01  8.21948e-01
6.79670e+05  4.41085e-01  8.22641e-01
6.79573e+05  4.41148e-01  8.23335e-01
6.79476e+05  4.41211e-01  8.24025e-01
6.79378e+05  4.41275e-01  8.24722e-01
6.79281e+05  4.41338e-01  8.25413e-01
6.79184e+05  4.41401e-01  8.26108e-01
6.79085e+05  4.41465e-01  8.26805e-01
6.78989e+05  4.41528e-01  8.27500e-01
6.78892e+05  4.41591e-01  8.28194e-01
6.78793e+05  4.41655e-01  8.28892e-01
6.78696e+05  4.41718e-01  8.29590e-01
6.78598e+05  4.41782e-01  8.30285e-01
6.78501e+05  4.41845e-01  8.30981e-01
6.78403e+05  4.41909e-01  8.31681e-01
6.78306e+05  4.41972e-01  8.32382e-01
6.78210e+05  4.42035e-01  8.31911e-01
6.78112e+05  4.42099e-01  8.30497e-01
6.78015e+05  4.42162e-01  8.29092e-01
6.77917e+05  4.42226e-01  8.27681e-01
6.77820e+05  4.42289e-01  8.26280e-01
6.77722e+05  4.42353e-01  8.24867e-01
6.77626e+05  4.42416e-01  8.23450e-01
6.77529e+05  4.42479e-01  8.22043e-01
6.77431e+05  4.42543e-01  8.20627e-01
6.77333e+05  4.42607e-01  8.19207e-01
6.77237e+05  4.42670e-01  8.17791e-01
6.77139e+05  4.42734e-01  8.16374e-01
6.77043e+05  4.42797e-01  8.14949e-01
6.76945e+05  4.42861e-01  8.13524e-01
6.76849e+05  4.42924e-01  8.12103e-01
6.76751e+05  4.42988e-01  8.10680e-01
6.76653e+05  4.43052e-01  8.11208e-01
6.76557e+05  4.43115e-01  8.12196e-01
6.76459e+05  4.43179e-01  8.13179e-01
6.76361e+05  4.43243e-01  8.14172e-01
6.76265e+05  4.43306e-01  8.15158e-01
6.76168e+05  4.43370e-01  8.16149e-01
6.76072e+05  4.43433e-01  8.17132e-01
6.75974e+05  4.43497e-01  8.18124e-01
6.75878e+05  4.43560e-01  8.19108e-01
6.75781e+05  4.43624e-01  8.20102e-01
6.75683e+05  4.43688e-01  8.21097e-01
6.75586e+05  4.43752e-01  8.22093e-01
6.75490e+05  4.43815e-01  8.23084e-01
6.75392e+05  4.43879e-01  8.24074e-01
6.75295e+05  4.43943e-01  8.25072e-01
6.75199e+05  4.44006e-01  8.25862e-01
6.75102e+05  4.44070e-01  8.24753e-01
6.75005e+05  4.44134e-01  8.23652e-01
6.74907e+05  4.44198e-01  8.22547e-01
6.74810e+05  4.44262e-01  8.21438e-01
6.74714e+05  4.44325e-01  8.20336e-01
6.74617e+05  4.44389e-01  8.19227e-01
6.74520e+05  4.44453e-01  8.18116e-01
6.74423e+05  4.44517e-01  8.17004e-01
6.74327e+05  4.44580e-01  8.15898e-01
6.74230e+05  4.44644e-01  8.14784e-01
6.74133e+05  4.44708e-01  8.13678e-01
6.74036e+05  4.44772e-01  8.12561e-01
6.73939e+05  4.44836e-01  8.11443e-01
6.73842e+05  4.44900e-01  8.10325e-01
6.73747e+05  4.44963e-01  8.09210e-01
6.73650e+05  4.45027e-01  8.09193e-01
6.73553e+05  4.45091e-01  8.10668e-01
6.73456e+05  4.45155e-01  8.12134e-01
6.73360e+05  4.45219e-01  8.13616e-01
6.73263e+05  4.45283e-01  8.15091e-01
6.73166e+05  4.45347e-01  8.16568e-01
6.73071e+05  4.45410e-01  8.18036e-01
6.72974e+05  4.45474e-01  8.19519e-01
6.72876e+05  4.45539e-01  8.21003e-01
6.72779e+05  4.45603e-01  8.22487e-01
6.72684e+05  4.45666e-01  8.23960e-01
6.72588e+05  4.45730e-01  8.25446e-01
6.72491e+05  4.45794e-01  8.26932e-01
6.72394e+05  4.45858e-01  8.28409e-01
6.72298e+05  4.45922e-01  8.29900e-01
6.72201e+05  4.45986e-01  8.31392e-01
6.72104e+05  4.46051e-01  8.31373e-01
6.72009e+05  4.46114e-01  8.30946e-01
6.71912e+05  4.46178e-01  8.30518e-01
6.71814e+05  4.46243e-01  8.30089e-01
6.71720e+05  4.46306e-01  8.29662e-01
6.71622e+05  4.46371e-01  8.29231e-01
6.71525e+05  4.46435e-01  8.28801e-01
6.71429e+05  4.46499e-01  8.28369e-01
6.71334e+05  4.46562e-01  8.27941e-01
6.71237e+05  4.46627e-01  8.27508e-01
6.71141e+05  4.46691e-01  8.27076e-01
6.71044e+05  4.46755e-01  8.26642e-01
6.70948e+05  4.46819e-01  8.26212e-01
6.70852e+05  4.46883e-01  8.25777e-01
6.70756e+05  4.46947e-01  8.25344e-01
6.70660e+05  4.47011e-01  8.25236e-01
6.70563e+05  4.47076e-01  8.26633e-01
6.70467e+05  4.47140e-01  8.28033e-01
6.70371e+05  4.47204e-01  8.29434e-01
6.70275e+05  4.47268e-01  8.30826e-01
6.70179e+05  4.47332e-01  8.32230e-01
6.70083e+05  4.47396e-01  8.33624e-01
6.69986e+05  4.47461e-01  8.35028e-01
6.69890e+05  4.47525e-01  8.36435e-01
6.69793e+05  4.47590e-01  8.37844e-01
6.69697e+05  4.47654e-01  8.39252e-01
6.69601e+05  4.47718e-01  8.40651e-01
6.69505e+05  4.47782e-01  8.42060e-01
6.69408e+05  4.47847e-01  8.43473e-01
6.69313e+05  4.47911e-01  8.44884e-01
6.69217e+05  4.47975e-01  8.46287e-01
6.69121e+05  4.48039e-01  8.46801e-01
6.69024e+05  4.48104e-01  8.46740e-01
6.68929e+05  4.48168e-01  8.46678e-01
6.68833e+05  4.48232e-01  8.46616e-01
6.68736e+05  4.48297e-01  8.46554e-01
6.68641e+05  4.48361e-01  8.46491e-01
6.68545e+05  4.48425e-01  8.46429e-01
6.68448e+05  4.48490e-01  8.46368e-01
6.68353e+05  4.48554e-01  8.46306e-01
6.68258e+05  4.48618e-01  8.46243e-01
6.68161e+05  4.48683e-01  8.46179e-01
6.68066e+05  4.48747e-01  8.46114e-01
6.67970e+05  4.48811e-01  8.46050e-01
6.67874e+05  4.48876e-01  8.45986e-01
6.67778e+05  4.48940e-01  8.45921e-01
6.67682e+05  4.49005e-01  8.45960e-01
6.67587e+05  4.49069e-01  8.47221e-01
6.67490e+05  4.49134e-01  8.48495e-01
6.67395e+05  4.49198e-01  8.49771e-01
6.67298e+05  4.49263e-01  8.51044e-01
6.67203e+05  4.49327e-01  8.52309e-01
6.67107e+05  4.49392e-01  8.53586e-01
6.67012e+05  4.49456e-01  8.54864e-01
6.66915e+05  4.49521e-01  8.56132e-01
6.66820e+05  4.49585e-01  8.57410e-01
6.66724e+05  4.49650e-01  8.58689e-01
6.66629e+05  4.49714e-01  8.59961e-01
6.66533e+05  4.49779e-01  8.61242e-01
6.66436e+05  4.49844e-01  8.62525e-01
6.66342e+05  4.49908e-01  8.63809e-01
6.66247e+05  4.49972e-01  8.65084e-01
6.66151e+05  4.50037e-01  8.64962e-01
6.66054e+05  4.50102e-01  8.63792e-01
6.65958e+05  4.50167e-01  8.62619e-01
6.65864e+05  4.50231e-01  8.61454e-01
6.65768e+05  4.50296e-01  8.60277e-01
6.65673e+05  4.50360e-01  8.59102e-01
6.65577e+05  4.50425e-01  8.57925e-01
6.65481e+05  4.50490e-01  8.56754e-01
6.65386e+05  4.50554e-01  8.55574e-01
6.65290e+05  4.50619e-01  8.54394e-01
6.65196e+05  4.50683e-01  8.53220e-01
6.65100e+05  4.50748e-01  8.52036e-01
6.65005e+05  4.50812e-01  8.50860e-01
6.64910e+05  4.50877e-01  8.49675e-01
6.64814e+05  4.50942e-01  8.48488e-01
6.64718e+05  4.51007e-01  8.47563e-01
6.64622e+05  4.51072e-01  8.48784e-01
6.64528e+05  4.51136e-01  8.49998e-01
6.64432e+05  4.51201e-01  8.51221e-01
6.64336e+05  4.51266e-01  8.52444e-01
6.64241e+05  4.51331e-01  8.53665e-01
6.64147e+05  4.51395e-01  8.54888e-01
6.64051e+05  4.51460e-01  8.56115e-01
6.63955e+05  4.51525e-01  8.57342e-01
6.63860e+05  4.51590e-01  8.58569e-01
6.63764e+05  4.51655e-01  8.59790e-01
6.63669e+05  4.51720e-01  8.61020e-01
6.63573e+05  4.51785e-01  8.62246e-01
6.63479e+05  4.51849e-01  8.63473e-01
6.63384e+05  4.51914e-01  8.64701e-01
6.63288e+05  4.51979e-01  8.65934e-01
6.63193e+05  4.52044e-01  8.65720e-01
6.63098e+05  4.52109e-01  8.64810e-01
6.63004e+05  4.52173e-01  8.63903e-01
6.62907e+05  4.52239e-01  8.62991e-01
6.62813e+05  4.52303e-01  8.62082e-01
6.62717e+05  4.52369e-01  8.61165e-01
6.62621e+05  4.52434e-01  8.60250e-01
6.62528e+05  4.52498e-01  8.59338e-01
6.62433e+05  4.52563e-01  8.58424e-01
6.62337e+05  4.52628e-01  8.57507e-01
6.62242e+05  4.52693e-01  8.56588e-01
6.62147e+05  4.52758e-01  8.55675e-01
6.62052e+05  4.52823e-01  8.54754e-01
6.61957e+05  4.52888e-01  8.53832e-01
6.61862e+05  4.52953e-01  8.52913e-01
6.61767e+05  4.53018e-01  8.53062e-01
6.61672e+05  4.53083e-01  8.55982e-01
6.61577e+05  4.53148e-01  8.58902e-01
6.61482e+05  4.53213e-01  8.61837e-01
6.61388e+05  4.53278e-01  8.64774e-01
6.61293e+05  4.53343e-01  8.67705e-01
6.61198e+05  4.53408e-01  8.70636e-01
6.61103e+05  4.53473e-01  8.73580e-01
6.61007e+05  4.53539e-01  8.76526e-01
6.60912e+05  4.53604e-01  8.79473e-01
6.60818e+05  4.53669e-01  8.82415e-01
6.60723e+05  4.53734e-01  8.85357e-01
6.60628e+05  4.53799e-01  8.88313e-01
6.60532e+05  4.53865e-01  8.91273e-01
6.60439e+05  4.53929e-01  8.94212e-01
6.60345e+05  4.53994e-01  8.97174e-01
6.60249e+05  4.54060e-01  8.98725e-01
6.60154e+05  4.54125e-01  9.00155e-01
6.60060e+05  4.54190e-01  9.01579e-01
6.59965e+05  4.54255e-01  9.03006e-01
6.59871e+05  4.54320e-01  9.04434e-01
6.59776e+05  4.54385e-01  9.05870e-01
6.59680e+05  4.54451e-01  9.07305e-01
6.59586e+05  4.54516e-01  9.08731e-01
6.59492e+05  4.54581e-01  9.10168e-01
6.59396e+05  4.54647e-01  9.11605e-01
6.59302e+05  4.54712e-01  9.13044e-01
6.59208e+05  4.54777e-01  9.14487e-01
6.59113e+05  4.54842e-01  9.15917e-01
6.59018e+05  4.54908e-01  9.17359e-01
6.58924e+05  4.54973e-01  9.18802e-01
6.58828e+05  4.55039e-01  9.19915e-01
6.58735e+05  4.55103e-01  9.20788e-01
6.58640e+05  4.55169e-01  9.21666e-01
6.58546e+05  4.55234e-01  9.22541e-01
6.58452e+05  4.55299e-01  9.23419e-01
6.58356e+05  4.55365e-01  9.24300e-01
6.58262e+05  4.55430e-01  9.25181e-01
6.58168e+05  4.55495e-01  9.26057e-01
6.58073e+05  4.55561e-01  9.26940e-01
6.57979e+05  4.55626e-01  9.27824e-01
6.57885e+05  4.55691e-01  9.28698e-01
6.57790e+05  4.55757e-01  9.29582e-01
6.57695e+05  4.55823e-01  9.30468e-01
6.57601e+05  4.55888e-01  9.31356e-01
6.57507e+05  4.55953e-01  9.32237e-01
6.57412e+05  4.56019e-01  9.33293e-01
6.57319e+05  4.56084e-01  9.34791e-01
6.57223e+05  4.56150e-01  9.36289e-01
6.57130e+05  4.56215e-01  9.37784e-01
6.57035e+05  4.56281e-01  9.39276e-01
6.56941e+05  4.56346e-01  9.40777e-01
6.56846e+05  4.56412e-01  9.42273e-01
6.56753e+05  4.56477e-01  9.43769e-01
6.56658e+05  4.56543e-01  9.45273e-01
6.56564e+05  4.56608e-01  9.46774e-01
6.56469e+05  4.56674e-01  9.48278e-01
6.56376e+05  4.56739e-01  9.49785e-01
6.56281e+05  4.56805e-01  9.51293e-01
6.56188e+05  4.56870e-01  9.52791e-01
6.56093e+05  4.56936e-01  9.54302e-01
6.55998e+05  4.57002e-01  9.55598e-01
6.55905e+05  4.57067e-01  9.48885e-01
6.55810e+05  4.57133e-01  9.42186e-01
6.55717e+05  4.57198e-01  9.35488e-01
6.55622e+05  4.57264e-01  9.28754e-01
6.55528e+05  4.57330e-01  9.22015e-01
6.55434e+05  4.57395e-01  9.15297e-01
6.55340e+05  4.57461e-01  9.08568e-01
6.55245e+05  4.57527e-01  9.01839e-01
6.55152e+05  4.57592e-01  8.95074e-01
6.55058e+05  4.57658e-01  8.88330e-01
6.54963e+05  4.57724e-01  8.81557e-01
6.54870e+05  4.57789e-01  8.74805e-01
6.54776e+05  4.57855e-01  8.68040e-01
6.54682e+05  4.57921e-01  8.61245e-01
6.54589e+05  4.57986e-01  8.54477e-01
6.54494e+05  4.58052e-01  8.58773e-01
6.54400e+05  4.58118e-01  8.65980e-01
6.54306e+05  4.58184e-01  8.73187e-01
6.54212e+05  4.58250e-01  8.80405e-01
6.54119e+05  4.58315e-01  8.87574e-01
6.54025e+05  4.58381e-01  8.94802e-01
6.53930e+05  4.58447e-01  9.02034e-01
6.53836e+05  4.58513e-01  9.09276e-01
6.53742e+05  4.58579e-01  9.16490e-01
6.53650e+05  4.58644e-01  9.23716e-01
6.53556e+05  4.58710e-01  9.30947e-01
6.53462e+05  4.58776e-01  9.38183e-01
6.53368e+05  4.58842e-01  9.45455e-01
6.53274e+05  4.58908e-01  9.52732e-01
6.53180e+05  4.58974e-01  9.59983e-01
6.53087e+05  4.59039e-01  9.60672e-01
6.52993e+05  4.59105e-01  9.56950e-01
6.52899e+05  4.59171e-01  9.53236e-01
6.52806e+05  4.59237e-01  9.49523e-01
6.52712e+05  4.59303e-01  9.45791e-01
6.52618e+05  4.59369e-01  9.42055e-01
6.52524e+05  4.59435e-01  9.38331e-01
6.52430e+05  4.59501e-01  9.34601e-01
6.52337e+05  4.59567e-01  9.30858e-01
6.52243e+05  4.59633e-01  9.27109e-01
6.52149e+05  4.59699e-01  9.23370e-01
6.52056e+05  4.59765e-01  9.19617e-01
6.51962e+05  4.59831e-01  9.15874e-01
6.51869e+05  4.59897e-01  9.12124e-01
6.51775e+05  4.59963e-01  9.08372e-01
6.51682e+05  4.60029e-01  9.07267e-01
6.51588e+05  4.60095e-01  9.09594e-01
6.51495e+05  4.60161e-01  9.11922e-01
6.51401e+05  4.60227e-01  9.14261e-01
6.51308e+05  4.60293e-01  9.16604e-01
6.51215e+05  4.60359e-01  9.18938e-01
6.51121e+05  4.60425e-01  9.21274e-01
6.51028e+05  4.60491e-01  9.23621e-01
6.50935e+05  4.60557e-01  9.25969e-01
6.50841e+05  4.60623e-01  9.28309e-01
6.50747e+05  4.60690e-01  9.30653e-01
6.50653e+05  4.60756e-01  9.33005e-01
6.50560e+05  4.60822e-01  9.35360e-01
6.50467e+05  4.60888e-01  9.37711e-01
6.50374e+05  4.60954e-01  9.40061e-01
6.50281e+05  4.61020e-01  9.41408e-01
6.50188e+05  4.61086e-01  9.40482e-01
6.50095e+05  4.61152e-01  9.39554e-01
6.50000e+05  4.61219e-01  9.38623e-01
6.49907e+05  4.61285e-01  9.37696e-01
6.49814e+05  4.61351e-01  9.36768e-01
6.49721e+05  4.61417e-01  9.35834e-01
6.49627e+05  4.61484e-01  9.34902e-01
6.49534e+05  4.61550e-01  9.33971e-01
6.49441e+05  4.61616e-01  9.33033e-01
6.49348e+05  4.61682e-01  9.32096e-01
6.49254e+05  4.61749e-01  9.31158e-01
6.49161e+05  4.61815e-01  9.30221e-01
6.49069e+05  4.61881e-01  9.29285e-01
6.48974e+05  4.61948e-01  9.28345e-01
6.48882e+05  4.62014e-01  9.27920e-01
6.48789e+05  4.62080e-01  9.29417e-01
6.48695e+05  4.62147e-01  9.30916e-01
6.48602e+05  4.62213e-01  9.32423e-01
6.48510e+05  4.62279e-01  9.33922e-01
6.48417e+05  4.62345e-01  9.35426e-01
6.48323e+05  4.62412e-01  9.36938e-01
6.48231e+05  4.62478e-01  9.38441e-01
6.48138e+05  4.62544e-01  9.39945e-01
6.48044e+05  4.62611e-01  9.41458e-01
6.47952e+05  4.62677e-01  9.42964e-01
6.47858e+05  4.62744e-01  9.44473e-01
6.47766e+05  4.62810e-01  9.45990e-01
6.47672e+05  4.62877e-01  9.47499e-01
6.47580e+05  4.62943e-01  9.49017e-01
6.47487e+05  4.63009e-01  9.50050e-01
6.47394e+05  4.63076e-01  9.48179e-01
6.47300e+05  4.63143e-01  9.46307e-01
6.47208e+05  4.63209e-01  9.44440e-01
6.47114e+05  4.63276e-01  9.42565e-01
6.47022e+05  4.63342e-01  9.40695e-01
6.46928e+05  4.63409e-01  9.38817e-01
6.46836e+05  4.63475e-01  9.36944e-01
6.46744e+05  4.63541e-01  9.35068e-01
6.46651e+05  4.63608e-01  9.33183e-01
6.46559e+05  4.63674e-01  9.31313e-01
6.46465e+05  4.63741e-01  9.29425e-01
6.46372e+05  4.63808e-01  9.27535e-01
6.46280e+05  4.63874e-01  9.25655e-01
6.46187e+05  4.63941e-01  9.23770e-01
6.46095e+05  4.64007e-01  9.22354e-01
6.46001e+05  4.64074e-01  9.24795e-01
6.45908e+05  4.64141e-01  9.27245e-01
6.45816e+05  4.64207e-01  9.29684e-01
6.45723e+05  4.64274e-01  9.32138e-01
6.45631e+05  4.64340e-01  9.34584e-01
6.45538e+05  4.64407e-01  9.37042e-01
6.45445e+05  4.64474e-01  9.39492e-01
6.45352e+05  4.64541e-01  9.41951e-01
6.45260e+05  4.64607e-01  9.44414e-01
6.45167e+05  4.64674e-01  9.46868e-01
6.45074e+05  4.64741e-01  9.49324e-01
6.44983e+05  4.64807e-01  9.51790e-01
6.44890e+05  4.64874e-01  9.54243e-01
6.44797e+05  4.64941e-01  9.56713e-01
6.44705e+05  4.65007e-01  9.58568e-01
6.44612e+05  4.65074e-01  9.55448e-01
6.44520e+05  4.65141e-01  9.52309e-01
6.44427e+05  4.65208e-01  9.49167e-01
6.44335e+05  4.65274e-01  9.46035e-01
6.44243e+05  4.65341e-01  9.42891e-01
6.44150e+05  4.65408e-01  9.39754e-01
6.44057e+05  4.65475e-01  9.36604e-01
6.43964e+05  4.65542e-01  9.33463e-01
6.43872e+05  4.65609e-01  9.30307e-01
6.43780e+05  4.65675e-01  9.27160e-01
6.43688e+05  4.65742e-01  9.23998e-01
6.43595e+05  4.65809e-01  9.20845e-01
6.43503e+05  4.65876e-01  9.17691e-01
6.43410e+05  4.65943e-01  9.14521e-01
6.43318e+05  4.66010e-01  9.12196e-01
6.43227e+05  4.66076e-01  9.14784e-01
6.43134e+05  4.66143e-01  9.17396e-01
6.43042e+05  4.66210e-01  9.20000e-01
6.42949e+05  4.66277e-01  9.22605e-01
6.42857e+05  4.66344e-01  9.25222e-01
6.42765e+05  4.66411e-01  9.27830e-01
6.42672e+05  4.66478e-01  9.30453e-01
6.42580e+05  4.66545e-01  9.33067e-01
6.42488e+05  4.66612e-01  9.35694e-01
6.42395e+05  4.66679e-01  9.38319e-01
6.42303e+05  4.66746e-01  9.40940e-01
6.42211e+05  4.66813e-01  9.43573e-01
6.42119e+05  4.66880e-01  9.46195e-01
6.42027e+05  4.66947e-01  9.48830e-01
6.41935e+05  4.67014e-01  9.50461e-01
6.41843e+05  4.67081e-01  9.48316e-01
6.41750e+05  4.67148e-01  9.46161e-01
6.41658e+05  4.67215e-01  9.44013e-01
6.41566e+05  4.67282e-01  9.41862e-01
6.41474e+05  4.67349e-01  9.39703e-01
6.41383e+05  4.67416e-01  9.37549e-01
6.41291e+05  4.67483e-01  9.35394e-01
6.41199e+05  4.67550e-01  9.33226e-01
6.41107e+05  4.67617e-01  9.31066e-01
6.41015e+05  4.67684e-01  9.28908e-01
6.40922e+05  4.67752e-01  9.26737e-01
6.40830e+05  4.67819e-01  9.24563e-01
6.40738e+05  4.67886e-01  9.22396e-01
6.40647e+05  4.67953e-01  9.20227e-01
6.40555e+05  4.68020e-01  9.19353e-01
6.40462e+05  4.68088e-01  9.21497e-01
6.40370e+05  4.68155e-01  9.23642e-01
6.40278e+05  4.68222e-01  9.25780e-01
6.40187e+05  4.68289e-01  9.27920e-01
6.40095e+05  4.68356e-01  9.30068e-01
6.40002e+05  4.68424e-01  9.32209e-01
6.39911e+05  4.68491e-01  9.34352e-01
6.39819e+05  4.68558e-01  9.36508e-01
6.39728e+05  4.68625e-01  9.38649e-01
6.39636e+05  4.68692e-01  9.40804e-01
6.39544e+05  4.68760e-01  9.42963e-01
6.39452e+05  4.68827e-01  9.45115e-01
6.39361e+05  4.68894e-01  9.47266e-01
6.39268e+05  4.68962e-01  9.49431e-01
6.39177e+05  4.69029e-01  9.50581e-01
6.39086e+05  4.69096e-01  9.50396e-01
6.38993e+05  4.69164e-01  9.50210e-01
6.38902e+05  4.69231e-01  9.50025e-01
6.38810e+05  4.69298e-01  9.49838e-01
6.38718e+05  4.69366e-01  9.49653e-01
6.38627e+05  4.69433e-01  9.49468e-01
6.38534e+05  4.69501e-01  9.49282e-01
6.38443e+05  4.69568e-01  9.49093e-01
6.38352e+05  4.69635e-01  9.48905e-01
6.38260e+05  4.69703e-01  9.48718e-01
6.38169e+05  4.69770e-01  9.48531e-01
6.38076e+05  4.69838e-01  9.48343e-01
6.37985e+05  4.69905e-01  9.48154e-01
6.37894e+05  4.69972e-01  9.47964e-01
6.37802e+05  4.70040e-01  9.46646e-01
6.37711e+05  4.70107e-01  9.44543e-01
6.37619e+05  4.70175e-01  9.42433e-01
6.37528e+05  4.70242e-01  9.40319e-01
6.37436e+05  4.70310e-01  9.38212e-01
6.37345e+05  4.70377e-01  9.36104e-01
6.37253e+05  4.70445e-01  9.33986e-01
6.37162e+05  4.70512e-01  9.31864e-01
6.37070e+05  4.70580e-01  9.29750e-01
6.36979e+05  4.70647e-01  9.27634e-01
6.36887e+05  4.70715e-01  9.25508e-01
6.36797e+05  4.70782e-01  9.23390e-01
6.36705e+05  4.70850e-01  9.21268e-01
6.36613e+05  4.70918e-01  9.19136e-01
6.36522e+05  4.70985e-01  9.17002e-01
6.36430e+05  4.71053e-01  9.18857e-01
6.36340e+05  4.71120e-01  9.21810e-01
6.36248e+05  4.71188e-01  9.24763e-01
6.36156e+05  4.71256e-01  9.27720e-01
6.36066e+05  4.71323e-01  9.30688e-01
6.35974e+05  4.71391e-01  9.33660e-01
6.35882e+05  4.71459e-01  9.36623e-01
6.35792e+05  4.71526e-01  9.39589e-01
6.35700e+05  4.71594e-01  9.42567e-01
6.35609e+05  4.71662e-01  9.45547e-01
6.35517e+05  4.71730e-01  9.48529e-01
6.35427e+05  4.71797e-01  9.51503e-01
6.35335e+05  4.71865e-01  9.54477e-01
6.35244e+05  4.71933e-01  9.57466e-01
6.35154e+05  4.72000e-01  9.60424e-01
6.35062e+05  4.72068e-01  9.58764e-01
6.34971e+05  4.72136e-01  9.57095e-01
6.34879e+05  4.72204e-01  9.55432e-01
6.34788e+05  4.72272e-01  9.53763e-01
6.34698e+05  4.72339e-01  9.52098e-01
6.34606e+05  4.72407e-01  9.50431e-01
6.34516e+05  4.72474e-01  9.48763e-01
6.34424e+05  4.72543e-01  9.47084e-01
6.34334e+05  4.72610e-01  9.45405e-01
6.34242e+05  4.72678e-01  9.43733e-01
6.34151e+05  4.72746e-01  9.42058e-01
6.34060e+05  4.72814e-01  9.40375e-01
6.33969e+05  4.72882e-01  9.38691e-01
6.33878e+05  4.72950e-01  9.37005e-01
6.33788e+05  4.73017e-01  9.36343e-01
6.33697e+05  4.73085e-01  9.38608e-01
6.33604e+05  4.73154e-01  9.40872e-01
6.33515e+05  4.73221e-01  9.43128e-01
6.33424e+05  4.73289e-01  9.45388e-01
6.33333e+05  4.73357e-01  9.47655e-01
6.33242e+05  4.73425e-01  9.49915e-01
6.33151e+05  4.73493e-01  9.52181e-01
6.33060e+05  4.73561e-01  9.54454e-01
6.32969e+05  4.73629e-01  9.56721e-01
6.32878e+05  4.73697e-01  9.58989e-01
6.32787e+05  4.73765e-01  9.61269e-01
6.32696e+05  4.73833e-01  9.63549e-01
6.32606e+05  4.73901e-01  9.65823e-01
6.32515e+05  4.73969e-01  9.68099e-01
6.32424e+05  4.74037e-01  9.68983e-01
6.32333e+05  4.74105e-01  9.68689e-01
6.32243e+05  4.74173e-01  9.68394e-01
6.32152e+05  4.74241e-01  9.68102e-01
6.32061e+05  4.74309e-01  9.67807e-01
6.31971e+05  4.74377e-01  9.67509e-01
6.31880e+05  4.74445e-01  9.67215e-01
6.31788e+05  4.74514e-01  9.66918e-01
6.31698e+05  4.74582e-01  9.66621e-01
6.31607e+05  4.74650e-01  9.66325e-01
6.31517e+05  4.74718e-01  9.66029e-01
6.31426e+05  4.74786e-01  9.65731e-01
6.31336e+05  4.74854e-01  9.65435e-01
6.31246e+05  4.74922e-01  9.65136e-01
6.31155e+05  4.74990e-01  9.64835e-01
6.31064e+05  4.75059e-01  9.66906e-01
6.30973e+05  4.75127e-01  9.69348e-01
6.30883e+05  4.75195e-01  9.71810e-01
6.30793e+05  4.75263e-01  9.74272e-01
6.30701e+05  4.75332e-01  9.76736e-01
6.30611e+05  4.75400e-01  9.79203e-01
6.30521e+05  4.75468e-01  9.81652e-01
6.30431e+05  4.75536e-01  9.84120e-01
6.30339e+05  4.75605e-01  9.86592e-01
6.30249e+05  4.75673e-01  9.89047e-01
6.30159e+05  4.75741e-01  9.91523e-01
6.30069e+05  4.75809e-01  9.93991e-01
6.29978e+05  4.75878e-01  9.96471e-01
6.29888e+05  4.75946e-01  9.98941e-01
6.29798e+05  4.76014e-01  1.00000e+00
6.29708e+05  4.76082e-01  9.95656e-01
6.29616e+05  4.76151e-01  9.91276e-01
6.29526e+05  4.76219e-01  9.86890e-01
6.29435e+05  4.76288e-01  9.82502e-01
6.29345e+05  4.76356e-01  9.78144e-01
6.29256e+05  4.76424e-01  9.73745e-01
6.29164e+05  4.76493e-01  9.69347e-01
6.29075e+05  4.76561e-01  9.64943e-01
6.28985e+05  4.76629e-01  9.60570e-01
6.28894e+05  4.76698e-01  9.56159e-01
6.28804e+05  4.76766e-01  9.51742e-01
6.28713e+05  4.76835e-01  9.47325e-01
6.28624e+05  4.76903e-01  9.42922e-01
6.28533e+05  4.76972e-01  9.38510e-01
6.28443e+05  4.77040e-01  9.35259e-01
6.28353e+05  4.77108e-01  9.32831e-01
6.28263e+05  4.77177e-01  9.30392e-01
6.28173e+05  4.77245e-01  9.27961e-01
6.28082e+05  4.77314e-01  9.25527e-01
6.27993e+05  4.77382e-01  9.23080e-01
6.27902e+05  4.77451e-01  9.20633e-01
6.27813e+05  4.77519e-01  9.18192e-01
6.27722e+05  4.77588e-01  9.15751e-01
6.27631e+05  4.77657e-01  9.13296e-01
6.27542e+05  4.77725e-01  9.10840e-01
6.27451e+05  4.77794e-01  9.08392e-01
6.27362e+05  4.77862e-01  9.05941e-01
6.27271e+05  4.77931e-01  9.03478e-01
6.27181e+05  4.78000e-01  9.01015e-01
6.27092e+05  4.78068e-01  8.84580e-01
6.27001e+05  4.78137e-01  8.68014e-01
6.26911e+05  4.78206e-01  8.51496e-01
6.26822e+05  4.78274e-01  8.34968e-01
6.26731e+05  4.78343e-01  8.18416e-01
6.26642e+05  4.78411e-01  8.01796e-01
6.26552e+05  4.78480e-01  7.85283e-01
6.26463e+05  4.78548e-01  7.68641e-01
6.26372e+05  4.78617e-01  7.51977e-01
6.26282e+05  4.78686e-01  7.35304e-01
6.26192e+05  4.78755e-01  7.18677e-01
6.26103e+05  4.78823e-01  7.02039e-01
6.26013e+05  4.78892e-01  6.85332e-01
6.25922e+05  4.78961e-01  6.68604e-01
6.25832e+05  4.79030e-01  6.54402e-01
6.25743e+05  4.79098e-01  6.43435e-01
6.25653e+05  4.79167e-01  6.32424e-01
6.25563e+05  4.79236e-01  6.21396e-01
6.25473e+05  4.79305e-01  6.10407e-01
6.25385e+05  4.79373e-01  5.99411e-01
6.25295e+05  4.79442e-01  5.88400e-01
6.25205e+05  4.79511e-01  5.77334e-01
6.25115e+05  4.79580e-01  5.66307e-01
6.25025e+05  4.79649e-01  5.55227e-01
6.24936e+05  4.79717e-01  5.44226e-01
6.24846e+05  4.79786e-01  5.33129e-01
6.24756e+05  4.79855e-01  5.22026e-01
6.24667e+05  4.79924e-01  5.10946e-01
6.24577e+05  4.79993e-01  4.99868e-01
6.24487e+05  4.80062e-01  4.84773e-01
6.24397e+05  4.80131e-01  4.69216e-01
6.24307e+05  4.80200e-01  4.53638e-01
6.24218e+05  4.80269e-01  4.38117e-01
6.24128e+05  4.80338e-01  4.22586e-01
6.24038e+05  4.80407e-01  4.06978e-01
6.23949e+05  4.80476e-01  3.91351e-01
6.23859e+05  4.80545e-01  3.75781e-01
6.23770e+05  4.80614e-01  3.60200e-01
6.23681e+05  4.80682e-01  3.44610e-01
6.23592e+05  4.80751e-01  3.28999e-01
6.23502e+05  4.80820e-01  3.13324e-01
6.23412e+05  4.80890e-01  2.97628e-01
6.23324e+05  4.80958e-01  2.82044e-01
6.23234e+05  4.81027e-01  2.68919e-01
6.23143e+05  4.81097e-01  2.59690e-01
6.23054e+05  4.81166e-01  2.50488e-01
6.22965e+05  4.81235e-01  2.41282e-01
6.22875e+05  4.81304e-01  2.32032e-01
6.22786e+05  4.81373e-01  2.22776e-01
6.22697e+05  4.81442e-01  2.13549e-01
6.22608e+05  4.81511e-01  2.04323e-01
6.22518e+05  4.81580e-01  1.95047e-01
6.22428e+05  4.81650e-01  1.85765e-01
6.22339e+05  4.81719e-01  1.76518e-01
6.22250e+05  4.81788e-01  1.67227e-01
6.22161e+05  4.81857e-01  1.57964e-01
6.22072e+05  4.81926e-01  1.48696e-01
6.21983e+05  4.81995e-01  1.39423e-01
6.21893e+05  4.82064e-01  1.34103e-01
6.21803e+05  4.82134e-01  1.29093e-01
6.21716e+05  4.82202e-01  1.24115e-01
6.21625e+05  4.82272e-01  1.19098e-01
6.21536e+05  4.82341e-01  1.14075e-01
6.21447e+05  4.82410e-01  1.09067e-01
6.21359e+05  4.82479e-01  1.04058e-01
6.21268e+05  4.82549e-01  9.90224e-02
6.21180e+05  4.82618e-01  9.39866e-02
6.21090e+05  4.82688e-01  8.89619e-02
6.21001e+05  4.82757e-01  8.39377e-02
6.20912e+05  4.82826e-01  7.88889e-02
6.20823e+05  4.82895e-01  7.38335e-02
6.20733e+05  4.82965e-01  6.87961e-02
6.20645e+05  4.83034e-01  6.51544e-02
6.20556e+05  4.83103e-01  6.29587e-02
6.20466e+05  4.83173e-01  6.07694e-02
6.20377e+05  4.83242e-01  5.85788e-02
6.20289e+05  4.83311e-01  5.63792e-02
6.20199e+05  4.83381e-01  5.41769e-02
6.20111e+05  4.83450e-01  5.19902e-02
6.20022e+05  4.83519e-01  4.97851e-02
6.19932e+05  4.83589e-01  4.75864e-02
6.19844e+05  4.83658e-01  4.53850e-02
6.19755e+05  4.83727e-01  4.31762e-02
6.19666e+05  4.83797e-01  4.09644e-02
6.19576e+05  4.83867e-01  3.87497e-02
6.19488e+05  4.83936e-01  3.65430e-02
6.19400e+05  4.84005e-01  3.44159e-02
6.19310e+05  4.84075e-01  3.32362e-02
6.19220e+05  4.84145e-01  3.20558e-02
6.19132e+05  4.84214e-01  3.08797e-02
6.19044e+05  4.84283e-01  2.97020e-02
6.18954e+05  4.84353e-01  2.85186e-02
6.18866e+05  4.84422e-01  2.73437e-02
6.18777e+05  4.84492e-01  2.61590e-02
6.18688e+05  4.84562e-01  2.49736e-02
6.18599e+05  4.84631e-01  2.37866e-02
6.18510e+05  4.84701e-01  2.26080e-02
6.18422e+05  4.84770e-01  2.14196e-02
6.18333e+05  4.84840e-01  2.02355e-02
6.18245e+05  4.84909e-01  1.90498e-02
6.18156e+05  4.84979e-01  1.78585e-02
6.18066e+05  4.85049e-01  1.71608e-02
6.17978e+05  4.85118e-01  1.66783e-02
6.17889e+05  4.85188e-01  1.61958e-02
6.17801e+05  4.85257e-01  1.57107e-02
6.17712e+05  4.85327e-01  1.52257e-02
6.17623e+05  4.85397e-01  1.47421e-02
6.17534e+05  4.85467e-01  1.42562e-02
6.17446e+05  4.85536e-01  1.37716e-02
6.17357e+05  4.85606e-01  1.32851e-02
6.17270e+05  4.85675e-01  1.28017e-02
6.17181e+05  4.85745e-01  1.23143e-02
6.17092e+05  4.85815e-01  1.18267e-02
6.17003e+05  4.85885e-01  1.13407e-02
6.16915e+05  4.85954e-01  1.08542e-02
6.16826e+05  4.86024e-01  1.04332e-02
6.16738e+05  4.86094e-01  1.01415e-02
6.16649e+05  4.86164e-01  9.84934e-03
6.16561e+05  4.86233e-01  9.55601e-03
6.16473e+05  4.86303e-01  9.26248e-03
6.16384e+05  4.86373e-01  8.96981e-03
6.16295e+05  4.86443e-01  8.67677e-03
6.16206e+05  4.86513e-01  8.38253e-03
6.16119e+05  4.86582e-01  8.08914e-03
6.16030e+05  4.86652e-01  7.79455e-03
6.15942e+05  4.86722e-01  7.50081e-03
6.15853e+05  4.86792e-01  7.20567e-03
6.15765e+05  4.86862e-01  6.91034e-03
6.15676e+05  4.86932e-01  6.61709e-03
6.15588e+05  4.87002e-01  6.32529e-03
6.15499e+05  4.87072e-01  6.19241e-03
6.15411e+05  4.87142e-01  6.05983e-03
6.15324e+05  4.87211e-01  5.92726e-03
6.15235e+05  4.87281e-01  5.79452e-03
6.15147e+05  4.87351e-01  5.66170e-03
6.15059e+05  4.87421e-01  5.52826e-03
6.14970e+05  4.87491e-01  5.39474e-03
6.14882e+05  4.87561e-01  5.26113e-03
6.14794e+05  4.87631e-01  5.12790e-03
6.14705e+05  4.87701e-01  4.99459e-03
6.14617e+05  4.87771e-01  4.86075e-03
6.14529e+05  4.87841e-01  4.72720e-03
6.14441e+05  4.87911e-01  4.59310e-03
6.14353e+05  4.87981e-01  4.45939e-03
