JohnsonCousins_U
frq          wvl          transmission
[GHz]        [micron]                 
2.72539e+06  1.10000e-01  -7.74307e-05
2.72663e+06  1.09950e-01  -6.18563e-05
2.72787e+06  1.09900e-01  -8.42172e-05
2.72911e+06  1.09850e-01  -9.33609e-05
2.73035e+06  1.09800e-01  -5.59355e-05
2.73159e+06  1.09750e-01  -6.82366e-05
2.73284e+06  1.09700e-01  -1.11678e-04
2.73409e+06  1.09650e-01  -1.02230e-04
2.73533e+06  1.09600e-01  -6.65332e-05
2.73658e+06  1.09550e-01  -5.46187e-05
2.73783e+06  1.09500e-01  -8.83456e-05
2.73908e+06  1.09450e-01  -6.44851e-05
2.74033e+06  1.09400e-01  -9.68588e-05
2.74159e+06  1.09350e-01  -6.02624e-05
2.74284e+06  1.09300e-01  -8.46771e-05
2.74410e+06  1.09250e-01  -6.50993e-05
2.74535e+06  1.09200e-01  -5.85646e-05
2.74661e+06  1.09150e-01  -6.82306e-05
2.74787e+06  1.09100e-01  -5.82148e-05
2.74913e+06  1.09050e-01  -7.85725e-05
2.75039e+06  1.09000e-01  -3.92237e-05
2.75165e+06  1.08950e-01  -6.99965e-05
2.75292e+06  1.08900e-01  -8.32585e-05
2.75418e+06  1.08850e-01  -8.37441e-05
2.75545e+06  1.08800e-01  -8.60839e-05
2.75671e+06  1.08750e-01  -6.47607e-05
2.75798e+06  1.08700e-01  -3.95738e-05
2.75925e+06  1.08650e-01  -9.77209e-05
2.76052e+06  1.08600e-01  -7.61750e-05
2.76179e+06  1.08550e-01  -5.06672e-05
2.76306e+06  1.08500e-01  -8.73666e-05
2.76434e+06  1.08450e-01  -7.13947e-05
2.76561e+06  1.08400e-01  -7.12324e-05
2.76689e+06  1.08350e-01  -6.89353e-05
2.76817e+06  1.08300e-01  -8.18075e-05
2.76945e+06  1.08250e-01  -6.22552e-05
2.77073e+06  1.08200e-01  -5.24098e-05
2.77201e+06  1.08150e-01  -9.31853e-05
2.77329e+06  1.08100e-01  -8.38989e-05
2.77457e+06  1.08050e-01  -5.51347e-05
2.77586e+06  1.08000e-01  -6.35440e-05
2.77714e+06  1.07950e-01  -7.58565e-05
2.77843e+06  1.07900e-01  -1.20428e-04
2.77972e+06  1.07850e-01  -8.35477e-05
2.78101e+06  1.07800e-01  -8.10042e-05
2.78230e+06  1.07750e-01  -5.97410e-05
2.78359e+06  1.07700e-01  -7.61856e-05
2.78488e+06  1.07650e-01  -9.17857e-05
2.78618e+06  1.07600e-01  -6.85099e-05
2.78747e+06  1.07550e-01  -7.35346e-05
2.78877e+06  1.07500e-01  -9.19630e-05
2.79006e+06  1.07450e-01  -7.47643e-05
2.79136e+06  1.07400e-01  -7.12834e-05
2.79266e+06  1.07350e-01  -6.71067e-05
2.79397e+06  1.07300e-01  -7.03279e-05
2.79527e+06  1.07250e-01  -9.98018e-05
2.79657e+06  1.07200e-01  -1.02295e-04
2.79788e+06  1.07150e-01  -5.58484e-05
2.79918e+06  1.07100e-01  -6.44480e-05
2.80049e+06  1.07050e-01  -1.22563e-04
2.80180e+06  1.07000e-01  -3.44310e-05
2.80311e+06  1.06950e-01  -6.05572e-05
2.80442e+06  1.06900e-01  -8.88694e-05
2.80573e+06  1.06850e-01  -6.57998e-05
2.80705e+06  1.06800e-01  -6.45223e-05
2.80836e+06  1.06750e-01  -8.23557e-05
2.80968e+06  1.06700e-01  -8.08535e-05
2.81099e+06  1.06650e-01  -5.45562e-05
2.81231e+06  1.06600e-01  -6.95702e-05
2.81363e+06  1.06550e-01  -8.85312e-05
2.81495e+06  1.06500e-01  -7.33191e-05
2.81627e+06  1.06450e-01  -6.76762e-05
2.81760e+06  1.06400e-01  -1.32610e-04
2.81892e+06  1.06350e-01  -7.00602e-05
2.82025e+06  1.06300e-01  -7.44699e-05
2.82158e+06  1.06250e-01  -5.98926e-05
2.82290e+06  1.06200e-01  -1.31384e-04
2.82423e+06  1.06150e-01  -6.30632e-05
2.82557e+06  1.06100e-01  -5.97691e-05
2.82690e+06  1.06050e-01  -6.22060e-05
2.82823e+06  1.06000e-01  -5.50969e-05
2.82957e+06  1.05950e-01  -7.17182e-05
2.83090e+06  1.05900e-01  -8.55411e-05
2.83224e+06  1.05850e-01  -6.26426e-05
2.83358e+06  1.05800e-01  -5.42137e-05
2.83492e+06  1.05750e-01  -5.03569e-05
2.83626e+06  1.05700e-01  -1.17030e-04
2.83760e+06  1.05650e-01  -9.17133e-05
2.83894e+06  1.05600e-01  -6.05194e-05
2.84029e+06  1.05550e-01  -5.71449e-05
2.84163e+06  1.05500e-01  -7.89787e-05
2.84298e+06  1.05450e-01  -7.11500e-05
2.84433e+06  1.05400e-01  -8.21245e-05
2.84568e+06  1.05350e-01  -5.32760e-05
2.84703e+06  1.05300e-01  -6.91603e-05
2.84838e+06  1.05250e-01  -4.33810e-05
2.84974e+06  1.05200e-01  -5.79077e-05
2.85109e+06  1.05150e-01  -6.19138e-05
2.85245e+06  1.05100e-01  -7.44468e-05
2.85381e+06  1.05050e-01  -8.91894e-05
2.85517e+06  1.05000e-01  -8.65386e-05
2.85653e+06  1.04950e-01  -3.43204e-05
2.85789e+06  1.04900e-01  -4.38052e-05
2.85925e+06  1.04850e-01  -9.37171e-05
2.86062e+06  1.04800e-01  -7.67101e-05
2.86198e+06  1.04750e-01  -9.14706e-05
2.86335e+06  1.04700e-01  -6.49298e-05
2.86472e+06  1.04650e-01  -7.77041e-05
2.86608e+06  1.04600e-01  -8.32898e-05
2.86746e+06  1.04550e-01  -9.29154e-05
2.86883e+06  1.04500e-01  -6.24599e-05
2.87020e+06  1.04450e-01  -8.25261e-05
2.87158e+06  1.04400e-01  -5.01076e-05
2.87295e+06  1.04350e-01  -7.17727e-05
2.87433e+06  1.04300e-01  -7.51763e-05
2.87571e+06  1.04250e-01  -5.44340e-05
2.87709e+06  1.04200e-01  -6.41694e-05
2.87847e+06  1.04150e-01  -1.09187e-04
2.87985e+06  1.04100e-01  -7.71739e-05
2.88123e+06  1.04050e-01  -4.46199e-05
2.88262e+06  1.04000e-01  -8.28122e-05
2.88401e+06  1.03950e-01  -7.24382e-05
2.88539e+06  1.03900e-01  -5.01263e-05
2.88678e+06  1.03850e-01  -7.14002e-05
2.88817e+06  1.03800e-01  -9.25495e-05
2.88957e+06  1.03750e-01  -6.61484e-05
2.89096e+06  1.03700e-01  -6.82014e-05
2.89235e+06  1.03650e-01  -7.37838e-05
2.89375e+06  1.03600e-01  -8.80665e-05
2.89515e+06  1.03550e-01  -7.66451e-05
2.89655e+06  1.03500e-01  -9.12731e-05
2.89795e+06  1.03450e-01  -4.37590e-05
2.89935e+06  1.03400e-01  -7.14931e-05
2.90075e+06  1.03350e-01  -1.13157e-04
2.90215e+06  1.03300e-01  -8.19377e-05
2.90356e+06  1.03250e-01  -6.46089e-05
2.90497e+06  1.03200e-01  -8.79317e-05
2.90637e+06  1.03150e-01  -1.10484e-04
2.90778e+06  1.03100e-01  -8.84499e-05
2.90919e+06  1.03050e-01  3.07831e-06
2.91061e+06  1.03000e-01  -5.16705e-05
2.91202e+06  1.02950e-01  -1.23310e-04
2.91343e+06  1.02900e-01  -8.10835e-05
2.91485e+06  1.02850e-01  -5.19519e-05
2.91627e+06  1.02800e-01  -4.39038e-05
2.91769e+06  1.02750e-01  -9.80097e-05
2.91911e+06  1.02700e-01  -8.14474e-05
2.92053e+06  1.02650e-01  -1.00613e-04
2.92195e+06  1.02600e-01  -8.00808e-05
2.92338e+06  1.02550e-01  -8.36763e-05
2.92480e+06  1.02500e-01  -4.93099e-05
2.92623e+06  1.02450e-01  -7.92278e-05
2.92766e+06  1.02400e-01  -9.38099e-05
2.92909e+06  1.02350e-01  -7.73684e-05
2.93052e+06  1.02300e-01  -8.57224e-05
2.93196e+06  1.02250e-01  -8.89402e-05
2.93339e+06  1.02200e-01  -7.34842e-05
2.93483e+06  1.02150e-01  -7.19515e-05
2.93626e+06  1.02100e-01  -8.90760e-05
2.93770e+06  1.02050e-01  -1.03322e-04
2.93914e+06  1.02000e-01  -6.49450e-05
2.94058e+06  1.01950e-01  -8.13866e-05
2.94203e+06  1.01900e-01  -9.95871e-05
2.94347e+06  1.01850e-01  -7.34255e-05
2.94492e+06  1.01800e-01  -5.68033e-05
2.94636e+06  1.01750e-01  -8.65551e-05
2.94781e+06  1.01700e-01  -8.39201e-05
2.94926e+06  1.01650e-01  -1.02866e-04
2.95071e+06  1.01600e-01  -9.61487e-05
2.95217e+06  1.01550e-01  -5.93746e-05
2.95362e+06  1.01500e-01  -4.90099e-05
2.95508e+06  1.01450e-01  -1.05168e-04
2.95653e+06  1.01400e-01  -1.14702e-04
2.95799e+06  1.01350e-01  -6.81016e-05
2.95945e+06  1.01300e-01  -8.58047e-05
2.96091e+06  1.01250e-01  -1.01660e-04
2.96238e+06  1.01200e-01  -9.49039e-05
2.96384e+06  1.01150e-01  -9.90394e-05
2.96531e+06  1.01100e-01  -4.47207e-05
2.96677e+06  1.01050e-01  -9.97945e-05
2.96824e+06  1.01000e-01  -7.17003e-05
2.96971e+06  1.00950e-01  -9.65506e-05
2.97118e+06  1.00900e-01  -6.65402e-05
2.97266e+06  1.00850e-01  -5.65621e-05
2.97413e+06  1.00800e-01  -7.69060e-05
2.97561e+06  1.00750e-01  -5.58699e-05
2.97708e+06  1.00700e-01  -1.01134e-04
2.97856e+06  1.00650e-01  -5.41651e-05
2.98004e+06  1.00600e-01  -7.97386e-05
2.98153e+06  1.00550e-01  -7.38104e-05
2.98301e+06  1.00500e-01  -7.76350e-05
2.98449e+06  1.00450e-01  -7.65903e-05
2.98598e+06  1.00400e-01  -2.79818e-05
2.98747e+06  1.00350e-01  -6.19939e-05
2.98896e+06  1.00300e-01  -7.28534e-05
2.99045e+06  1.00250e-01  -9.50161e-05
2.99194e+06  1.00200e-01  -8.94768e-05
2.99343e+06  1.00150e-01  -8.82877e-05
2.99493e+06  1.00100e-01  -5.55683e-05
2.99643e+06  1.00050e-01  -1.10170e-04
2.99792e+06  1.00000e-01  -7.37036e-05
2.99942e+06  9.99500e-02  -5.50084e-05
3.00093e+06  9.99000e-02  -6.04861e-05
3.00243e+06  9.98500e-02  -9.13225e-05
3.00393e+06  9.98000e-02  -7.41386e-05
3.00544e+06  9.97500e-02  -7.62560e-05
3.00695e+06  9.97000e-02  -6.16563e-05
3.00845e+06  9.96500e-02  -8.11156e-05
3.00996e+06  9.96000e-02  -4.57152e-05
3.01148e+06  9.95500e-02  -6.26838e-05
3.01299e+06  9.95000e-02  -7.46183e-05
3.01450e+06  9.94500e-02  -7.83520e-05
3.01602e+06  9.94000e-02  -5.03842e-05
3.01754e+06  9.93500e-02  -6.23783e-05
3.01906e+06  9.93000e-02  -8.86845e-05
3.02058e+06  9.92500e-02  -5.36752e-05
3.02210e+06  9.92000e-02  -4.63807e-05
3.02363e+06  9.91500e-02  -8.41133e-05
3.02515e+06  9.91000e-02  -3.55281e-05
3.02668e+06  9.90500e-02  -4.91317e-05
3.02821e+06  9.90000e-02  -1.09116e-04
3.02974e+06  9.89500e-02  -8.15299e-05
3.03127e+06  9.89000e-02  -6.93203e-05
3.03280e+06  9.88500e-02  -5.27398e-05
3.03434e+06  9.88000e-02  -6.30797e-05
3.03587e+06  9.87500e-02  -5.67379e-05
3.03741e+06  9.87000e-02  -4.64794e-05
3.03895e+06  9.86500e-02  -6.62808e-05
3.04049e+06  9.86000e-02  -1.14093e-04
3.04203e+06  9.85500e-02  -7.30721e-05
3.04358e+06  9.85000e-02  -7.41860e-05
3.04512e+06  9.84500e-02  -1.12785e-04
3.04667e+06  9.84000e-02  -6.47779e-05
3.04822e+06  9.83500e-02  -6.55958e-05
3.04977e+06  9.83000e-02  -8.77149e-05
3.05132e+06  9.82500e-02  -1.31820e-04
3.05288e+06  9.82000e-02  -5.45970e-05
3.05443e+06  9.81500e-02  -3.52709e-05
3.05599e+06  9.81000e-02  -1.04610e-04
3.05755e+06  9.80500e-02  -9.04950e-05
3.05911e+06  9.80000e-02  -4.42335e-05
3.06067e+06  9.79500e-02  -6.66987e-05
3.06223e+06  9.79000e-02  -1.03682e-04
3.06380e+06  9.78500e-02  -4.16022e-05
3.06536e+06  9.78000e-02  -4.59786e-05
3.06693e+06  9.77500e-02  -1.11786e-04
3.06850e+06  9.77000e-02  -8.00464e-05
3.07007e+06  9.76500e-02  -7.14141e-05
3.07164e+06  9.76000e-02  -9.22203e-05
3.07322e+06  9.75500e-02  -8.25924e-05
3.07479e+06  9.75000e-02  -7.15767e-05
3.07637e+06  9.74500e-02  -9.65367e-05
3.07795e+06  9.74000e-02  -8.71548e-05
3.07953e+06  9.73500e-02  -6.11056e-05
3.08111e+06  9.73000e-02  -6.39491e-05
3.08270e+06  9.72500e-02  -9.70107e-05
3.08428e+06  9.72000e-02  -3.82012e-05
3.08587e+06  9.71500e-02  -6.25760e-05
3.08746e+06  9.71000e-02  -1.03323e-04
3.08905e+06  9.70500e-02  -6.37569e-05
3.09064e+06  9.70000e-02  -4.73673e-05
3.09224e+06  9.69500e-02  -7.12286e-05
3.09383e+06  9.69000e-02  -7.86326e-05
3.09543e+06  9.68500e-02  -5.55370e-05
3.09703e+06  9.68000e-02  -4.00499e-05
3.09863e+06  9.67500e-02  -1.04677e-04
3.10023e+06  9.67000e-02  -8.14077e-05
3.10184e+06  9.66500e-02  -4.63487e-05
3.10344e+06  9.66000e-02  -6.11031e-05
3.10505e+06  9.65500e-02  -7.59186e-05
3.10666e+06  9.65000e-02  -9.05098e-05
3.10827e+06  9.64500e-02  -5.70375e-05
3.10988e+06  9.64000e-02  -3.91841e-05
3.11149e+06  9.63500e-02  -5.47783e-05
3.11311e+06  9.63000e-02  -5.24838e-05
3.11473e+06  9.62500e-02  -7.73079e-05
3.11635e+06  9.62000e-02  -5.76082e-05
3.11797e+06  9.61500e-02  -7.37863e-05
3.11959e+06  9.61000e-02  -3.50849e-05
3.12121e+06  9.60500e-02  -7.07926e-05
3.12284e+06  9.60000e-02  -6.64832e-05
3.12447e+06  9.59500e-02  -7.80471e-05
3.12609e+06  9.59000e-02  -5.51432e-05
3.12773e+06  9.58500e-02  -3.13365e-05
3.12936e+06  9.58000e-02  -8.43646e-05
3.13099e+06  9.57500e-02  -7.26064e-05
3.13263e+06  9.57000e-02  -3.47416e-05
3.13427e+06  9.56500e-02  -8.59996e-05
3.13590e+06  9.56000e-02  -9.02516e-05
3.13755e+06  9.55500e-02  -5.38233e-05
3.13919e+06  9.55000e-02  -4.37761e-05
3.14083e+06  9.54500e-02  -7.67465e-05
3.14248e+06  9.54000e-02  -7.37486e-05
3.14413e+06  9.53500e-02  -4.55198e-05
3.14578e+06  9.53000e-02  -2.08316e-05
3.14743e+06  9.52500e-02  -6.64469e-05
3.14908e+06  9.52000e-02  -1.10424e-04
3.15074e+06  9.51500e-02  -6.39004e-05
3.15239e+06  9.51000e-02  -8.83321e-05
3.15405e+06  9.50500e-02  -8.33376e-05
3.15571e+06  9.50000e-02  -8.38664e-05
3.15737e+06  9.49500e-02  -2.96827e-05
3.15904e+06  9.49000e-02  -8.00415e-05
3.16070e+06  9.48500e-02  -1.19009e-04
3.16237e+06  9.48000e-02  -6.28282e-05
3.16404e+06  9.47500e-02  -2.50190e-06
3.16571e+06  9.47000e-02  -5.54907e-05
3.16738e+06  9.46500e-02  -1.09372e-04
3.16905e+06  9.46000e-02  -3.13117e-05
3.17073e+06  9.45500e-02  -2.65009e-05
3.17241e+06  9.45000e-02  -5.26451e-05
3.17409e+06  9.44500e-02  -1.02471e-04
3.17577e+06  9.44000e-02  -8.10313e-05
3.17745e+06  9.43500e-02  -4.49499e-05
3.17914e+06  9.43000e-02  -7.57124e-05
3.18082e+06  9.42500e-02  -7.51857e-05
3.18251e+06  9.42000e-02  -4.80520e-05
3.18420e+06  9.41500e-02  -4.76499e-05
3.18589e+06  9.41000e-02  -5.05446e-05
3.18759e+06  9.40500e-02  -7.16608e-05
3.18928e+06  9.40000e-02  -7.38413e-05
3.19098e+06  9.39500e-02  -6.67989e-05
3.19268e+06  9.39000e-02  -7.47285e-05
3.19438e+06  9.38500e-02  -3.73436e-05
3.19608e+06  9.38000e-02  -6.99366e-05
3.19779e+06  9.37500e-02  -1.02391e-04
3.19949e+06  9.37000e-02  -1.51324e-05
3.20120e+06  9.36500e-02  -9.05832e-05
3.20291e+06  9.36000e-02  -6.26569e-05
3.20462e+06  9.35500e-02  -5.57588e-05
3.20634e+06  9.35000e-02  -5.07124e-05
3.20805e+06  9.34500e-02  -5.13059e-05
3.20977e+06  9.34000e-02  -7.17817e-05
3.21149e+06  9.33500e-02  -5.87370e-05
3.21321e+06  9.33000e-02  -5.77781e-05
3.21493e+06  9.32500e-02  -8.64571e-05
3.21666e+06  9.32000e-02  -6.86232e-05
3.21838e+06  9.31500e-02  -5.56277e-05
3.22011e+06  9.31000e-02  -5.29507e-05
3.22184e+06  9.30500e-02  -7.51780e-05
3.22357e+06  9.30000e-02  -7.61948e-05
3.22531e+06  9.29500e-02  -7.84129e-05
3.22704e+06  9.29000e-02  -2.46634e-05
3.22878e+06  9.28500e-02  -8.51064e-05
3.23052e+06  9.28000e-02  -6.60320e-05
3.23226e+06  9.27500e-02  -6.72164e-05
3.23401e+06  9.27000e-02  -6.82304e-05
3.23575e+06  9.26500e-02  -4.19479e-05
3.23750e+06  9.26000e-02  -4.92229e-05
3.23925e+06  9.25500e-02  -8.87248e-05
3.24100e+06  9.25000e-02  -5.20399e-05
3.24275e+06  9.24500e-02  -3.14165e-05
3.24451e+06  9.24000e-02  -9.50284e-05
3.24626e+06  9.23500e-02  -7.49418e-05
3.24802e+06  9.23000e-02  -4.14228e-05
3.24978e+06  9.22500e-02  -4.83423e-05
3.25155e+06  9.22000e-02  -7.99534e-05
3.25331e+06  9.21500e-02  -7.01139e-05
3.25508e+06  9.21000e-02  -6.80515e-05
3.25684e+06  9.20500e-02  -5.82252e-05
3.25861e+06  9.20000e-02  -9.94761e-05
3.26039e+06  9.19500e-02  -4.92252e-05
3.26216e+06  9.19000e-02  -5.23937e-05
3.26394e+06  9.18500e-02  -5.93686e-05
3.26571e+06  9.18000e-02  -4.95390e-05
3.26749e+06  9.17500e-02  -6.94534e-05
3.26927e+06  9.17000e-02  -7.41205e-05
3.27106e+06  9.16500e-02  -9.59827e-05
3.27284e+06  9.16000e-02  -5.47519e-05
3.27463e+06  9.15500e-02  -4.49202e-05
3.27642e+06  9.15000e-02  -7.58736e-05
3.27821e+06  9.14500e-02  -7.11362e-05
3.28001e+06  9.14000e-02  -6.62416e-05
3.28180e+06  9.13500e-02  -4.60691e-05
3.28360e+06  9.13000e-02  -5.38369e-05
3.28540e+06  9.12500e-02  -6.80334e-05
3.28720e+06  9.12000e-02  -3.43334e-05
3.28900e+06  9.11500e-02  -5.73155e-05
3.29081e+06  9.11000e-02  -6.68610e-05
3.29261e+06  9.10500e-02  -7.17450e-05
3.29442e+06  9.10000e-02  -8.09365e-05
3.29623e+06  9.09500e-02  -3.09399e-05
3.29805e+06  9.09000e-02  -7.14293e-05
3.29986e+06  9.08500e-02  -9.32881e-05
3.30168e+06  9.08000e-02  -5.44675e-05
3.30350e+06  9.07500e-02  -7.09525e-05
3.30532e+06  9.07000e-02  -9.01681e-05
3.30714e+06  9.06500e-02  -5.53009e-05
3.30897e+06  9.06000e-02  -4.91335e-05
3.31079e+06  9.05500e-02  -5.40336e-05
3.31262e+06  9.05000e-02  -6.39879e-05
3.31446e+06  9.04500e-02  -9.22435e-05
3.31629e+06  9.04000e-02  -7.92182e-05
3.31812e+06  9.03500e-02  -7.38267e-05
3.31996e+06  9.03000e-02  -2.87848e-05
3.32180e+06  9.02500e-02  -7.38247e-05
3.32364e+06  9.02000e-02  -7.07776e-05
3.32548e+06  9.01500e-02  -8.63353e-05
3.32733e+06  9.01000e-02  -5.23928e-05
3.32918e+06  9.00500e-02  -6.91586e-05
3.33103e+06  9.00000e-02  -7.13467e-05
3.33288e+06  8.99500e-02  -4.52782e-05
3.33473e+06  8.99000e-02  -2.76979e-06
3.33659e+06  8.98500e-02  3.47575e-06
3.33845e+06  8.98000e-02  1.06697e-05
3.34031e+06  8.97500e-02  -1.17069e-05
3.34217e+06  8.97000e-02  8.22795e-06
3.34403e+06  8.96500e-02  -1.10208e-05
3.34590e+06  8.96000e-02  -2.33403e-05
3.34777e+06  8.95500e-02  4.24211e-06
3.34964e+06  8.95000e-02  1.44159e-05
3.35151e+06  8.94500e-02  -4.34810e-05
3.35338e+06  8.94000e-02  1.62915e-05
3.35526e+06  8.93500e-02  -1.26339e-05
3.35714e+06  8.93000e-02  -1.06009e-05
3.35902e+06  8.92500e-02  -9.87605e-06
3.36090e+06  8.92000e-02  -1.01509e-06
3.36279e+06  8.91500e-02  1.25074e-06
3.36467e+06  8.91000e-02  7.75616e-06
3.36656e+06  8.90500e-02  -1.27248e-05
3.36845e+06  8.90000e-02  -1.06203e-05
3.37035e+06  8.89500e-02  -6.85893e-06
3.37224e+06  8.89000e-02  6.43486e-06
3.37414e+06  8.88500e-02  3.21131e-06
3.37604e+06  8.88000e-02  1.98952e-05
3.37794e+06  8.87500e-02  8.97649e-06
3.37985e+06  8.87000e-02  -9.80274e-07
3.38175e+06  8.86500e-02  -2.28459e-05
3.38366e+06  8.86000e-02  -5.70320e-06
3.38557e+06  8.85500e-02  -3.17317e-06
3.38749e+06  8.85000e-02  2.05522e-06
3.38940e+06  8.84500e-02  1.75020e-06
3.39132e+06  8.84000e-02  -3.29680e-06
3.39324e+06  8.83500e-02  1.01358e-05
3.39516e+06  8.83000e-02  -2.10029e-05
3.39708e+06  8.82500e-02  2.49150e-06
3.39901e+06  8.82000e-02  8.23666e-06
3.40094e+06  8.81500e-02  -1.31984e-06
3.40287e+06  8.81000e-02  8.35512e-06
3.40480e+06  8.80500e-02  9.30793e-07
3.40673e+06  8.80000e-02  2.74897e-06
3.40867e+06  8.79500e-02  -4.15030e-06
3.41061e+06  8.79000e-02  -5.34094e-07
3.41255e+06  8.78500e-02  -3.10169e-06
3.41449e+06  8.78000e-02  -7.19115e-06
3.41644e+06  8.77500e-02  -1.38987e-05
3.41839e+06  8.77000e-02  -3.05340e-06
3.42034e+06  8.76500e-02  -4.33552e-06
3.42229e+06  8.76000e-02  -3.79072e-06
3.42424e+06  8.75500e-02  4.77007e-07
3.42620e+06  8.75000e-02  -6.89602e-06
3.42816e+06  8.74500e-02  -2.62868e-06
3.43012e+06  8.74000e-02  -2.15766e-07
3.43208e+06  8.73500e-02  -3.87110e-06
3.43405e+06  8.73000e-02  6.54299e-06
3.43602e+06  8.72500e-02  -6.93052e-06
3.43799e+06  8.72000e-02  -1.06048e-05
3.43996e+06  8.71500e-02  -1.42547e-06
3.44193e+06  8.71000e-02  4.10246e-07
3.44391e+06  8.70500e-02  -5.68152e-06
3.44589e+06  8.70000e-02  -8.09152e-06
3.44787e+06  8.69500e-02  1.15019e-05
3.44986e+06  8.69000e-02  3.60502e-06
3.45184e+06  8.68500e-02  4.23968e-06
3.45383e+06  8.68000e-02  3.05669e-06
3.45582e+06  8.67500e-02  -2.33976e-06
3.45781e+06  8.67000e-02  -1.32513e-05
3.45981e+06  8.66500e-02  3.74102e-06
3.46181e+06  8.66000e-02  -3.56169e-06
3.46381e+06  8.65500e-02  3.98698e-06
3.46581e+06  8.65000e-02  -1.33325e-05
3.46781e+06  8.64500e-02  -3.33368e-06
3.46982e+06  8.64000e-02  1.06391e-06
3.47183e+06  8.63500e-02  -2.59685e-06
3.47384e+06  8.63000e-02  5.57315e-07
3.47585e+06  8.62500e-02  1.85445e-06
3.47787e+06  8.62000e-02  -4.13306e-06
3.47989e+06  8.61500e-02  -1.48979e-05
3.48191e+06  8.61000e-02  -2.88374e-06
3.48393e+06  8.60500e-02  8.43559e-06
3.48596e+06  8.60000e-02  -9.61011e-06
3.48799e+06  8.59500e-02  -1.99336e-06
3.49002e+06  8.59000e-02  2.37302e-06
3.49205e+06  8.58500e-02  -1.16424e-05
3.49408e+06  8.58000e-02  7.71146e-07
3.49612e+06  8.57500e-02  5.24642e-06
3.49816e+06  8.57000e-02  -4.15845e-06
3.50020e+06  8.56500e-02  9.11906e-06
3.50225e+06  8.56000e-02  1.66054e-06
3.50430e+06  8.55500e-02  -1.07249e-05
3.50634e+06  8.55000e-02  -8.07464e-06
3.50840e+06  8.54500e-02  -1.80689e-06
3.51045e+06  8.54000e-02  1.98117e-06
3.51251e+06  8.53500e-02  -5.01196e-07
3.51457e+06  8.53000e-02  1.12237e-07
3.51663e+06  8.52500e-02  8.40810e-07
3.51869e+06  8.52000e-02  -6.75062e-06
3.52076e+06  8.51500e-02  -3.45065e-06
3.52283e+06  8.51000e-02  -5.28263e-06
3.52490e+06  8.50500e-02  -8.97099e-06
3.52697e+06  8.50000e-02  5.26353e-07
3.52905e+06  8.49500e-02  -6.77292e-07
3.53112e+06  8.49000e-02  -4.38350e-06
3.53321e+06  8.48500e-02  2.55360e-06
3.53529e+06  8.48000e-02  -4.90377e-06
3.53737e+06  8.47500e-02  -4.18972e-06
3.53946e+06  8.47000e-02  -3.62181e-06
3.54155e+06  8.46500e-02  -8.72812e-06
3.54365e+06  8.46000e-02  -5.46382e-06
3.54574e+06  8.45500e-02  -1.31781e-05
3.54784e+06  8.45000e-02  3.58569e-06
3.54994e+06  8.44500e-02  4.87493e-06
3.55204e+06  8.44000e-02  -9.23037e-06
3.55415e+06  8.43500e-02  8.78029e-06
3.55626e+06  8.43000e-02  -2.12281e-06
3.55837e+06  8.42500e-02  -8.59194e-07
3.56048e+06  8.42000e-02  -8.59755e-06
3.56260e+06  8.41500e-02  1.02858e-06
3.56471e+06  8.41000e-02  3.77349e-07
3.56683e+06  8.40500e-02  -5.52705e-06
3.56896e+06  8.40000e-02  -2.95077e-06
3.57108e+06  8.39500e-02  -6.92610e-06
3.57321e+06  8.39000e-02  -1.73997e-06
3.57534e+06  8.38500e-02  1.51907e-07
3.57748e+06  8.38000e-02  -1.53209e-05
3.57961e+06  8.37500e-02  -6.98579e-07
3.58175e+06  8.37000e-02  -1.18712e-05
3.58389e+06  8.36500e-02  5.64543e-06
3.58603e+06  8.36000e-02  -8.97271e-06
3.58818e+06  8.35500e-02  -3.79787e-06
3.59033e+06  8.35000e-02  -7.99611e-06
3.59248e+06  8.34500e-02  4.46230e-06
3.59463e+06  8.34000e-02  -8.12471e-06
3.59679e+06  8.33500e-02  -2.40648e-06
3.59895e+06  8.33000e-02  -3.15668e-06
3.60111e+06  8.32500e-02  5.57315e-07
3.60327e+06  8.32000e-02  -5.64180e-06
3.60544e+06  8.31500e-02  -1.19533e-05
3.60761e+06  8.31000e-02  -1.37202e-05
3.60978e+06  8.30500e-02  -9.80739e-07
3.61196e+06  8.30000e-02  -2.49340e-06
3.61413e+06  8.29500e-02  -7.81789e-07
3.61631e+06  8.29000e-02  2.30720e-06
3.61850e+06  8.28500e-02  3.94459e-06
3.62068e+06  8.28000e-02  -2.26055e-06
3.62287e+06  8.27500e-02  -4.62837e-06
3.62506e+06  8.27000e-02  -9.51487e-06
3.62725e+06  8.26500e-02  -1.87284e-06
3.62945e+06  8.26000e-02  9.52409e-06
3.63165e+06  8.25500e-02  -1.07558e-05
3.63385e+06  8.25000e-02  -9.57270e-06
3.63605e+06  8.24500e-02  2.05920e-06
3.63826e+06  8.24000e-02  -9.64696e-06
3.64047e+06  8.23500e-02  -8.19981e-06
3.64268e+06  8.23000e-02  -2.39173e-06
3.64489e+06  8.22500e-02  2.56201e-06
3.64711e+06  8.22000e-02  5.64653e-06
3.64933e+06  8.21500e-02  -1.34489e-05
3.65155e+06  8.21000e-02  -2.01091e-06
3.65378e+06  8.20500e-02  -2.43270e-06
3.65601e+06  8.20000e-02  -5.52955e-06
3.65824e+06  8.19500e-02  -6.55762e-06
3.66047e+06  8.19000e-02  -1.05796e-05
3.66271e+06  8.18500e-02  -1.86739e-07
3.66494e+06  8.18000e-02  -8.26941e-06
3.66719e+06  8.17500e-02  2.24214e-06
3.66943e+06  8.17000e-02  -1.11101e-05
3.67168e+06  8.16500e-02  6.55968e-06
3.67393e+06  8.16000e-02  -6.58570e-06
3.67618e+06  8.15500e-02  9.09110e-06
3.67844e+06  8.15000e-02  -3.13340e-06
3.68069e+06  8.14500e-02  1.23892e-06
3.68295e+06  8.14000e-02  -2.77859e-06
3.68522e+06  8.13500e-02  5.62429e-06
3.68748e+06  8.13000e-02  -9.26036e-06
3.68975e+06  8.12500e-02  -4.99891e-06
3.69203e+06  8.12000e-02  5.88622e-06
3.69430e+06  8.11500e-02  -4.00781e-06
3.69658e+06  8.11000e-02  4.72399e-06
3.69886e+06  8.10500e-02  -1.80335e-06
3.70114e+06  8.10000e-02  -3.85397e-06
3.70343e+06  8.09500e-02  -1.63478e-05
3.70572e+06  8.09000e-02  -3.59768e-06
3.70801e+06  8.08500e-02  4.83771e-06
3.71030e+06  8.08000e-02  8.15654e-08
3.71260e+06  8.07500e-02  -9.40615e-06
3.71490e+06  8.07000e-02  9.80041e-06
3.71720e+06  8.06500e-02  -9.13517e-06
3.71951e+06  8.06000e-02  -2.46728e-07
3.72182e+06  8.05500e-02  -1.55959e-05
3.72413e+06  8.05000e-02  3.25101e-06
3.72644e+06  8.04500e-02  1.31291e-06
3.72876e+06  8.04000e-02  2.69790e-06
3.73108e+06  8.03500e-02  -3.95948e-06
3.73341e+06  8.03000e-02  -1.16228e-06
3.73573e+06  8.02500e-02  -8.18120e-06
3.73806e+06  8.02000e-02  6.01356e-06
3.74039e+06  8.01500e-02  -2.84463e-07
3.74273e+06  8.01000e-02  -5.83962e-06
3.74507e+06  8.00500e-02  -2.98418e-06
3.74741e+06  8.00000e-02  -1.33950e-05
3.74975e+06  7.99500e-02  4.76260e-06
3.75210e+06  7.99000e-02  9.15819e-06
3.75445e+06  7.98500e-02  2.60691e-06
3.75680e+06  7.98000e-02  8.56579e-06
3.75915e+06  7.97500e-02  -2.18696e-06
3.76151e+06  7.97000e-02  6.56067e-06
3.76387e+06  7.96500e-02  -3.26565e-06
3.76624e+06  7.96000e-02  9.54840e-06
3.76860e+06  7.95500e-02  4.04625e-06
3.77097e+06  7.95000e-02  -1.16858e-05
3.77335e+06  7.94500e-02  2.22576e-06
3.77572e+06  7.94000e-02  5.06233e-06
3.77810e+06  7.93500e-02  7.17425e-06
3.78048e+06  7.93000e-02  -1.36817e-06
3.78287e+06  7.92500e-02  -5.30993e-06
3.78526e+06  7.92000e-02  5.97410e-06
3.78765e+06  7.91500e-02  6.76899e-06
3.79004e+06  7.91000e-02  3.40447e-06
3.79244e+06  7.90500e-02  -2.63959e-06
3.79484e+06  7.90000e-02  1.17825e-05
3.79724e+06  7.89500e-02  -9.30793e-07
3.79965e+06  7.89000e-02  6.54658e-06
3.80206e+06  7.88500e-02  5.32695e-06
3.80447e+06  7.88000e-02  -1.12802e-06
3.80689e+06  7.87500e-02  3.20645e-06
3.80931e+06  7.87000e-02  -7.07163e-06
3.81173e+06  7.86500e-02  2.07795e-06
3.81415e+06  7.86000e-02  -3.21723e-06
3.81658e+06  7.85500e-02  -4.38175e-06
3.81901e+06  7.85000e-02  8.49210e-06
3.82145e+06  7.84500e-02  7.90786e-06
3.82388e+06  7.84000e-02  -1.89253e-06
3.82632e+06  7.83500e-02  -3.89725e-06
3.82877e+06  7.83000e-02  -7.18030e-06
3.83121e+06  7.82500e-02  -3.50064e-06
3.83366e+06  7.82000e-02  1.03362e-05
3.83612e+06  7.81500e-02  2.29549e-06
3.83857e+06  7.81000e-02  -4.24409e-06
3.84103e+06  7.80500e-02  1.38126e-05
3.84349e+06  7.80000e-02  7.94530e-06
3.84596e+06  7.79500e-02  7.68551e-06
3.84843e+06  7.79000e-02  1.22720e-05
3.85090e+06  7.78500e-02  6.08596e-07
3.85337e+06  7.78000e-02  1.03082e-05
3.85585e+06  7.77500e-02  9.02049e-06
3.85833e+06  7.77000e-02  1.10946e-05
3.86082e+06  7.76500e-02  1.37861e-05
3.86330e+06  7.76000e-02  4.66080e-06
3.86580e+06  7.75500e-02  2.97117e-06
3.86829e+06  7.75000e-02  1.50281e-05
3.87079e+06  7.74500e-02  8.86490e-06
3.87329e+06  7.74000e-02  8.26320e-06
3.87579e+06  7.73500e-02  3.64543e-06
3.87830e+06  7.73000e-02  1.90552e-05
3.88081e+06  7.72500e-02  1.11336e-05
3.88332e+06  7.72000e-02  3.26350e-05
3.88584e+06  7.71500e-02  -1.06953e-06
3.88836e+06  7.71000e-02  3.15835e-05
3.89088e+06  7.70500e-02  1.56871e-05
3.89341e+06  7.70000e-02  1.97539e-05
3.89594e+06  7.69500e-02  1.65166e-06
3.89847e+06  7.69000e-02  2.43046e-05
3.90101e+06  7.68500e-02  1.89764e-05
3.90355e+06  7.68000e-02  2.71500e-05
3.90609e+06  7.67500e-02  1.77442e-05
3.90864e+06  7.67000e-02  2.32361e-05
3.91119e+06  7.66500e-02  2.24792e-05
3.91374e+06  7.66000e-02  1.43116e-05
3.91630e+06  7.65500e-02  3.77082e-05
3.91886e+06  7.65000e-02  2.82326e-05
3.92142e+06  7.64500e-02  2.54843e-05
3.92399e+06  7.64000e-02  2.10406e-05
3.92655e+06  7.63500e-02  3.09232e-05
3.92913e+06  7.63000e-02  3.42013e-05
3.93170e+06  7.62500e-02  3.12705e-05
3.93428e+06  7.62000e-02  2.84125e-05
3.93687e+06  7.61500e-02  3.49388e-05
3.93945e+06  7.61000e-02  4.13465e-05
3.94204e+06  7.60500e-02  3.58599e-05
3.94464e+06  7.60000e-02  3.50579e-05
3.94723e+06  7.59500e-02  4.11179e-05
3.94983e+06  7.59000e-02  3.26131e-05
3.95244e+06  7.58500e-02  3.84749e-05
3.95505e+06  7.58000e-02  6.67849e-05
3.95766e+06  7.57500e-02  5.17569e-05
3.96027e+06  7.57000e-02  5.07098e-05
3.96289e+06  7.56500e-02  6.57653e-05
3.96551e+06  7.56000e-02  5.76335e-05
3.96813e+06  7.55500e-02  5.71556e-05
3.97076e+06  7.55000e-02  7.29049e-05
3.97339e+06  7.54500e-02  5.89369e-05
3.97603e+06  7.54000e-02  6.37348e-05
3.97867e+06  7.53500e-02  6.90513e-05
3.98131e+06  7.53000e-02  7.17096e-05
3.98395e+06  7.52500e-02  7.20192e-05
3.98660e+06  7.52000e-02  8.88728e-05
3.98925e+06  7.51500e-02  6.97816e-05
3.99191e+06  7.51000e-02  7.92084e-05
3.99457e+06  7.50500e-02  8.31471e-05
3.99723e+06  7.50000e-02  9.22225e-05
3.99990e+06  7.49500e-02  1.01736e-04
4.00257e+06  7.49000e-02  9.69045e-05
4.00524e+06  7.48500e-02  9.66298e-05
4.00792e+06  7.48000e-02  9.64035e-05
4.01060e+06  7.47500e-02  1.12308e-04
4.01329e+06  7.47000e-02  1.20492e-04
4.01597e+06  7.46500e-02  1.12741e-04
4.01867e+06  7.46000e-02  1.20752e-04
4.02136e+06  7.45500e-02  1.05442e-04
4.02406e+06  7.45000e-02  1.21860e-04
4.02676e+06  7.44500e-02  1.16798e-04
4.02947e+06  7.44000e-02  1.34444e-04
4.03218e+06  7.43500e-02  1.43782e-04
4.03489e+06  7.43000e-02  1.37691e-04
4.03761e+06  7.42500e-02  1.46142e-04
4.04033e+06  7.42000e-02  1.46522e-04
4.04305e+06  7.41500e-02  1.51645e-04
4.04578e+06  7.41000e-02  1.64549e-04
4.04851e+06  7.40500e-02  1.55413e-04
4.05125e+06  7.40000e-02  1.67161e-04
4.05399e+06  7.39500e-02  1.75416e-04
4.05673e+06  7.39000e-02  1.74216e-04
4.05948e+06  7.38500e-02  1.77514e-04
4.06223e+06  7.38000e-02  1.85029e-04
4.06498e+06  7.37500e-02  2.00633e-04
4.06774e+06  7.37000e-02  1.91115e-04
4.07050e+06  7.36500e-02  2.11122e-04
4.07327e+06  7.36000e-02  2.08296e-04
4.07604e+06  7.35500e-02  2.12637e-04
4.07881e+06  7.35000e-02  2.10940e-04
4.08159e+06  7.34500e-02  2.21168e-04
4.08437e+06  7.34000e-02  2.33397e-04
4.08715e+06  7.33500e-02  2.34925e-04
4.08994e+06  7.33000e-02  2.31784e-04
4.09273e+06  7.32500e-02  2.41843e-04
4.09553e+06  7.32000e-02  2.58830e-04
4.09832e+06  7.31500e-02  2.54748e-04
4.10113e+06  7.31000e-02  2.66502e-04
4.10394e+06  7.30500e-02  2.82506e-04
4.10675e+06  7.30000e-02  2.77493e-04
4.10956e+06  7.29500e-02  2.80419e-04
4.11238e+06  7.29000e-02  2.93192e-04
4.11520e+06  7.28500e-02  2.95115e-04
4.11803e+06  7.28000e-02  3.10525e-04
4.12086e+06  7.27500e-02  3.22682e-04
4.12369e+06  7.27000e-02  3.23371e-04
4.12653e+06  7.26500e-02  3.24007e-04
4.12937e+06  7.26000e-02  3.36236e-04
4.13222e+06  7.25500e-02  3.48991e-04
4.13507e+06  7.25000e-02  3.53674e-04
4.13792e+06  7.24500e-02  3.57264e-04
4.14078e+06  7.24000e-02  3.57507e-04
4.14364e+06  7.23500e-02  3.71052e-04
4.14651e+06  7.23000e-02  3.83646e-04
4.14938e+06  7.22500e-02  3.95861e-04
4.15225e+06  7.22000e-02  4.13787e-04
4.15513e+06  7.21500e-02  3.91505e-04
4.15801e+06  7.21000e-02  4.05759e-04
4.16089e+06  7.20500e-02  4.18075e-04
4.16378e+06  7.20000e-02  4.24788e-04
4.16668e+06  7.19500e-02  4.10684e-04
4.16958e+06  7.19000e-02  4.34248e-04
4.17248e+06  7.18500e-02  4.37245e-04
4.17538e+06  7.18000e-02  4.51602e-04
4.17829e+06  7.17500e-02  4.48855e-04
4.18121e+06  7.17000e-02  4.61166e-04
4.18412e+06  7.16500e-02  4.60026e-04
4.18705e+06  7.16000e-02  4.59914e-04
4.18997e+06  7.15500e-02  4.61397e-04
4.19290e+06  7.15000e-02  4.63536e-04
4.19584e+06  7.14500e-02  4.72827e-04
4.19877e+06  7.14000e-02  4.54538e-04
4.20172e+06  7.13500e-02  4.71605e-04
4.20466e+06  7.13000e-02  4.63577e-04
4.20761e+06  7.12500e-02  4.68515e-04
4.21057e+06  7.12000e-02  4.52710e-04
4.21353e+06  7.11500e-02  4.51401e-04
4.21649e+06  7.11000e-02  4.63633e-04
4.21946e+06  7.10500e-02  4.50692e-04
4.22243e+06  7.10000e-02  4.43495e-04
4.22540e+06  7.09500e-02  4.44166e-04
4.22838e+06  7.09000e-02  4.29903e-04
4.23137e+06  7.08500e-02  4.30002e-04
4.23436e+06  7.08000e-02  4.22370e-04
4.23735e+06  7.07500e-02  4.06905e-04
4.24035e+06  7.07000e-02  4.04060e-04
4.24335e+06  7.06500e-02  3.99965e-04
4.24635e+06  7.06000e-02  3.71728e-04
4.24936e+06  7.05500e-02  3.63564e-04
4.25238e+06  7.05000e-02  3.60021e-04
4.25539e+06  7.04500e-02  3.39502e-04
4.25842e+06  7.04000e-02  3.33454e-04
4.26144e+06  7.03500e-02  3.25733e-04
4.26447e+06  7.03000e-02  3.01639e-04
4.26751e+06  7.02500e-02  2.89803e-04
4.27055e+06  7.02000e-02  2.82312e-04
4.27359e+06  7.01500e-02  2.60427e-04
4.27664e+06  7.01000e-02  2.60699e-04
4.27969e+06  7.00500e-02  2.49135e-04
4.28275e+06  7.00000e-02  2.17227e-04
4.28581e+06  6.99500e-02  2.05863e-04
4.28888e+06  6.99000e-02  1.95756e-04
4.29195e+06  6.98500e-02  1.86746e-04
4.29502e+06  6.98000e-02  1.65543e-04
4.29810e+06  6.97500e-02  1.53204e-04
4.30118e+06  6.97000e-02  1.50159e-04
4.30427e+06  6.96500e-02  1.38611e-04
4.30736e+06  6.96000e-02  1.33283e-04
4.31046e+06  6.95500e-02  1.13378e-04
4.31356e+06  6.95000e-02  1.10769e-04
4.31667e+06  6.94500e-02  9.22291e-05
4.31978e+06  6.94000e-02  7.53950e-05
4.32289e+06  6.93500e-02  8.03895e-05
4.32601e+06  6.93000e-02  7.05324e-05
4.32913e+06  6.92500e-02  5.74661e-05
4.33226e+06  6.92000e-02  5.11447e-05
4.33539e+06  6.91500e-02  5.31396e-05
4.33853e+06  6.91000e-02  5.38979e-05
4.34167e+06  6.90500e-02  3.30127e-05
4.34482e+06  6.90000e-02  3.40835e-05
4.34797e+06  6.89500e-02  2.10338e-05
4.35112e+06  6.89000e-02  2.37788e-05
4.35428e+06  6.88500e-02  1.59139e-05
4.35745e+06  6.88000e-02  5.30549e-06
4.36062e+06  6.87500e-02  7.40737e-06
4.36379e+06  6.87000e-02  1.84903e-05
4.36697e+06  6.86500e-02  1.20938e-05
4.37015e+06  6.86000e-02  1.01680e-06
4.37334e+06  6.85500e-02  -1.04744e-05
4.37653e+06  6.85000e-02  9.50145e-07
4.37973e+06  6.84500e-02  1.33458e-05
4.38293e+06  6.84000e-02  6.78660e-06
4.38614e+06  6.83500e-02  1.19275e-05
4.38935e+06  6.83000e-02  -4.35402e-07
4.39256e+06  6.82500e-02  -8.47583e-07
4.39578e+06  6.82000e-02  -4.42357e-06
4.39901e+06  6.81500e-02  -1.57410e-05
4.40224e+06  6.81000e-02  -3.15931e-06
4.40547e+06  6.80500e-02  -9.36122e-06
4.40871e+06  6.80000e-02  7.60783e-06
4.41196e+06  6.79500e-02  -9.42082e-06
4.41521e+06  6.79000e-02  3.35515e-06
4.41846e+06  6.78500e-02  -1.02268e-06
4.42172e+06  6.78000e-02  -1.41893e-06
4.42498e+06  6.77500e-02  -5.30223e-07
4.42825e+06  6.77000e-02  -7.85636e-06
4.43152e+06  6.76500e-02  8.07158e-06
4.43480e+06  6.76000e-02  -4.03605e-06
4.43808e+06  6.75500e-02  -3.11664e-06
4.44137e+06  6.75000e-02  -2.74472e-06
4.44466e+06  6.74500e-02  -8.25564e-06
4.44796e+06  6.74000e-02  -3.40002e-06
4.45126e+06  6.73500e-02  6.97611e-07
4.45457e+06  6.73000e-02  -9.18445e-06
4.45788e+06  6.72500e-02  -8.93023e-06
4.46120e+06  6.72000e-02  -4.70078e-06
4.46452e+06  6.71500e-02  -3.13135e-06
4.46785e+06  6.71000e-02  -2.12892e-06
4.47118e+06  6.70500e-02  -2.41807e-06
4.47451e+06  6.70000e-02  -7.95913e-06
4.47786e+06  6.69500e-02  -6.33091e-06
4.48120e+06  6.69000e-02  -1.11761e-05
4.48455e+06  6.68500e-02  -5.05290e-06
4.48791e+06  6.68000e-02  1.05781e-06
4.49127e+06  6.67500e-02  -1.27737e-06
4.49464e+06  6.67000e-02  -6.67507e-06
4.49801e+06  6.66500e-02  -4.60559e-07
4.50139e+06  6.66000e-02  -6.68716e-06
4.50477e+06  6.65500e-02  -1.14444e-05
4.50816e+06  6.65000e-02  3.63446e-06
4.51155e+06  6.64500e-02  -2.46563e-06
4.51495e+06  6.64000e-02  -8.02693e-06
4.51835e+06  6.63500e-02  5.88277e-07
4.52176e+06  6.63000e-02  -6.78310e-06
4.52517e+06  6.62500e-02  5.35051e-06
4.52859e+06  6.62000e-02  2.80593e-07
4.53201e+06  6.61500e-02  -1.43176e-06
4.53544e+06  6.61000e-02  -6.27741e-06
4.53887e+06  6.60500e-02  -9.86043e-06
4.54231e+06  6.60000e-02  8.03762e-06
4.54575e+06  6.59500e-02  -4.15886e-06
4.54920e+06  6.59000e-02  -5.19647e-06
4.55266e+06  6.58500e-02  -1.37923e-05
4.55612e+06  6.58000e-02  1.12123e-06
4.55958e+06  6.57500e-02  -4.47013e-07
4.56305e+06  6.57000e-02  -9.16280e-07
4.56653e+06  6.56500e-02  -5.85742e-06
4.57001e+06  6.56000e-02  6.95676e-08
4.57349e+06  6.55500e-02  -1.89365e-05
4.57698e+06  6.55000e-02  2.72893e-06
4.58048e+06  6.54500e-02  -1.21345e-05
4.58398e+06  6.54000e-02  2.96659e-06
4.58749e+06  6.53500e-02  -8.44040e-06
4.59100e+06  6.53000e-02  3.18432e-06
4.59452e+06  6.52500e-02  -1.33308e-05
4.59804e+06  6.52000e-02  -4.05519e-06
4.60157e+06  6.51500e-02  2.02210e-06
4.60511e+06  6.51000e-02  8.03075e-07
4.60865e+06  6.50500e-02  -6.26867e-06
4.61219e+06  6.50000e-02  4.86458e-06
4.61574e+06  6.49500e-02  -2.80493e-06
4.61930e+06  6.49000e-02  -5.28289e-06
4.62286e+06  6.48500e-02  1.19054e-06
4.62643e+06  6.48000e-02  -1.08300e-05
4.63000e+06  6.47500e-02  6.99936e-06
4.63358e+06  6.47000e-02  -1.57169e-05
4.63716e+06  6.46500e-02  9.44339e-07
4.64075e+06  6.46000e-02  1.18342e-06
4.64434e+06  6.45500e-02  -1.45848e-06
4.64795e+06  6.45000e-02  -4.10226e-06
4.65155e+06  6.44500e-02  -9.41805e-06
4.65516e+06  6.44000e-02  4.55263e-06
4.65878e+06  6.43500e-02  -8.09556e-06
4.66240e+06  6.43000e-02  -9.45224e-06
4.66603e+06  6.42500e-02  -1.14841e-05
4.66966e+06  6.42000e-02  2.49397e-06
4.67330e+06  6.41500e-02  4.53786e-07
4.67695e+06  6.41000e-02  1.51831e-05
4.68060e+06  6.40500e-02  -3.00115e-06
4.68426e+06  6.40000e-02  -1.25213e-05
4.68792e+06  6.39500e-02  2.29057e-06
4.69159e+06  6.39000e-02  2.23405e-06
4.69526e+06  6.38500e-02  -8.77432e-06
4.69894e+06  6.38000e-02  -2.01736e-06
4.70263e+06  6.37500e-02  -6.25175e-06
4.70632e+06  6.37000e-02  -3.59014e-06
4.71002e+06  6.36500e-02  -2.07058e-07
4.71372e+06  6.36000e-02  -1.00508e-06
4.71743e+06  6.35500e-02  -1.10889e-06
4.72114e+06  6.35000e-02  -1.25889e-05
4.72486e+06  6.34500e-02  -1.49187e-05
4.72859e+06  6.34000e-02  -1.42776e-06
4.73232e+06  6.33500e-02  6.32785e-07
4.73606e+06  6.33000e-02  -1.25960e-05
4.73980e+06  6.32500e-02  -2.67393e-06
4.74355e+06  6.32000e-02  -1.34095e-05
4.74731e+06  6.31500e-02  8.14171e-06
4.75107e+06  6.31000e-02  3.29938e-07
4.75484e+06  6.30500e-02  1.23080e-05
4.75861e+06  6.30000e-02  -3.44811e-06
4.76239e+06  6.29500e-02  -1.40564e-06
4.76618e+06  6.29000e-02  -2.96029e-06
4.76997e+06  6.28500e-02  2.03113e-06
4.77377e+06  6.28000e-02  9.47761e-06
4.77757e+06  6.27500e-02  6.86658e-06
4.78138e+06  6.27000e-02  -4.31268e-06
4.78519e+06  6.26500e-02  -1.62955e-05
4.78902e+06  6.26000e-02  1.82493e-06
4.79285e+06  6.25500e-02  -1.75931e-06
4.79668e+06  6.25000e-02  -9.61657e-06
4.80052e+06  6.24500e-02  -1.17220e-06
4.80437e+06  6.24000e-02  -1.93608e-06
4.80822e+06  6.23500e-02  -2.69760e-06
4.81208e+06  6.23000e-02  -1.49119e-05
4.81594e+06  6.22500e-02  -1.35335e-05
4.81981e+06  6.22000e-02  -3.50742e-06
4.82369e+06  6.21500e-02  -8.55716e-06
4.82758e+06  6.21000e-02  -2.81046e-06
4.83147e+06  6.20500e-02  1.51291e-06
4.83536e+06  6.20000e-02  -3.50823e-06
4.83926e+06  6.19500e-02  -4.92440e-06
4.84317e+06  6.19000e-02  2.28147e-06
4.84709e+06  6.18500e-02  1.59650e-06
4.85101e+06  6.18000e-02  3.77637e-06
4.85494e+06  6.17500e-02  -6.14434e-06
4.85887e+06  6.17000e-02  3.22198e-07
4.86281e+06  6.16500e-02  -3.14406e-06
4.86676e+06  6.16000e-02  -7.26778e-06
4.87071e+06  6.15500e-02  -2.25538e-06
4.87467e+06  6.15000e-02  -3.54781e-06
4.87864e+06  6.14500e-02  -5.50444e-06
4.88261e+06  6.14000e-02  -4.67865e-06
4.88659e+06  6.13500e-02  -8.63953e-06
4.89058e+06  6.13000e-02  -5.07622e-06
4.89457e+06  6.12500e-02  3.15149e-06
4.89857e+06  6.12000e-02  -3.43145e-06
4.90257e+06  6.11500e-02  -3.94492e-06
4.90659e+06  6.11000e-02  -5.76350e-06
4.91061e+06  6.10500e-02  -7.54338e-06
4.91463e+06  6.10000e-02  -6.71127e-06
4.91866e+06  6.09500e-02  -1.38934e-06
4.92270e+06  6.09000e-02  8.94816e-06
4.92675e+06  6.08500e-02  1.53078e-05
4.93080e+06  6.08000e-02  9.28762e-06
4.93486e+06  6.07500e-02  -5.91749e-06
4.93892e+06  6.07000e-02  -1.43298e-05
4.94299e+06  6.06500e-02  -3.66411e-06
4.94707e+06  6.06000e-02  4.25878e-06
4.95116e+06  6.05500e-02  -1.57483e-05
4.95525e+06  6.05000e-02  -2.07213e-06
4.95935e+06  6.04500e-02  5.62153e-07
4.96345e+06  6.04000e-02  -4.51421e-06
4.96756e+06  6.03500e-02  7.03037e-06
4.97168e+06  6.03000e-02  -1.27532e-05
4.97581e+06  6.02500e-02  -5.09062e-06
4.97994e+06  6.02000e-02  4.47700e-06
4.98408e+06  6.01500e-02  -1.28405e-05
4.98823e+06  6.01000e-02  -1.10073e-05
4.99238e+06  6.00500e-02  -2.08682e-06
4.99654e+06  6.00000e-02  7.55035e-06
5.00071e+06  5.99500e-02  -6.22572e-06
5.00488e+06  5.99000e-02  5.45422e-06
5.00906e+06  5.98500e-02  4.69514e-06
5.01325e+06  5.98000e-02  -1.22062e-05
5.01745e+06  5.97500e-02  -2.33542e-06
5.02165e+06  5.97000e-02  1.84804e-07
5.02586e+06  5.96500e-02  -6.29467e-06
5.03007e+06  5.96000e-02  -2.55436e-07
5.03430e+06  5.95500e-02  -2.65258e-06
5.03853e+06  5.95000e-02  -5.86812e-06
5.04277e+06  5.94500e-02  5.22156e-06
5.04701e+06  5.94000e-02  1.10386e-06
5.05126e+06  5.93500e-02  1.23913e-05
5.05552e+06  5.93000e-02  -1.19689e-05
5.05979e+06  5.92500e-02  -9.47014e-06
5.06406e+06  5.92000e-02  -2.73505e-06
5.06834e+06  5.91500e-02  -9.72243e-06
5.07263e+06  5.91000e-02  -1.67353e-05
5.07693e+06  5.90500e-02  2.29410e-06
5.08123e+06  5.90000e-02  -1.27231e-05
5.08554e+06  5.89500e-02  -1.02399e-05
5.08985e+06  5.89000e-02  -2.08529e-05
5.09418e+06  5.88500e-02  1.23299e-05
5.09851e+06  5.88000e-02  -1.02457e-05
5.10285e+06  5.87500e-02  -5.97953e-07
5.10720e+06  5.87000e-02  -3.86130e-06
5.11155e+06  5.86500e-02  3.63654e-06
5.11591e+06  5.86000e-02  -1.56896e-05
5.12028e+06  5.85500e-02  -6.73496e-06
5.12466e+06  5.85000e-02  -8.66074e-06
5.12904e+06  5.84500e-02  -3.36380e-06
5.13343e+06  5.84000e-02  -6.63425e-06
5.13783e+06  5.83500e-02  1.60183e-06
5.14224e+06  5.83000e-02  -1.24355e-05
5.14665e+06  5.82500e-02  -5.67250e-06
5.15107e+06  5.82000e-02  -2.33811e-06
5.15550e+06  5.81500e-02  -7.09705e-06
5.15994e+06  5.81000e-02  -6.04120e-06
5.16438e+06  5.80500e-02  -3.46588e-06
5.16884e+06  5.80000e-02  -8.07913e-07
5.17330e+06  5.79500e-02  -1.27625e-05
5.17776e+06  5.79000e-02  -1.65391e-06
5.18224e+06  5.78500e-02  -1.90866e-05
5.18672e+06  5.78000e-02  -1.08169e-05
5.19121e+06  5.77500e-02  2.81556e-06
5.19571e+06  5.77000e-02  -2.14434e-05
5.20022e+06  5.76500e-02  5.42431e-06
5.20473e+06  5.76000e-02  3.01879e-07
5.20925e+06  5.75500e-02  1.31588e-07
5.21378e+06  5.75000e-02  4.35221e-06
5.21832e+06  5.74500e-02  6.44887e-06
5.22287e+06  5.74000e-02  5.93773e-06
5.22742e+06  5.73500e-02  -1.29316e-05
5.23198e+06  5.73000e-02  1.78044e-06
5.23655e+06  5.72500e-02  -1.49000e-05
5.24113e+06  5.72000e-02  8.79115e-06
5.24571e+06  5.71500e-02  -7.87594e-07
5.25031e+06  5.71000e-02  -9.03262e-06
5.25491e+06  5.70500e-02  -4.10969e-06
5.25952e+06  5.70000e-02  5.90212e-07
5.26413e+06  5.69500e-02  -5.18309e-06
5.26876e+06  5.69000e-02  -8.04563e-06
5.27339e+06  5.68500e-02  1.77571e-06
5.27804e+06  5.68000e-02  -7.66262e-06
5.28269e+06  5.67500e-02  2.30870e-06
5.28734e+06  5.67000e-02  8.78275e-06
5.29201e+06  5.66500e-02  -9.51412e-06
5.29669e+06  5.66000e-02  1.16578e-05
5.30137e+06  5.65500e-02  -1.25928e-05
5.30606e+06  5.65000e-02  -1.11487e-05
5.31076e+06  5.64500e-02  -1.11269e-07
5.31547e+06  5.64000e-02  5.79260e-06
5.32019e+06  5.63500e-02  6.96644e-07
5.32491e+06  5.63000e-02  4.37300e-06
5.32964e+06  5.62500e-02  -3.64810e-06
5.33439e+06  5.62000e-02  -9.45873e-06
5.33914e+06  5.61500e-02  8.04268e-06
5.34389e+06  5.61000e-02  2.93541e-06
5.34866e+06  5.60500e-02  -5.08968e-06
5.35344e+06  5.60000e-02  1.16880e-05
5.35822e+06  5.59500e-02  -2.91433e-06
5.36301e+06  5.59000e-02  6.57299e-06
5.36781e+06  5.58500e-02  -5.85080e-06
5.37262e+06  5.58000e-02  -1.47656e-06
5.37744e+06  5.57500e-02  -8.80230e-06
5.38227e+06  5.57000e-02  -7.35574e-06
5.38711e+06  5.56500e-02  1.02111e-05
5.39195e+06  5.56000e-02  1.09425e-05
5.39680e+06  5.55500e-02  6.72455e-07
5.40167e+06  5.55000e-02  1.02012e-05
5.40654e+06  5.54500e-02  9.46483e-06
5.41142e+06  5.54000e-02  -5.97401e-06
5.41630e+06  5.53500e-02  -2.31290e-06
5.42120e+06  5.53000e-02  -4.53193e-06
5.42611e+06  5.52500e-02  7.97407e-06
5.43102e+06  5.52000e-02  4.28305e-06
5.43595e+06  5.51500e-02  -4.58127e-06
5.44088e+06  5.51000e-02  -1.34502e-05
5.44582e+06  5.50500e-02  -1.19958e-05
5.45077e+06  5.50000e-02  7.94762e-06
5.45573e+06  5.49500e-02  -9.33696e-07
5.46070e+06  5.49000e-02  -3.91207e-06
5.46568e+06  5.48500e-02  4.96519e-06
5.47067e+06  5.48000e-02  1.00671e-06
5.47566e+06  5.47500e-02  2.16612e-06
5.48067e+06  5.47000e-02  4.25798e-06
5.48568e+06  5.46500e-02  -1.17175e-05
5.49070e+06  5.46000e-02  7.75638e-06
5.49574e+06  5.45500e-02  1.55351e-06
5.50078e+06  5.45000e-02  -4.54754e-07
5.50583e+06  5.44500e-02  3.05429e-06
5.51089e+06  5.44000e-02  -7.10565e-06
5.51596e+06  5.43500e-02  1.84595e-06
5.52104e+06  5.43000e-02  -1.42874e-05
5.52613e+06  5.42500e-02  5.99970e-06
5.53123e+06  5.42000e-02  -1.54202e-05
5.53633e+06  5.41500e-02  1.27439e-05
5.54145e+06  5.41000e-02  -2.57845e-06
5.54658e+06  5.40500e-02  1.45613e-06
5.55171e+06  5.40000e-02  -2.49385e-06
5.55686e+06  5.39500e-02  6.15445e-06
5.56201e+06  5.39000e-02  -5.06177e-06
5.56718e+06  5.38500e-02  -4.09278e-07
5.57235e+06  5.38000e-02  -4.99550e-06
5.57753e+06  5.37500e-02  -2.07518e-05
5.58273e+06  5.37000e-02  2.95102e-06
5.58793e+06  5.36500e-02  -4.90850e-06
5.59314e+06  5.36000e-02  2.32734e-06
5.59837e+06  5.35500e-02  -3.54699e-06
5.60360e+06  5.35000e-02  -4.83603e-06
5.60884e+06  5.34500e-02  7.59675e-06
5.61409e+06  5.34000e-02  -1.06654e-05
5.61935e+06  5.33500e-02  -1.25985e-05
5.62462e+06  5.33000e-02  -8.47583e-07
5.62991e+06  5.32500e-02  4.37132e-06
5.63520e+06  5.32000e-02  -2.77593e-06
5.64050e+06  5.31500e-02  3.08965e-06
5.64581e+06  5.31000e-02  -2.74744e-06
5.65113e+06  5.30500e-02  -3.38760e-06
5.65646e+06  5.30000e-02  -1.24613e-05
5.66180e+06  5.29500e-02  -4.01910e-06
5.66715e+06  5.29000e-02  1.17434e-06
5.67252e+06  5.28500e-02  3.12717e-06
5.67789e+06  5.28000e-02  1.18828e-06
5.68327e+06  5.27500e-02  -1.30549e-05
5.68866e+06  5.27000e-02  -2.04137e-06
5.69406e+06  5.26500e-02  1.09090e-05
5.69948e+06  5.26000e-02  -1.10954e-05
5.70490e+06  5.25500e-02  -8.50160e-06
5.71033e+06  5.25000e-02  -1.30246e-05
5.71578e+06  5.24500e-02  -3.96659e-06
5.72123e+06  5.24000e-02  -7.28573e-07
5.72669e+06  5.23500e-02  2.50475e-06
5.73217e+06  5.23000e-02  -7.19536e-06
5.73765e+06  5.22500e-02  3.80027e-06
5.74315e+06  5.22000e-02  -8.07913e-08
5.74866e+06  5.21500e-02  -1.37694e-06
5.75417e+06  5.21000e-02  -6.55484e-06
5.75970e+06  5.20500e-02  -8.49442e-06
5.76524e+06  5.20000e-02  -8.73707e-08
5.77079e+06  5.19500e-02  1.54375e-05
5.77635e+06  5.19000e-02  -1.04473e-05
5.78192e+06  5.18500e-02  7.67101e-06
5.78750e+06  5.18000e-02  -3.33757e-06
5.79309e+06  5.17500e-02  -3.98900e-06
5.79869e+06  5.17000e-02  -2.69769e-06
5.80431e+06  5.16500e-02  -1.12237e-07
5.80993e+06  5.16000e-02  -9.83474e-06
5.81557e+06  5.15500e-02  -2.71755e-06
5.82121e+06  5.15000e-02  -2.72332e-06
5.82687e+06  5.14500e-02  9.59353e-06
5.83254e+06  5.14000e-02  -2.08758e-06
5.83822e+06  5.13500e-02  3.09711e-06
5.84391e+06  5.13000e-02  -1.45469e-06
5.84961e+06  5.12500e-02  1.13443e-06
5.85532e+06  5.12000e-02  -1.05746e-05
5.86105e+06  5.11500e-02  7.62297e-06
5.86678e+06  5.11000e-02  7.61657e-06
5.87253e+06  5.10500e-02  5.66129e-06
5.87828e+06  5.10000e-02  3.04782e-06
5.88405e+06  5.09500e-02  1.08610e-05
5.88983e+06  5.09000e-02  -1.53566e-06
5.89562e+06  5.08500e-02  -1.26408e-05
5.90143e+06  5.08000e-02  -1.26595e-05
5.90724e+06  5.07500e-02  8.23252e-06
5.91307e+06  5.07000e-02  -9.43204e-06
5.91890e+06  5.06500e-02  2.32994e-06
5.92475e+06  5.06000e-02  -9.56918e-07
5.93061e+06  5.05500e-02  8.20686e-06
5.93648e+06  5.05000e-02  8.85467e-06
5.94237e+06  5.04500e-02  -6.90123e-06
5.94826e+06  5.04000e-02  -1.02090e-05
5.95417e+06  5.03500e-02  2.26287e-06
5.96009e+06  5.03000e-02  9.48815e-06
5.96602e+06  5.02500e-02  6.19140e-06
5.97196e+06  5.02000e-02  3.54501e-06
5.97792e+06  5.01500e-02  -1.74698e-06
5.98388e+06  5.01000e-02  -1.62938e-05
5.98986e+06  5.00500e-02  -4.57656e-07
5.99585e+06  5.00000e-02  -4.74105e-07
6.00185e+06  4.99500e-02  1.34147e-05
6.00786e+06  4.99000e-02  -8.46038e-06
6.01389e+06  4.98500e-02  -7.82449e-06
6.01993e+06  4.98000e-02  -1.18384e-05
6.02598e+06  4.97500e-02  -8.54310e-06
6.03204e+06  4.97000e-02  -2.57747e-06
6.03812e+06  4.96500e-02  -2.59998e-06
6.04420e+06  4.96000e-02  3.38411e-06
6.05030e+06  4.95500e-02  -1.59997e-05
6.05641e+06  4.95000e-02  -7.34699e-06
6.06254e+06  4.94500e-02  -1.00497e-05
6.06867e+06  4.94000e-02  -3.06717e-08
6.07482e+06  4.93500e-02  -3.40729e-06
6.08098e+06  4.93000e-02  4.63126e-06
6.08716e+06  4.92500e-02  -2.10895e-06
6.09334e+06  4.92000e-02  -4.15265e-06
6.09954e+06  4.91500e-02  1.88887e-06
6.10575e+06  4.91000e-02  -2.17605e-05
6.11198e+06  4.90500e-02  3.20543e-06
6.11821e+06  4.90000e-02  -1.55251e-06
6.12446e+06  4.89500e-02  3.84713e-06
6.13073e+06  4.89000e-02  -1.31383e-05
6.13700e+06  4.88500e-02  -2.30708e-06
6.14329e+06  4.88000e-02  -5.05591e-06
6.14959e+06  4.87500e-02  5.13849e-06
6.15590e+06  4.87000e-02  3.44452e-07
6.16223e+06  4.86500e-02  7.15641e-06
6.16857e+06  4.86000e-02  -8.59847e-06
6.17492e+06  4.85500e-02  -1.78496e-06
6.18129e+06  4.85000e-02  -4.55597e-06
6.18767e+06  4.84500e-02  1.32862e-05
6.19406e+06  4.84000e-02  2.26477e-06
6.20046e+06  4.83500e-02  1.12077e-05
6.20688e+06  4.83000e-02  1.53081e-06
6.21332e+06  4.82500e-02  -8.17842e-06
6.21976e+06  4.82000e-02  3.56316e-06
6.22622e+06  4.81500e-02  5.62245e-06
6.23269e+06  4.81000e-02  7.69040e-06
6.23918e+06  4.80500e-02  -4.15215e-06
6.24568e+06  4.80000e-02  2.08829e-06
6.25219e+06  4.79500e-02  8.34583e-06
6.25872e+06  4.79000e-02  4.83952e-06
6.26526e+06  4.78500e-02  -8.47893e-06
6.27181e+06  4.78000e-02  -2.20988e-06
6.27838e+06  4.77500e-02  -4.34390e-06
6.28496e+06  4.77000e-02  -1.56130e-06
6.29155e+06  4.76500e-02  -1.56734e-05
6.29816e+06  4.76000e-02  -4.44050e-06
6.30478e+06  4.75500e-02  8.94796e-06
6.31142e+06  4.75000e-02  -3.79460e-06
6.31807e+06  4.74500e-02  3.96655e-06
6.32474e+06  4.74000e-02  -9.53488e-06
6.33141e+06  4.73500e-02  9.60934e-06
6.33811e+06  4.73000e-02  -3.63803e-07
6.34481e+06  4.72500e-02  1.75131e-06
6.35154e+06  4.72000e-02  -1.03977e-05
6.35827e+06  4.71500e-02  -4.72493e-06
6.36502e+06  4.71000e-02  -2.61140e-06
6.37178e+06  4.70500e-02  8.82689e-06
6.37856e+06  4.70000e-02  -4.81866e-06
6.38536e+06  4.69500e-02  -9.88422e-06
6.39216e+06  4.69000e-02  -1.64048e-05
6.39899e+06  4.68500e-02  -2.75571e-06
6.40582e+06  4.68000e-02  -6.19239e-07
6.41267e+06  4.67500e-02  -6.42460e-07
6.41954e+06  4.67000e-02  -1.80392e-05
6.42642e+06  4.66500e-02  2.20385e-06
6.43331e+06  4.66000e-02  1.45817e-06
6.44022e+06  4.65500e-02  5.06993e-06
6.44715e+06  4.65000e-02  7.96527e-06
6.45409e+06  4.64500e-02  -2.98378e-06
6.46104e+06  4.64000e-02  7.20636e-06
6.46801e+06  4.63500e-02  -1.10867e-05
6.47500e+06  4.63000e-02  -8.20148e-06
6.48200e+06  4.62500e-02  -9.00799e-07
6.48901e+06  4.62000e-02  -1.04724e-05
6.49604e+06  4.61500e-02  -4.63206e-06
6.50309e+06  4.61000e-02  7.39777e-06
6.51015e+06  4.60500e-02  6.95546e-06
6.51723e+06  4.60000e-02  6.94130e-06
6.52432e+06  4.59500e-02  -2.10019e-06
6.53143e+06  4.59000e-02  6.21057e-06
6.53855e+06  4.58500e-02  -9.82104e-06
6.54569e+06  4.58000e-02  -1.68416e-05
6.55284e+06  4.57500e-02  -8.51662e-06
6.56001e+06  4.57000e-02  -1.06573e-05
6.56720e+06  4.56500e-02  -5.79999e-06
6.57440e+06  4.56000e-02  1.31182e-05
6.58161e+06  4.55500e-02  1.17046e-05
6.58885e+06  4.55000e-02  -1.57991e-05
6.59609e+06  4.54500e-02  -7.38899e-06
6.60336e+06  4.54000e-02  3.17910e-06
6.61064e+06  4.53500e-02  -1.10308e-06
6.61794e+06  4.53000e-02  3.83136e-06
6.62525e+06  4.52500e-02  -5.45603e-06
6.63258e+06  4.52000e-02  -9.79206e-06
6.63992e+06  4.51500e-02  -1.34266e-05
6.64728e+06  4.51000e-02  -4.17775e-06
6.65466e+06  4.50500e-02  -3.51260e-06
6.66205e+06  4.50000e-02  -1.22118e-05
6.66947e+06  4.49500e-02  -1.08472e-05
6.67689e+06  4.49000e-02  5.01768e-06
6.68434e+06  4.48500e-02  -5.92135e-06
6.69180e+06  4.48000e-02  3.48941e-06
6.69927e+06  4.47500e-02  -6.05815e-06
6.70677e+06  4.47000e-02  -4.69482e-06
6.71428e+06  4.46500e-02  -8.23733e-06
6.72180e+06  4.46000e-02  -1.38590e-05
6.72935e+06  4.45500e-02  -7.02576e-06
6.73691e+06  4.45000e-02  -7.81302e-06
6.74449e+06  4.44500e-02  1.17750e-06
6.75208e+06  4.44000e-02  8.83646e-06
6.75969e+06  4.43500e-02  8.80289e-06
6.76732e+06  4.43000e-02  -2.55637e-06
6.77497e+06  4.42500e-02  9.13377e-07
6.78263e+06  4.42000e-02  -8.44301e-06
6.79032e+06  4.41500e-02  8.66156e-06
6.79801e+06  4.41000e-02  -4.35781e-06
6.80573e+06  4.40500e-02  6.40869e-06
6.81346e+06  4.40000e-02  -9.67694e-06
6.82122e+06  4.39500e-02  -3.17850e-06
6.82899e+06  4.39000e-02  4.24319e-06
6.83677e+06  4.38500e-02  6.22820e-06
6.84458e+06  4.38000e-02  4.10098e-06
6.85240e+06  4.37500e-02  1.25093e-06
6.86024e+06  4.37000e-02  -8.60703e-06
6.86810e+06  4.36500e-02  1.58056e-05
6.87597e+06  4.36000e-02  5.90876e-06
6.88387e+06  4.35500e-02  5.12562e-06
6.89178e+06  4.35000e-02  1.86613e-05
6.89971e+06  4.34500e-02  1.36245e-05
6.90766e+06  4.34000e-02  4.88396e-06
6.91563e+06  4.33500e-02  2.28513e-05
6.92361e+06  4.33000e-02  2.95571e-05
6.93162e+06  4.32500e-02  7.43902e-06
6.93964e+06  4.32000e-02  8.06677e-06
6.94768e+06  4.31500e-02  1.50613e-05
6.95574e+06  4.31000e-02  2.43022e-05
6.96382e+06  4.30500e-02  2.93990e-05
6.97192e+06  4.30000e-02  2.73452e-05
6.98003e+06  4.29500e-02  3.19877e-05
6.98817e+06  4.29000e-02  3.57319e-05
6.99632e+06  4.28500e-02  4.98394e-05
7.00450e+06  4.28000e-02  6.35127e-05
7.01269e+06  4.27500e-02  6.75306e-05
7.02090e+06  4.27000e-02  8.38142e-05
7.02913e+06  4.26500e-02  9.46247e-05
7.03738e+06  4.26000e-02  1.10297e-04
7.04565e+06  4.25500e-02  1.44568e-04
7.05394e+06  4.25000e-02  1.50871e-04
7.06225e+06  4.24500e-02  1.72805e-04
7.07058e+06  4.24000e-02  2.18036e-04
7.07892e+06  4.23500e-02  2.60045e-04
7.08729e+06  4.23000e-02  3.00968e-04
7.09568e+06  4.22500e-02  3.55171e-04
7.10409e+06  4.22000e-02  4.12765e-04
7.11251e+06  4.21500e-02  5.12036e-04
7.12096e+06  4.21000e-02  5.77167e-04
7.12943e+06  4.20500e-02  6.85305e-04
7.13792e+06  4.20000e-02  7.94284e-04
7.14642e+06  4.19500e-02  9.13440e-04
7.15495e+06  4.19000e-02  1.09089e-03
7.16350e+06  4.18500e-02  1.27864e-03
7.17207e+06  4.18000e-02  1.47478e-03
7.18066e+06  4.17500e-02  1.72682e-03
7.18927e+06  4.17000e-02  2.02618e-03
7.19790e+06  4.16500e-02  2.36446e-03
7.20655e+06  4.16000e-02  2.73247e-03
7.21522e+06  4.15500e-02  3.19714e-03
7.22391e+06  4.15000e-02  3.69883e-03
7.23263e+06  4.14500e-02  4.28188e-03
7.24136e+06  4.14000e-02  4.97578e-03
7.25012e+06  4.13500e-02  5.72127e-03
7.25890e+06  4.13000e-02  6.57392e-03
7.26770e+06  4.12500e-02  7.57924e-03
7.27652e+06  4.12000e-02  8.70554e-03
7.28536e+06  4.11500e-02  9.97491e-03
7.29422e+06  4.11000e-02  1.14285e-02
7.30310e+06  4.10500e-02  1.30251e-02
7.31201e+06  4.10000e-02  1.48209e-02
7.32094e+06  4.09500e-02  1.68380e-02
7.32989e+06  4.09000e-02  1.90670e-02
7.33886e+06  4.08500e-02  2.15721e-02
7.34785e+06  4.08000e-02  2.43468e-02
7.35687e+06  4.07500e-02  2.73615e-02
7.36591e+06  4.07000e-02  3.07549e-02
7.37497e+06  4.06500e-02  3.44496e-02
7.38405e+06  4.06000e-02  3.84512e-02
7.39316e+06  4.05500e-02  4.28706e-02
7.40228e+06  4.05000e-02  4.76245e-02
7.41143e+06  4.04500e-02  5.28823e-02
7.42061e+06  4.04000e-02  5.84459e-02
7.42980e+06  4.03500e-02  6.44274e-02
7.43902e+06  4.03000e-02  7.10465e-02
7.44826e+06  4.02500e-02  7.80824e-02
7.45752e+06  4.02000e-02  8.54967e-02
7.46681e+06  4.01500e-02  9.34290e-02
7.47612e+06  4.01000e-02  1.01703e-01
7.48545e+06  4.00500e-02  1.10589e-01
7.49481e+06  4.00000e-02  1.20007e-01
7.50419e+06  3.99500e-02  1.29511e-01
7.51360e+06  3.99000e-02  1.39903e-01
7.52302e+06  3.98500e-02  1.50600e-01
7.53247e+06  3.98000e-02  1.61477e-01
7.54195e+06  3.97500e-02  1.72875e-01
7.55145e+06  3.97000e-02  1.84523e-01
7.56097e+06  3.96500e-02  1.96683e-01
7.57052e+06  3.96000e-02  2.09113e-01
7.58009e+06  3.95500e-02  2.21638e-01
7.58968e+06  3.95000e-02  2.34586e-01
7.59930e+06  3.94500e-02  2.47521e-01
7.60895e+06  3.94000e-02  2.60752e-01
7.61861e+06  3.93500e-02  2.74297e-01
7.62831e+06  3.93000e-02  2.87493e-01
7.63802e+06  3.92500e-02  3.01068e-01
7.64777e+06  3.92000e-02  3.14452e-01
7.65753e+06  3.91500e-02  3.27508e-01
7.66733e+06  3.91000e-02  3.40953e-01
7.67714e+06  3.90500e-02  3.54044e-01
7.68699e+06  3.90000e-02  3.67200e-01
7.69685e+06  3.89500e-02  3.80185e-01
7.70675e+06  3.89000e-02  3.92689e-01
7.71667e+06  3.88500e-02  4.05045e-01
7.72661e+06  3.88000e-02  4.17105e-01
7.73658e+06  3.87500e-02  4.28709e-01
7.74658e+06  3.87000e-02  4.40307e-01
7.75660e+06  3.86500e-02  4.51363e-01
7.76664e+06  3.86000e-02  4.62027e-01
7.77672e+06  3.85500e-02  4.72611e-01
7.78682e+06  3.85000e-02  4.82787e-01
7.79694e+06  3.84500e-02  4.92308e-01
7.80710e+06  3.84000e-02  5.01736e-01
7.81727e+06  3.83500e-02  5.10533e-01
7.82748e+06  3.83000e-02  5.19175e-01
7.83771e+06  3.82500e-02  5.27353e-01
7.84797e+06  3.82000e-02  5.34964e-01
7.85826e+06  3.81500e-02  5.42226e-01
7.86857e+06  3.81000e-02  5.49740e-01
7.87891e+06  3.80500e-02  5.55967e-01
7.88928e+06  3.80000e-02  5.62436e-01
7.89967e+06  3.79500e-02  5.68419e-01
7.91009e+06  3.79000e-02  5.73838e-01
7.92054e+06  3.78500e-02  5.78894e-01
7.93102e+06  3.78000e-02  5.83498e-01
7.94152e+06  3.77500e-02  5.88012e-01
7.95205e+06  3.77000e-02  5.92084e-01
7.96262e+06  3.76500e-02  5.96040e-01
7.97320e+06  3.76000e-02  5.99149e-01
7.98382e+06  3.75500e-02  6.02376e-01
7.99447e+06  3.75000e-02  6.05265e-01
8.00514e+06  3.74500e-02  6.07834e-01
8.01584e+06  3.74000e-02  6.10132e-01
8.02657e+06  3.73500e-02  6.12189e-01
8.03733e+06  3.73000e-02  6.13908e-01
8.04812e+06  3.72500e-02  6.15568e-01
8.05894e+06  3.72000e-02  6.16858e-01
8.06978e+06  3.71500e-02  6.17940e-01
8.08066e+06  3.71000e-02  6.18712e-01
8.09156e+06  3.70500e-02  6.18946e-01
8.10250e+06  3.70000e-02  6.19555e-01
8.11346e+06  3.69500e-02  6.19706e-01
8.12446e+06  3.69000e-02  6.20000e-01
8.13548e+06  3.68500e-02  6.19512e-01
8.14653e+06  3.68000e-02  6.19335e-01
8.15762e+06  3.67500e-02  6.18604e-01
8.16873e+06  3.67000e-02  6.17967e-01
8.17988e+06  3.66500e-02  6.17140e-01
8.19105e+06  3.66000e-02  6.15877e-01
8.20226e+06  3.65500e-02  6.14801e-01
8.21349e+06  3.65000e-02  6.13497e-01
8.22476e+06  3.64500e-02  6.12094e-01
8.23606e+06  3.64000e-02  6.10325e-01
8.24739e+06  3.63500e-02  6.08499e-01
8.25875e+06  3.63000e-02  6.06669e-01
8.27014e+06  3.62500e-02  6.04521e-01
8.28156e+06  3.62000e-02  6.02108e-01
8.29301e+06  3.61500e-02  5.99715e-01
8.30450e+06  3.61000e-02  5.97320e-01
8.31602e+06  3.60500e-02  5.94419e-01
8.32757e+06  3.60000e-02  5.91852e-01
8.33915e+06  3.59500e-02  5.88656e-01
8.35076e+06  3.59000e-02  5.85338e-01
8.36241e+06  3.58500e-02  5.82398e-01
8.37409e+06  3.58000e-02  5.78850e-01
8.38580e+06  3.57500e-02  5.75259e-01
8.39755e+06  3.57000e-02  5.71571e-01
8.40933e+06  3.56500e-02  5.67560e-01
8.42114e+06  3.56000e-02  5.63411e-01
8.43298e+06  3.55500e-02  5.59201e-01
8.44486e+06  3.55000e-02  5.54937e-01
8.45677e+06  3.54500e-02  5.50424e-01
8.46871e+06  3.54000e-02  5.45895e-01
8.48069e+06  3.53500e-02  5.41100e-01
8.49270e+06  3.53000e-02  5.36309e-01
8.50475e+06  3.52500e-02  5.31289e-01
8.51683e+06  3.52000e-02  5.25905e-01
8.52895e+06  3.51500e-02  5.20431e-01
8.54110e+06  3.51000e-02  5.14675e-01
8.55328e+06  3.50500e-02  5.09096e-01
8.56550e+06  3.50000e-02  5.03201e-01
8.57775e+06  3.49500e-02  4.97117e-01
8.59004e+06  3.49000e-02  4.90807e-01
8.60237e+06  3.48500e-02  4.84109e-01
8.61473e+06  3.48000e-02  4.77434e-01
8.62712e+06  3.47500e-02  4.70779e-01
8.63955e+06  3.47000e-02  4.63701e-01
8.65202e+06  3.46500e-02  4.56789e-01
8.66452e+06  3.46000e-02  4.49505e-01
8.67706e+06  3.45500e-02  4.41804e-01
8.68964e+06  3.45000e-02  4.34061e-01
8.70225e+06  3.44500e-02  4.26626e-01
8.71490e+06  3.44000e-02  4.18477e-01
8.72758e+06  3.43500e-02  4.10213e-01
8.74030e+06  3.43000e-02  4.02097e-01
8.75306e+06  3.42500e-02  3.93545e-01
8.76586e+06  3.42000e-02  3.84993e-01
8.77870e+06  3.41500e-02  3.76145e-01
8.79157e+06  3.41000e-02  3.67147e-01
8.80448e+06  3.40500e-02  3.58103e-01
8.81743e+06  3.40000e-02  3.48925e-01
8.83041e+06  3.39500e-02  3.39475e-01
8.84344e+06  3.39000e-02  3.30058e-01
8.85650e+06  3.38500e-02  3.19827e-01
8.86960e+06  3.38000e-02  3.10181e-01
8.88274e+06  3.37500e-02  3.00033e-01
8.89592e+06  3.37000e-02  2.90259e-01
8.90914e+06  3.36500e-02  2.80318e-01
8.92239e+06  3.36000e-02  2.69979e-01
8.93569e+06  3.35500e-02  2.59602e-01
8.94903e+06  3.35000e-02  2.49152e-01
8.96241e+06  3.34500e-02  2.38804e-01
8.97582e+06  3.34000e-02  2.28578e-01
8.98928e+06  3.33500e-02  2.18219e-01
9.00278e+06  3.33000e-02  2.07914e-01
9.01631e+06  3.32500e-02  1.97699e-01
9.02989e+06  3.32000e-02  1.87361e-01
9.04351e+06  3.31500e-02  1.77348e-01
9.05717e+06  3.31000e-02  1.67294e-01
9.07088e+06  3.30500e-02  1.57366e-01
9.08462e+06  3.30000e-02  1.47807e-01
9.09841e+06  3.29500e-02  1.38023e-01
9.11223e+06  3.29000e-02  1.28775e-01
9.12610e+06  3.28500e-02  1.19795e-01
9.14001e+06  3.28000e-02  1.10934e-01
9.15397e+06  3.27500e-02  1.02391e-01
9.16797e+06  3.27000e-02  9.41594e-02
9.18200e+06  3.26500e-02  8.60291e-02
9.19609e+06  3.26000e-02  7.84180e-02
9.21021e+06  3.25500e-02  7.10280e-02
9.22438e+06  3.25000e-02  6.40888e-02
9.23860e+06  3.24500e-02  5.76224e-02
9.25285e+06  3.24000e-02  5.13654e-02
9.26715e+06  3.23500e-02  4.55598e-02
9.28150e+06  3.23000e-02  4.02096e-02
9.29589e+06  3.22500e-02  3.51477e-02
9.31032e+06  3.22000e-02  3.06129e-02
9.32480e+06  3.21500e-02  2.63769e-02
9.33933e+06  3.21000e-02  2.25860e-02
9.35390e+06  3.20500e-02  1.92379e-02
9.36851e+06  3.20000e-02  1.61044e-02
9.38318e+06  3.19500e-02  1.34704e-02
9.39788e+06  3.19000e-02  1.11252e-02
9.41264e+06  3.18500e-02  9.08572e-03
9.42744e+06  3.18000e-02  7.33890e-03
9.44228e+06  3.17500e-02  5.83816e-03
9.45718e+06  3.17000e-02  4.58518e-03
9.47212e+06  3.16500e-02  3.57325e-03
9.48710e+06  3.16000e-02  2.70803e-03
9.50214e+06  3.15500e-02  2.03767e-03
9.51722e+06  3.15000e-02  1.51748e-03
9.53235e+06  3.14500e-02  1.11079e-03
9.54753e+06  3.14000e-02  7.89252e-04
9.56276e+06  3.13500e-02  5.62985e-04
9.57803e+06  3.13000e-02  3.75697e-04
9.59336e+06  3.12500e-02  2.58717e-04
9.60873e+06  3.12000e-02  1.62644e-04
9.62416e+06  3.11500e-02  8.64583e-05
9.63963e+06  3.11000e-02  6.56387e-05
9.65515e+06  3.10500e-02  3.40067e-05
9.67072e+06  3.10000e-02  1.75245e-05
9.68635e+06  3.09500e-02  9.19890e-06
9.70202e+06  3.09000e-02  4.03917e-06
9.71775e+06  3.08500e-02  7.21297e-06
9.73352e+06  3.08000e-02  -5.55830e-06
9.74935e+06  3.07500e-02  -1.26583e-05
9.76523e+06  3.07000e-02  9.80244e-06
9.78116e+06  3.06500e-02  -3.85805e-06
9.79714e+06  3.06000e-02  -7.45989e-07
9.81317e+06  3.05500e-02  -7.63540e-06
9.82926e+06  3.05000e-02  -1.11598e-06
9.84540e+06  3.04500e-02  -6.67934e-06
9.86159e+06  3.04000e-02  -1.08205e-05
9.87784e+06  3.03500e-02  2.94295e-06
9.89414e+06  3.03000e-02  -3.63574e-06
9.91049e+06  3.02500e-02  -5.85366e-06
9.92690e+06  3.02000e-02  -5.64325e-06
9.94337e+06  3.01500e-02  -1.42601e-05
9.95988e+06  3.01000e-02  -1.62727e-05
9.97645e+06  3.00500e-02  5.62986e-06
9.99308e+06  3.00000e-02  -1.07341e-05
1.00098e+07  2.99500e-02  1.19426e-06
1.00265e+07  2.99000e-02  -6.47972e-06
1.00433e+07  2.98500e-02  -1.63245e-05
1.00601e+07  2.98000e-02  2.90104e-06
1.00771e+07  2.97500e-02  -7.05802e-06
1.00940e+07  2.97000e-02  -6.41879e-06
1.01110e+07  2.96500e-02  1.22009e-06
1.01281e+07  2.96000e-02  8.65415e-06
1.01453e+07  2.95500e-02  -8.47892e-06
1.01625e+07  2.95000e-02  -6.38561e-06
1.01797e+07  2.94500e-02  -1.51446e-06
1.01970e+07  2.94000e-02  2.98286e-06
1.02144e+07  2.93500e-02  3.77670e-06
1.02318e+07  2.93000e-02  -3.24162e-06
1.02493e+07  2.92500e-02  -4.73337e-06
1.02669e+07  2.92000e-02  -2.83518e-06
1.02845e+07  2.91500e-02  3.52498e-06
1.03021e+07  2.91000e-02  -6.13403e-06
1.03199e+07  2.90500e-02  -1.48980e-05
1.03377e+07  2.90000e-02  4.62494e-07
1.03555e+07  2.89500e-02  8.32697e-06
1.03734e+07  2.89000e-02  -1.05407e-05
1.03914e+07  2.88500e-02  6.74626e-06
1.04095e+07  2.88000e-02  -2.29518e-06
1.04276e+07  2.87500e-02  -1.16882e-05
1.04457e+07  2.87000e-02  -2.38987e-08
1.04640e+07  2.86500e-02  3.87441e-06
1.04823e+07  2.86000e-02  -1.33195e-05
1.05006e+07  2.85500e-02  -1.81953e-06
1.05190e+07  2.85000e-02  -4.02628e-06
1.05375e+07  2.84500e-02  -9.78069e-06
1.05561e+07  2.84000e-02  1.23162e-06
1.05747e+07  2.83500e-02  -4.61980e-06
1.05934e+07  2.83000e-02  1.71608e-06
1.06121e+07  2.82500e-02  1.26770e-06
1.06309e+07  2.82000e-02  -3.44911e-06
1.06498e+07  2.81500e-02  -1.71225e-05
1.06688e+07  2.81000e-02  -1.07567e-05
1.06878e+07  2.80500e-02  1.77064e-07
1.07069e+07  2.80000e-02  3.64770e-07
1.07260e+07  2.79500e-02  -1.35011e-06
1.07452e+07  2.79000e-02  7.50492e-06
1.07645e+07  2.78500e-02  -1.01792e-05
1.07839e+07  2.78000e-02  -6.27450e-06
1.08033e+07  2.77500e-02  -5.05067e-08
1.08228e+07  2.77000e-02  -2.95584e-06
1.08424e+07  2.76500e-02  3.09619e-07
1.08620e+07  2.76000e-02  9.93007e-06
1.08818e+07  2.75500e-02  -6.50201e-07
1.09015e+07  2.75000e-02  -4.21789e-06
1.09214e+07  2.74500e-02  -1.57025e-05
1.09413e+07  2.74000e-02  -8.73312e-06
1.09613e+07  2.73500e-02  -1.45511e-05
1.09814e+07  2.73000e-02  3.06306e-06
1.10016e+07  2.72500e-02  2.10078e-06
1.10218e+07  2.72000e-02  8.69454e-06
1.10421e+07  2.71500e-02  -1.57835e-05
1.10625e+07  2.71000e-02  -4.28787e-06
1.10829e+07  2.70500e-02  -2.24783e-06
1.11034e+07  2.70000e-02  2.19912e-06
1.11240e+07  2.69500e-02  1.26533e-05
1.11447e+07  2.69000e-02  3.03976e-06
1.11655e+07  2.68500e-02  1.13772e-05
1.11863e+07  2.68000e-02  -2.56404e-07
1.12072e+07  2.67500e-02  -1.40799e-05
1.12282e+07  2.67000e-02  -1.23597e-06
1.12492e+07  2.66500e-02  1.26390e-05
1.12704e+07  2.66000e-02  -5.27680e-06
1.12916e+07  2.65500e-02  -2.02804e-06
1.13129e+07  2.65000e-02  2.37983e-06
1.13343e+07  2.64500e-02  -4.76136e-06
1.13558e+07  2.64000e-02  -8.49481e-06
1.13773e+07  2.63500e-02  -9.91105e-06
1.13990e+07  2.63000e-02  -8.44302e-06
1.14207e+07  2.62500e-02  -4.45691e-06
1.14425e+07  2.62000e-02  -2.42555e-06
1.14643e+07  2.61500e-02  1.45228e-06
1.14863e+07  2.61000e-02  3.03814e-07
1.15083e+07  2.60500e-02  4.73143e-06
1.15305e+07  2.60000e-02  -1.96105e-06
1.15527e+07  2.59500e-02  -6.74332e-06
1.15750e+07  2.59000e-02  -1.57213e-05
1.15974e+07  2.58500e-02  2.10814e-06
1.16199e+07  2.58000e-02  -1.19436e-05
1.16424e+07  2.57500e-02  -6.63964e-06
1.16651e+07  2.57000e-02  4.39065e-06
1.16878e+07  2.56500e-02  2.53500e-06
1.17106e+07  2.56000e-02  -1.21793e-06
1.17336e+07  2.55500e-02  -1.31820e-05
1.17566e+07  2.55000e-02  3.34749e-06
1.17797e+07  2.54500e-02  8.81448e-07
1.18029e+07  2.54000e-02  -1.22438e-05
1.18261e+07  2.53500e-02  -7.79204e-06
1.18495e+07  2.53000e-02  1.00737e-06
1.18730e+07  2.52500e-02  -4.58422e-06
1.18965e+07  2.52000e-02  -8.28788e-06
1.19202e+07  2.51500e-02  -1.01305e-05
1.19439e+07  2.51000e-02  -2.01053e-06
1.19678e+07  2.50500e-02  -1.00852e-05
1.19917e+07  2.50000e-02  1.12616e-06
1.20157e+07  2.49500e-02  -1.97755e-06
1.20399e+07  2.49000e-02  -8.81820e-06
1.20641e+07  2.48500e-02  2.40405e-06
1.20884e+07  2.48000e-02  9.88883e-06
1.21128e+07  2.47500e-02  -5.64035e-06
1.21373e+07  2.47000e-02  -5.60838e-06
1.21620e+07  2.46500e-02  -1.54875e-05
1.21867e+07  2.46000e-02  8.10440e-06
1.22115e+07  2.45500e-02  1.33479e-06
1.22364e+07  2.45000e-02  -2.97128e-06
1.22615e+07  2.44500e-02  -8.91935e-06
1.22866e+07  2.44000e-02  -1.15011e-05
1.23118e+07  2.43500e-02  -7.49597e-06
1.23371e+07  2.43000e-02  -7.45838e-06
1.23626e+07  2.42500e-02  -1.59988e-05
1.23881e+07  2.42000e-02  5.73824e-06
1.24138e+07  2.41500e-02  -2.82449e-06
1.24395e+07  2.41000e-02  -1.00922e-05
1.24654e+07  2.40500e-02  -4.17110e-06
1.24914e+07  2.40000e-02  -4.85126e-06
1.25174e+07  2.39500e-02  -4.87155e-06
1.25436e+07  2.39000e-02  -1.58209e-06
1.25699e+07  2.38500e-02  8.37718e-06
1.25963e+07  2.38000e-02  -1.64630e-06
1.26228e+07  2.37500e-02  -7.72021e-06
1.26495e+07  2.37000e-02  2.96238e-06
1.26762e+07  2.36500e-02  -2.47594e-05
1.27031e+07  2.36000e-02  2.19853e-06
1.27300e+07  2.35500e-02  -7.39750e-06
1.27571e+07  2.35000e-02  -9.56501e-06
1.27843e+07  2.34500e-02  -4.87374e-06
1.28116e+07  2.34000e-02  -8.31135e-07
1.28391e+07  2.33500e-02  3.95575e-06
1.28666e+07  2.33000e-02  3.65738e-07
1.28943e+07  2.32500e-02  -6.82677e-06
1.29221e+07  2.32000e-02  -4.14422e-06
1.29500e+07  2.31500e-02  -1.07862e-05
1.29780e+07  2.31000e-02  -1.55634e-06
1.30062e+07  2.30500e-02  -2.47209e-06
1.30345e+07  2.30000e-02  -1.64432e-05
1.30629e+07  2.29500e-02  -6.14401e-08
1.30914e+07  2.29000e-02  -2.32040e-06
1.31200e+07  2.28500e-02  4.60019e-06
1.31488e+07  2.28000e-02  -1.27438e-05
1.31777e+07  2.27500e-02  -2.90277e-06
1.32067e+07  2.27000e-02  2.75728e-06
1.32359e+07  2.26500e-02  -1.26709e-05
1.32652e+07  2.26000e-02  -1.62097e-05
1.32946e+07  2.25500e-02  3.24523e-06
1.33241e+07  2.25000e-02  -7.04085e-06
1.33538e+07  2.24500e-02  -2.99537e-06
1.33836e+07  2.24000e-02  -3.26093e-06
1.34135e+07  2.23500e-02  -5.64837e-06
1.34436e+07  2.23000e-02  -3.12522e-07
1.34738e+07  2.22500e-02  -2.06743e-06
1.35042e+07  2.22000e-02  -9.25956e-07
1.35346e+07  2.21500e-02  -1.07700e-05
1.35653e+07  2.21000e-02  -1.72870e-06
1.35960e+07  2.20500e-02  -2.84442e-06
1.36269e+07  2.20000e-02  -8.28485e-06
1.36580e+07  2.19500e-02  -1.07979e-05
1.36892e+07  2.19000e-02  -1.36682e-05
1.37205e+07  2.18500e-02  -5.46877e-06
1.37519e+07  2.18000e-02  -7.97270e-09
1.37836e+07  2.17500e-02  -1.22727e-05
1.38153e+07  2.17000e-02  -3.24019e-06
1.38472e+07  2.16500e-02  -7.34323e-06
1.38793e+07  2.16000e-02  8.94962e-06
1.39115e+07  2.15500e-02  2.44951e-06
1.39438e+07  2.15000e-02  1.12954e-05
1.39763e+07  2.14500e-02  2.13761e-06
1.40090e+07  2.14000e-02  -5.19208e-06
1.40418e+07  2.13500e-02  -6.08596e-07
1.40748e+07  2.13000e-02  -2.67555e-06
1.41079e+07  2.12500e-02  2.57905e-06
1.41412e+07  2.12000e-02  -6.22472e-06
1.41746e+07  2.11500e-02  1.20263e-05
1.42082e+07  2.11000e-02  1.05857e-05
1.42419e+07  2.10500e-02  1.36210e-05
1.42758e+07  2.10000e-02  -1.30387e-05
1.43099e+07  2.09500e-02  -1.81709e-06
1.43441e+07  2.09000e-02  5.60651e-06
1.43785e+07  2.08500e-02  6.72614e-06
1.44131e+07  2.08000e-02  -3.16667e-06
1.44478e+07  2.07500e-02  4.52044e-06
1.44827e+07  2.07000e-02  -4.59333e-06
1.45178e+07  2.06500e-02  -3.05753e-06
1.45530e+07  2.06000e-02  -2.98903e-05
1.45884e+07  2.05500e-02  -8.49847e-06
1.46240e+07  2.05000e-02  -1.48086e-05
1.46598e+07  2.04500e-02  1.07630e-05
1.46957e+07  2.04000e-02  -1.51968e-05
1.47318e+07  2.03500e-02  -4.95277e-06
1.47681e+07  2.03000e-02  -1.43419e-05
1.48046e+07  2.02500e-02  7.88555e-06
1.48412e+07  2.02000e-02  1.48985e-05
1.48780e+07  2.01500e-02  -7.64038e-06
1.49150e+07  2.01000e-02  -1.74068e-05
1.49522e+07  2.00500e-02  -2.51393e-05
1.49896e+07  2.00000e-02  -2.05410e-05
