KECKLRIS_R
frq          wvl          transmission
[GHz]        [micron]                 
5.72361e+05  5.23782e-01  1.00309e-03
5.72094e+05  5.24027e-01  1.38147e-03
5.71825e+05  5.24273e-01  1.41212e-03
5.71557e+05  5.24519e-01  1.28648e-03
5.71290e+05  5.24764e-01  1.28531e-03
5.71022e+05  5.25010e-01  1.40338e-03
5.70755e+05  5.25256e-01  1.38880e-03
5.70488e+05  5.25502e-01  1.31450e-03
5.70222e+05  5.25747e-01  1.32795e-03
5.69955e+05  5.25993e-01  1.41933e-03
5.69689e+05  5.26239e-01  1.39250e-03
5.69423e+05  5.26485e-01  1.34949e-03
5.69158e+05  5.26730e-01  1.55658e-03
5.68892e+05  5.26976e-01  1.57379e-03
5.68627e+05  5.27222e-01  1.43688e-03
5.68361e+05  5.27468e-01  1.44831e-03
5.68098e+05  5.27713e-01  1.37328e-03
5.67833e+05  5.27959e-01  1.39868e-03
5.67568e+05  5.28205e-01  1.41826e-03
5.67305e+05  5.28450e-01  1.51863e-03
5.67041e+05  5.28696e-01  1.55066e-03
5.66778e+05  5.28942e-01  1.45780e-03
5.66514e+05  5.29188e-01  1.38901e-03
5.66252e+05  5.29433e-01  1.25804e-03
5.65989e+05  5.29679e-01  1.07621e-03
5.65726e+05  5.29925e-01  1.32180e-03
5.65464e+05  5.30171e-01  1.46694e-03
5.65203e+05  5.30416e-01  1.43991e-03
5.64941e+05  5.30662e-01  1.20956e-03
5.64679e+05  5.30908e-01  1.39883e-03
5.64418e+05  5.31153e-01  1.41473e-03
5.64157e+05  5.31399e-01  1.45917e-03
5.63896e+05  5.31645e-01  1.56597e-03
5.63635e+05  5.31891e-01  1.37554e-03
5.63376e+05  5.32136e-01  1.46036e-03
5.63115e+05  5.32382e-01  1.39164e-03
5.62855e+05  5.32628e-01  1.44849e-03
5.62595e+05  5.32874e-01  1.50244e-03
5.62337e+05  5.33119e-01  1.39573e-03
5.62077e+05  5.33365e-01  1.24923e-03
5.61818e+05  5.33611e-01  1.28999e-03
5.61559e+05  5.33857e-01  1.53339e-03
5.61302e+05  5.34102e-01  1.66758e-03
5.61043e+05  5.34348e-01  1.52459e-03
5.60785e+05  5.34594e-01  1.46227e-03
5.60528e+05  5.34839e-01  1.43604e-03
5.60271e+05  5.35085e-01  1.63860e-03
5.60013e+05  5.35331e-01  1.63073e-03
5.59756e+05  5.35577e-01  1.40743e-03
5.59500e+05  5.35822e-01  1.40684e-03
5.59243e+05  5.36068e-01  1.46399e-03
5.58987e+05  5.36314e-01  1.58906e-03
5.58731e+05  5.36560e-01  1.59673e-03
5.58476e+05  5.36805e-01  1.70336e-03
5.58220e+05  5.37051e-01  1.75984e-03
5.57964e+05  5.37297e-01  1.66515e-03
5.57710e+05  5.37542e-01  1.65079e-03
5.57455e+05  5.37788e-01  1.65516e-03
5.57200e+05  5.38034e-01  1.61348e-03
5.56945e+05  5.38280e-01  1.74467e-03
5.56692e+05  5.38525e-01  1.99757e-03
5.56438e+05  5.38771e-01  1.75699e-03
5.56184e+05  5.39017e-01  1.85137e-03
5.55930e+05  5.39263e-01  1.82250e-03
5.55678e+05  5.39508e-01  2.02683e-03
5.55424e+05  5.39754e-01  1.87937e-03
5.55171e+05  5.40000e-01  1.92336e-03
5.54918e+05  5.40246e-01  1.97543e-03
5.54667e+05  5.40491e-01  2.05722e-03
5.54415e+05  5.40737e-01  1.95486e-03
5.54162e+05  5.40983e-01  2.04283e-03
5.53912e+05  5.41228e-01  1.99240e-03
5.53660e+05  5.41474e-01  1.96291e-03
5.53409e+05  5.41720e-01  2.04007e-03
5.53157e+05  5.41966e-01  1.99421e-03
5.52907e+05  5.42211e-01  1.90071e-03
5.52657e+05  5.42457e-01  1.81629e-03
5.52406e+05  5.42703e-01  1.94293e-03
5.52156e+05  5.42949e-01  1.89865e-03
5.51907e+05  5.43194e-01  1.88398e-03
5.51657e+05  5.43440e-01  1.96253e-03
5.51407e+05  5.43686e-01  1.91517e-03
5.51159e+05  5.43931e-01  1.77042e-03
5.50910e+05  5.44177e-01  1.96856e-03
5.50661e+05  5.44423e-01  2.02175e-03
5.50412e+05  5.44669e-01  2.00792e-03
5.50165e+05  5.44914e-01  2.24691e-03
5.49916e+05  5.45160e-01  2.21904e-03
5.49668e+05  5.45406e-01  2.11604e-03
5.49421e+05  5.45652e-01  2.25429e-03
5.49174e+05  5.45897e-01  2.19737e-03
5.48927e+05  5.46143e-01  1.99140e-03
5.48680e+05  5.46389e-01  2.18833e-03
5.48433e+05  5.46635e-01  2.17037e-03
5.48187e+05  5.46880e-01  2.24536e-03
5.47940e+05  5.47126e-01  2.23027e-03
5.47694e+05  5.47372e-01  2.41627e-03
5.47449e+05  5.47617e-01  2.42129e-03
5.47203e+05  5.47863e-01  2.47239e-03
5.46958e+05  5.48109e-01  2.52827e-03
5.46712e+05  5.48355e-01  2.40524e-03
5.46468e+05  5.48600e-01  2.54669e-03
5.46223e+05  5.48846e-01  2.51463e-03
5.45979e+05  5.49092e-01  2.43275e-03
5.45734e+05  5.49338e-01  2.57835e-03
5.45491e+05  5.49583e-01  2.75857e-03
5.45247e+05  5.49829e-01  2.62748e-03
5.45003e+05  5.50075e-01  2.56377e-03
5.44760e+05  5.50320e-01  2.70829e-03
5.44517e+05  5.50566e-01  2.86088e-03
5.44274e+05  5.50812e-01  2.89649e-03
5.44031e+05  5.51058e-01  2.82585e-03
5.43789e+05  5.51303e-01  2.90697e-03
5.43546e+05  5.51549e-01  3.03041e-03
5.43304e+05  5.51795e-01  3.13889e-03
5.43062e+05  5.52041e-01  3.30131e-03
5.42821e+05  5.52286e-01  3.55803e-03
5.42579e+05  5.52532e-01  3.49242e-03
5.42338e+05  5.52778e-01  3.67331e-03
5.42097e+05  5.53024e-01  4.07820e-03
5.41857e+05  5.53269e-01  4.31173e-03
5.41616e+05  5.53515e-01  4.62348e-03
5.41375e+05  5.53761e-01  5.19126e-03
5.41136e+05  5.54006e-01  5.35745e-03
5.40896e+05  5.54252e-01  5.86840e-03
5.40656e+05  5.54498e-01  6.45158e-03
5.40416e+05  5.54744e-01  7.28731e-03
5.40177e+05  5.54989e-01  7.81757e-03
5.39938e+05  5.55235e-01  8.65754e-03
5.39699e+05  5.55481e-01  9.73419e-03
5.39460e+05  5.55727e-01  1.09865e-02
5.39222e+05  5.55972e-01  1.24037e-02
5.38984e+05  5.56218e-01  1.38201e-02
5.38745e+05  5.56464e-01  1.54720e-02
5.38508e+05  5.56709e-01  1.71637e-02
5.38271e+05  5.56955e-01  1.92163e-02
5.38033e+05  5.57201e-01  2.16478e-02
5.37795e+05  5.57447e-01  2.39840e-02
5.37559e+05  5.57692e-01  2.68926e-02
5.37322e+05  5.57938e-01  2.99776e-02
5.37085e+05  5.58184e-01  3.34150e-02
5.36849e+05  5.58430e-01  3.68526e-02
5.36613e+05  5.58675e-01  4.08154e-02
5.36377e+05  5.58921e-01  4.52992e-02
5.36141e+05  5.59167e-01  4.96846e-02
5.35906e+05  5.59412e-01  5.45245e-02
5.35671e+05  5.59658e-01  5.98146e-02
5.35435e+05  5.59904e-01  6.54290e-02
5.35200e+05  5.60150e-01  7.16074e-02
5.34966e+05  5.60395e-01  7.77711e-02
5.34732e+05  5.60641e-01  8.42508e-02
5.34497e+05  5.60887e-01  9.14309e-02
5.34263e+05  5.61133e-01  9.87000e-02
5.34030e+05  5.61378e-01  1.06398e-01
5.33796e+05  5.61624e-01  1.14257e-01
5.33562e+05  5.61870e-01  1.22594e-01
5.33328e+05  5.62116e-01  1.31036e-01
5.33096e+05  5.62361e-01  1.39736e-01
5.32863e+05  5.62607e-01  1.48741e-01
5.32630e+05  5.62853e-01  1.58214e-01
5.32398e+05  5.63098e-01  1.67805e-01
5.32166e+05  5.63344e-01  1.77837e-01
5.31934e+05  5.63590e-01  1.87586e-01
5.31702e+05  5.63836e-01  1.97762e-01
5.31471e+05  5.64081e-01  2.08130e-01
5.31239e+05  5.64327e-01  2.18465e-01
5.31007e+05  5.64573e-01  2.29302e-01
5.30776e+05  5.64819e-01  2.39913e-01
5.30546e+05  5.65064e-01  2.50677e-01
5.30315e+05  5.65310e-01  2.61510e-01
5.30084e+05  5.65556e-01  2.72355e-01
5.29855e+05  5.65801e-01  2.83389e-01
5.29625e+05  5.66047e-01  2.94426e-01
5.29395e+05  5.66293e-01  3.05663e-01
5.29165e+05  5.66539e-01  3.16444e-01
5.28936e+05  5.66784e-01  3.27215e-01
5.28707e+05  5.67030e-01  3.38139e-01
5.28477e+05  5.67276e-01  3.48933e-01
5.28248e+05  5.67522e-01  3.59810e-01
5.28020e+05  5.67767e-01  3.70275e-01
5.27792e+05  5.68013e-01  3.80942e-01
5.27563e+05  5.68259e-01  3.91528e-01
5.27335e+05  5.68505e-01  4.01683e-01
5.27108e+05  5.68750e-01  4.11974e-01
5.26880e+05  5.68996e-01  4.22043e-01
5.26652e+05  5.69242e-01  4.31968e-01
5.26425e+05  5.69487e-01  4.41952e-01
5.26198e+05  5.69733e-01  4.51828e-01
5.25971e+05  5.69979e-01  4.61303e-01
5.25744e+05  5.70225e-01  4.70581e-01
5.25518e+05  5.70470e-01  4.79708e-01
5.25292e+05  5.70716e-01  4.88924e-01
5.25066e+05  5.70962e-01  4.97931e-01
5.24839e+05  5.71208e-01  5.06547e-01
5.24614e+05  5.71453e-01  5.14633e-01
5.24389e+05  5.71699e-01  5.22771e-01
5.24163e+05  5.71945e-01  5.31362e-01
5.23939e+05  5.72190e-01  5.39827e-01
5.23713e+05  5.72436e-01  5.47256e-01
5.23489e+05  5.72682e-01  5.54683e-01
5.23264e+05  5.72928e-01  5.62421e-01
5.23040e+05  5.73173e-01  5.69816e-01
5.22816e+05  5.73419e-01  5.76511e-01
5.22592e+05  5.73665e-01  5.83808e-01
5.22368e+05  5.73911e-01  5.90769e-01
5.22145e+05  5.74156e-01  5.97008e-01
5.21921e+05  5.74402e-01  6.03140e-01
5.21698e+05  5.74648e-01  6.09412e-01
5.21474e+05  5.74894e-01  6.15835e-01
5.21252e+05  5.75139e-01  6.21868e-01
5.21029e+05  5.75385e-01  6.27425e-01
5.20807e+05  5.75631e-01  6.32950e-01
5.20585e+05  5.75876e-01  6.38213e-01
5.20363e+05  5.76122e-01  6.43711e-01
5.20141e+05  5.76368e-01  6.48425e-01
5.19919e+05  5.76614e-01  6.53842e-01
5.19698e+05  5.76859e-01  6.59012e-01
5.19476e+05  5.77105e-01  6.63312e-01
5.19255e+05  5.77351e-01  6.67557e-01
5.19034e+05  5.77597e-01  6.72234e-01
5.18814e+05  5.77842e-01  6.76355e-01
5.18593e+05  5.78088e-01  6.80637e-01
5.18373e+05  5.78334e-01  6.84897e-01
5.18153e+05  5.78579e-01  6.88605e-01
5.17933e+05  5.78825e-01  6.92223e-01
5.17713e+05  5.79071e-01  6.96177e-01
5.17493e+05  5.79317e-01  6.99792e-01
5.17274e+05  5.79562e-01  7.03148e-01
5.17055e+05  5.79808e-01  7.06477e-01
5.16835e+05  5.80054e-01  7.09677e-01
5.16616e+05  5.80300e-01  7.12803e-01
5.16398e+05  5.80545e-01  7.15642e-01
5.16180e+05  5.80791e-01  7.18847e-01
5.15961e+05  5.81037e-01  7.21737e-01
5.15743e+05  5.81283e-01  7.24374e-01
5.15525e+05  5.81528e-01  7.26783e-01
5.15307e+05  5.81774e-01  7.29539e-01
5.15090e+05  5.82020e-01  7.31743e-01
5.14873e+05  5.82265e-01  7.34224e-01
5.14655e+05  5.82511e-01  7.36653e-01
5.14438e+05  5.82757e-01  7.38585e-01
5.14221e+05  5.83003e-01  7.41027e-01
5.14005e+05  5.83248e-01  7.43392e-01
5.13788e+05  5.83494e-01  7.45143e-01
5.13572e+05  5.83740e-01  7.46990e-01
5.13356e+05  5.83986e-01  7.48526e-01
5.13140e+05  5.84231e-01  7.50116e-01
5.12924e+05  5.84477e-01  7.51951e-01
5.12709e+05  5.84723e-01  7.53812e-01
5.12494e+05  5.84968e-01  7.55596e-01
5.12278e+05  5.85214e-01  7.57131e-01
5.12063e+05  5.85460e-01  7.58729e-01
5.11848e+05  5.85706e-01  7.59578e-01
5.11634e+05  5.85951e-01  7.60767e-01
5.11419e+05  5.86197e-01  7.62320e-01
5.11205e+05  5.86443e-01  7.63459e-01
5.10990e+05  5.86689e-01  7.64501e-01
5.10777e+05  5.86934e-01  7.65572e-01
5.10563e+05  5.87180e-01  7.66557e-01
5.10349e+05  5.87426e-01  7.67868e-01
5.10136e+05  5.87672e-01  7.69020e-01
5.09923e+05  5.87917e-01  7.69696e-01
5.09710e+05  5.88163e-01  7.70337e-01
5.09497e+05  5.88409e-01  7.71434e-01
5.09285e+05  5.88654e-01  7.72569e-01
5.09072e+05  5.88900e-01  7.72720e-01
5.08859e+05  5.89146e-01  7.73506e-01
5.08647e+05  5.89392e-01  7.74615e-01
5.08436e+05  5.89637e-01  7.75281e-01
5.08224e+05  5.89883e-01  7.75551e-01
5.08012e+05  5.90129e-01  7.75986e-01
5.07800e+05  5.90375e-01  7.76579e-01
5.07589e+05  5.90620e-01  7.77082e-01
5.07378e+05  5.90866e-01  7.77432e-01
5.07167e+05  5.91112e-01  7.77837e-01
5.06957e+05  5.91357e-01  7.77828e-01
5.06746e+05  5.91603e-01  7.78544e-01
5.06535e+05  5.91849e-01  7.78883e-01
5.06325e+05  5.92095e-01  7.79326e-01
5.06116e+05  5.92340e-01  7.79927e-01
5.05905e+05  5.92586e-01  7.80207e-01
5.05695e+05  5.92832e-01  7.80352e-01
5.05486e+05  5.93078e-01  7.80391e-01
5.05277e+05  5.93323e-01  7.80187e-01
5.05068e+05  5.93569e-01  7.80415e-01
5.04858e+05  5.93815e-01  7.80713e-01
5.04649e+05  5.94061e-01  7.80852e-01
5.04441e+05  5.94306e-01  7.80923e-01
5.04233e+05  5.94552e-01  7.80728e-01
5.04024e+05  5.94798e-01  7.81162e-01
5.03816e+05  5.95043e-01  7.81137e-01
5.03608e+05  5.95289e-01  7.80813e-01
5.03400e+05  5.95535e-01  7.80921e-01
5.03192e+05  5.95781e-01  7.80815e-01
5.02986e+05  5.96026e-01  7.80743e-01
5.02778e+05  5.96272e-01  7.80397e-01
5.02571e+05  5.96518e-01  7.80143e-01
5.02364e+05  5.96764e-01  7.80446e-01
5.02157e+05  5.97009e-01  7.80472e-01
5.01951e+05  5.97255e-01  7.80321e-01
5.01744e+05  5.97501e-01  7.80008e-01
5.01538e+05  5.97746e-01  7.80103e-01
5.01332e+05  5.97992e-01  7.79679e-01
5.01126e+05  5.98238e-01  7.79350e-01
5.00920e+05  5.98484e-01  7.78876e-01
5.00715e+05  5.98729e-01  7.78494e-01
5.00509e+05  5.98975e-01  7.78368e-01
5.00304e+05  5.99221e-01  7.77971e-01
5.00098e+05  5.99467e-01  7.77862e-01
4.99894e+05  5.99712e-01  7.77600e-01
4.99689e+05  5.99958e-01  7.76962e-01
4.99484e+05  6.00204e-01  7.76460e-01
4.99280e+05  6.00449e-01  7.76296e-01
4.99076e+05  6.00695e-01  7.76127e-01
4.98872e+05  6.00941e-01  7.75451e-01
4.98668e+05  6.01187e-01  7.74848e-01
4.98464e+05  6.01432e-01  7.74844e-01
4.98261e+05  6.01678e-01  7.74109e-01
4.98057e+05  6.01924e-01  7.73647e-01
4.97854e+05  6.02170e-01  7.73233e-01
4.97651e+05  6.02415e-01  7.72594e-01
4.97448e+05  6.02661e-01  7.72242e-01
4.97245e+05  6.02907e-01  7.71765e-01
4.97042e+05  6.03153e-01  7.71141e-01
4.96840e+05  6.03398e-01  7.70666e-01
4.96638e+05  6.03644e-01  7.70485e-01
4.96436e+05  6.03890e-01  7.70072e-01
4.96234e+05  6.04135e-01  7.69448e-01
4.96032e+05  6.04381e-01  7.68691e-01
4.95830e+05  6.04627e-01  7.68185e-01
4.95629e+05  6.04873e-01  7.67747e-01
4.95428e+05  6.05118e-01  7.67321e-01
4.95227e+05  6.05364e-01  7.66632e-01
4.95026e+05  6.05610e-01  7.65902e-01
4.94825e+05  6.05856e-01  7.65316e-01
4.94625e+05  6.06101e-01  7.64865e-01
4.94424e+05  6.06347e-01  7.63964e-01
4.94223e+05  6.06593e-01  7.63494e-01
4.94024e+05  6.06838e-01  7.62987e-01
4.93824e+05  6.07084e-01  7.62304e-01
4.93624e+05  6.07330e-01  7.61482e-01
4.93424e+05  6.07576e-01  7.60887e-01
4.93225e+05  6.07821e-01  7.59735e-01
4.93025e+05  6.08067e-01  7.59006e-01
4.92826e+05  6.08313e-01  7.58629e-01
4.92627e+05  6.08559e-01  7.57896e-01
4.92429e+05  6.08804e-01  7.57248e-01
4.92230e+05  6.09050e-01  7.56639e-01
4.92031e+05  6.09296e-01  7.56005e-01
4.91832e+05  6.09542e-01  7.55385e-01
4.91635e+05  6.09787e-01  7.54308e-01
4.91436e+05  6.10033e-01  7.53735e-01
4.91238e+05  6.10279e-01  7.52579e-01
4.91041e+05  6.10524e-01  7.52127e-01
4.90843e+05  6.10770e-01  7.51077e-01
4.90646e+05  6.11016e-01  7.50461e-01
4.90448e+05  6.11262e-01  7.49763e-01
4.90252e+05  6.11507e-01  7.48804e-01
4.90055e+05  6.11753e-01  7.47915e-01
4.89858e+05  6.11999e-01  7.47406e-01
4.89661e+05  6.12245e-01  7.46325e-01
4.89465e+05  6.12490e-01  7.45777e-01
4.89269e+05  6.12736e-01  7.44672e-01
4.89072e+05  6.12982e-01  7.44402e-01
4.88877e+05  6.13227e-01  7.43601e-01
4.88681e+05  6.13473e-01  7.42314e-01
4.88485e+05  6.13719e-01  7.41239e-01
4.88289e+05  6.13965e-01  7.40548e-01
4.88094e+05  6.14210e-01  7.39742e-01
4.87899e+05  6.14456e-01  7.39167e-01
4.87704e+05  6.14702e-01  7.37774e-01
4.87509e+05  6.14948e-01  7.36684e-01
4.87314e+05  6.15193e-01  7.35888e-01
4.87120e+05  6.15439e-01  7.34929e-01
4.86925e+05  6.15685e-01  7.33939e-01
4.86731e+05  6.15931e-01  7.33237e-01
4.86537e+05  6.16176e-01  7.32425e-01
4.86343e+05  6.16422e-01  7.31712e-01
4.86149e+05  6.16668e-01  7.30787e-01
4.85956e+05  6.16913e-01  7.29499e-01
4.85762e+05  6.17159e-01  7.28526e-01
4.85569e+05  6.17405e-01  7.27648e-01
4.85375e+05  6.17651e-01  7.26816e-01
4.85183e+05  6.17896e-01  7.25928e-01
4.84990e+05  6.18142e-01  7.24833e-01
4.84797e+05  6.18388e-01  7.23788e-01
4.84604e+05  6.18634e-01  7.22803e-01
4.84412e+05  6.18879e-01  7.21683e-01
4.84220e+05  6.19125e-01  7.20788e-01
4.84027e+05  6.19371e-01  7.20087e-01
4.83836e+05  6.19616e-01  7.18976e-01
4.83644e+05  6.19862e-01  7.18080e-01
4.83452e+05  6.20108e-01  7.17078e-01
4.83260e+05  6.20354e-01  7.15904e-01
4.83070e+05  6.20599e-01  7.15037e-01
4.82878e+05  6.20845e-01  7.13689e-01
4.82687e+05  6.21091e-01  7.12623e-01
4.82496e+05  6.21337e-01  7.11698e-01
4.82306e+05  6.21582e-01  7.11024e-01
4.82115e+05  6.21828e-01  7.09954e-01
4.81924e+05  6.22074e-01  7.08763e-01
4.81734e+05  6.22320e-01  7.07980e-01
4.81544e+05  6.22565e-01  7.06319e-01
4.81354e+05  6.22811e-01  7.05865e-01
4.81164e+05  6.23057e-01  7.04845e-01
4.80975e+05  6.23302e-01  7.03825e-01
4.80785e+05  6.23548e-01  7.02618e-01
4.80595e+05  6.23794e-01  7.01641e-01
4.80406e+05  6.24040e-01  7.00215e-01
4.80217e+05  6.24285e-01  6.99365e-01
4.80028e+05  6.24531e-01  6.98409e-01
4.79839e+05  6.24777e-01  6.97403e-01
4.79650e+05  6.25023e-01  6.96213e-01
4.79462e+05  6.25268e-01  6.94840e-01
4.79274e+05  6.25514e-01  6.93831e-01
4.79085e+05  6.25760e-01  6.93017e-01
4.78898e+05  6.26005e-01  6.91911e-01
4.78710e+05  6.26251e-01  6.90675e-01
4.78522e+05  6.26497e-01  6.89947e-01
4.78334e+05  6.26743e-01  6.88597e-01
4.78147e+05  6.26988e-01  6.87376e-01
4.77960e+05  6.27234e-01  6.86189e-01
4.77772e+05  6.27480e-01  6.84936e-01
4.77585e+05  6.27726e-01  6.84023e-01
4.77399e+05  6.27971e-01  6.82938e-01
4.77212e+05  6.28217e-01  6.82013e-01
4.77025e+05  6.28463e-01  6.81040e-01
4.76838e+05  6.28709e-01  6.79571e-01
4.76652e+05  6.28954e-01  6.78781e-01
4.76466e+05  6.29200e-01  6.77603e-01
4.76280e+05  6.29446e-01  6.76285e-01
4.76095e+05  6.29691e-01  6.74985e-01
4.75909e+05  6.29937e-01  6.74257e-01
4.75723e+05  6.30183e-01  6.73189e-01
4.75537e+05  6.30429e-01  6.72013e-01
4.75352e+05  6.30674e-01  6.71036e-01
4.75167e+05  6.30920e-01  6.69663e-01
4.74982e+05  6.31166e-01  6.68518e-01
4.74797e+05  6.31412e-01  6.67736e-01
4.74613e+05  6.31657e-01  6.66310e-01
4.74428e+05  6.31903e-01  6.65316e-01
4.74243e+05  6.32149e-01  6.64053e-01
4.74060e+05  6.32394e-01  6.62786e-01
4.73875e+05  6.32640e-01  6.61811e-01
4.73691e+05  6.32886e-01  6.60759e-01
4.73507e+05  6.33132e-01  6.59524e-01
4.73324e+05  6.33377e-01  6.58070e-01
4.73140e+05  6.33623e-01  6.56854e-01
4.72956e+05  6.33869e-01  6.55700e-01
4.72773e+05  6.34115e-01  6.54920e-01
4.72590e+05  6.34360e-01  6.53902e-01
4.72407e+05  6.34606e-01  6.52519e-01
4.72224e+05  6.34852e-01  6.51564e-01
4.72042e+05  6.35097e-01  6.50448e-01
4.71859e+05  6.35343e-01  6.49207e-01
4.71677e+05  6.35589e-01  6.47821e-01
4.71494e+05  6.35835e-01  6.46678e-01
4.71313e+05  6.36080e-01  6.45559e-01
4.71130e+05  6.36326e-01  6.44676e-01
4.70948e+05  6.36572e-01  6.43316e-01
4.70766e+05  6.36818e-01  6.42241e-01
4.70585e+05  6.37063e-01  6.41041e-01
4.70404e+05  6.37309e-01  6.39890e-01
4.70222e+05  6.37555e-01  6.38717e-01
4.70041e+05  6.37801e-01  6.37508e-01
4.69860e+05  6.38046e-01  6.36479e-01
4.69679e+05  6.38292e-01  6.35308e-01
4.69498e+05  6.38538e-01  6.34219e-01
4.69318e+05  6.38783e-01  6.33094e-01
4.69137e+05  6.39029e-01  6.31808e-01
4.68957e+05  6.39275e-01  6.30496e-01
4.68777e+05  6.39521e-01  6.29218e-01
4.68597e+05  6.39766e-01  6.28084e-01
4.68417e+05  6.40012e-01  6.26844e-01
4.68237e+05  6.40258e-01  6.25691e-01
4.68057e+05  6.40504e-01  6.24943e-01
4.67878e+05  6.40749e-01  6.23724e-01
4.67699e+05  6.40995e-01  6.22039e-01
4.67519e+05  6.41241e-01  6.21019e-01
4.67341e+05  6.41486e-01  6.20087e-01
4.67161e+05  6.41732e-01  6.18799e-01
4.66982e+05  6.41978e-01  6.17425e-01
4.66804e+05  6.42224e-01  6.16287e-01
4.66626e+05  6.42469e-01  6.15380e-01
4.66447e+05  6.42715e-01  6.14200e-01
4.66268e+05  6.42961e-01  6.12990e-01
4.66090e+05  6.43207e-01  6.11477e-01
4.65913e+05  6.43452e-01  6.10403e-01
4.65735e+05  6.43698e-01  6.09190e-01
4.65557e+05  6.43944e-01  6.08131e-01
4.65379e+05  6.44190e-01  6.07161e-01
4.65202e+05  6.44435e-01  6.05576e-01
4.65024e+05  6.44681e-01  6.04247e-01
4.64847e+05  6.44927e-01  6.03283e-01
4.64671e+05  6.45172e-01  6.02098e-01
4.64493e+05  6.45418e-01  6.00763e-01
4.64317e+05  6.45664e-01  5.99707e-01
4.64140e+05  6.45910e-01  5.98357e-01
4.63964e+05  6.46155e-01  5.96985e-01
4.63787e+05  6.46401e-01  5.96151e-01
4.63611e+05  6.46647e-01  5.94940e-01
4.63434e+05  6.46893e-01  5.93470e-01
4.63259e+05  6.47138e-01  5.92567e-01
4.63083e+05  6.47384e-01  5.91166e-01
4.62907e+05  6.47630e-01  5.89992e-01
4.62732e+05  6.47875e-01  5.88544e-01
4.62556e+05  6.48121e-01  5.87444e-01
4.62381e+05  6.48367e-01  5.86461e-01
4.62205e+05  6.48613e-01  5.85365e-01
4.62031e+05  6.48858e-01  5.83935e-01
4.61856e+05  6.49104e-01  5.82836e-01
4.61681e+05  6.49350e-01  5.81488e-01
4.61506e+05  6.49596e-01  5.80060e-01
4.61332e+05  6.49841e-01  5.78909e-01
4.61157e+05  6.50087e-01  5.77629e-01
4.60983e+05  6.50333e-01  5.76593e-01
4.60809e+05  6.50579e-01  5.75405e-01
4.60635e+05  6.50824e-01  5.74246e-01
4.60461e+05  6.51070e-01  5.72934e-01
4.60287e+05  6.51316e-01  5.71716e-01
4.60114e+05  6.51561e-01  5.70656e-01
4.59941e+05  6.51807e-01  5.69245e-01
4.59767e+05  6.52053e-01  5.68203e-01
4.59594e+05  6.52299e-01  5.67052e-01
4.59421e+05  6.52544e-01  5.65782e-01
4.59248e+05  6.52790e-01  5.64514e-01
4.59075e+05  6.53036e-01  5.63262e-01
4.58902e+05  6.53282e-01  5.62107e-01
4.58730e+05  6.53527e-01  5.60701e-01
4.58557e+05  6.53773e-01  5.59616e-01
4.58385e+05  6.54019e-01  5.58746e-01
4.58213e+05  6.54264e-01  5.57577e-01
4.58041e+05  6.54510e-01  5.56133e-01
4.57869e+05  6.54756e-01  5.54473e-01
4.57697e+05  6.55002e-01  5.53277e-01
4.57526e+05  6.55247e-01  5.52416e-01
4.57354e+05  6.55493e-01  5.51316e-01
4.57183e+05  6.55739e-01  5.50124e-01
4.57011e+05  6.55985e-01  5.48681e-01
4.56841e+05  6.56230e-01  5.47554e-01
4.56669e+05  6.56476e-01  5.46465e-01
4.56498e+05  6.56722e-01  5.45264e-01
4.56327e+05  6.56968e-01  5.43885e-01
4.56157e+05  6.57213e-01  5.42669e-01
4.55987e+05  6.57459e-01  5.41408e-01
4.55816e+05  6.57705e-01  5.40080e-01
4.55646e+05  6.57950e-01  5.39160e-01
4.55476e+05  6.58196e-01  5.37969e-01
4.55306e+05  6.58442e-01  5.36716e-01
4.55136e+05  6.58688e-01  5.35531e-01
4.54967e+05  6.58933e-01  5.34438e-01
4.54797e+05  6.59179e-01  5.33262e-01
4.54627e+05  6.59425e-01  5.31899e-01
4.54458e+05  6.59671e-01  5.30717e-01
4.54289e+05  6.59916e-01  5.29497e-01
4.54120e+05  6.60162e-01  5.28435e-01
4.53950e+05  6.60408e-01  5.27379e-01
4.53782e+05  6.60653e-01  5.25696e-01
4.53613e+05  6.60899e-01  5.24457e-01
4.53444e+05  6.61145e-01  5.23396e-01
4.53276e+05  6.61391e-01  5.22126e-01
4.53108e+05  6.61636e-01  5.21042e-01
4.52939e+05  6.61882e-01  5.19927e-01
4.52771e+05  6.62128e-01  5.18846e-01
4.52603e+05  6.62374e-01  5.17442e-01
4.52436e+05  6.62619e-01  5.16231e-01
4.52268e+05  6.62865e-01  5.14745e-01
4.52100e+05  6.63111e-01  5.13564e-01
4.51932e+05  6.63357e-01  5.12340e-01
4.51765e+05  6.63602e-01  5.11358e-01
4.51598e+05  6.63848e-01  5.10177e-01
4.51431e+05  6.64094e-01  5.09042e-01
4.51264e+05  6.64339e-01  5.07741e-01
4.51097e+05  6.64585e-01  5.06333e-01
4.50930e+05  6.64831e-01  5.05377e-01
4.50764e+05  6.65077e-01  5.04101e-01
4.50598e+05  6.65322e-01  5.02893e-01
4.50431e+05  6.65568e-01  5.01771e-01
4.50265e+05  6.65814e-01  5.00356e-01
4.50098e+05  6.66060e-01  4.98849e-01
4.49933e+05  6.66305e-01  4.98040e-01
4.49767e+05  6.66551e-01  4.96617e-01
4.49601e+05  6.66797e-01  4.95398e-01
4.49436e+05  6.67042e-01  4.94137e-01
4.49270e+05  6.67288e-01  4.93179e-01
4.49104e+05  6.67534e-01  4.91758e-01
4.48939e+05  6.67780e-01  4.90558e-01
4.48774e+05  6.68025e-01  4.89205e-01
4.48609e+05  6.68271e-01  4.88031e-01
4.48444e+05  6.68517e-01  4.86778e-01
4.48279e+05  6.68763e-01  4.85696e-01
4.48115e+05  6.69008e-01  4.84370e-01
4.47950e+05  6.69254e-01  4.83116e-01
4.47786e+05  6.69500e-01  4.82113e-01
4.47622e+05  6.69745e-01  4.80553e-01
4.47457e+05  6.69991e-01  4.79401e-01
4.47293e+05  6.70237e-01  4.78168e-01
4.47129e+05  6.70483e-01  4.76890e-01
4.46966e+05  6.70728e-01  4.75705e-01
4.46802e+05  6.70974e-01  4.74557e-01
4.46638e+05  6.71220e-01  4.73371e-01
4.46475e+05  6.71466e-01  4.72148e-01
4.46312e+05  6.71711e-01  4.70998e-01
4.46148e+05  6.71957e-01  4.69623e-01
4.45985e+05  6.72203e-01  4.68126e-01
4.45822e+05  6.72449e-01  4.66839e-01
4.45659e+05  6.72694e-01  4.65638e-01
4.45497e+05  6.72940e-01  4.64421e-01
4.45334e+05  6.73186e-01  4.63143e-01
4.45172e+05  6.73431e-01  4.61962e-01
4.45009e+05  6.73677e-01  4.60663e-01
4.44847e+05  6.73923e-01  4.59348e-01
4.44684e+05  6.74169e-01  4.58318e-01
4.44523e+05  6.74414e-01  4.56928e-01
4.44361e+05  6.74660e-01  4.55326e-01
4.44199e+05  6.74906e-01  4.54254e-01
4.44037e+05  6.75152e-01  4.53173e-01
4.43876e+05  6.75397e-01  4.52021e-01
4.43714e+05  6.75643e-01  4.50629e-01
4.43553e+05  6.75889e-01  4.49288e-01
4.43392e+05  6.76134e-01  4.47930e-01
4.43231e+05  6.76380e-01  4.46824e-01
4.43070e+05  6.76626e-01  4.45532e-01
4.42909e+05  6.76872e-01  4.43916e-01
4.42748e+05  6.77117e-01  4.42866e-01
4.42588e+05  6.77363e-01  4.41664e-01
4.42427e+05  6.77609e-01  4.39992e-01
4.42266e+05  6.77855e-01  4.38802e-01
4.42107e+05  6.78100e-01  4.37749e-01
4.41946e+05  6.78346e-01  4.36496e-01
4.41786e+05  6.78592e-01  4.35190e-01
4.41626e+05  6.78838e-01  4.33639e-01
4.41467e+05  6.79083e-01  4.32153e-01
4.41307e+05  6.79329e-01  4.30951e-01
4.41147e+05  6.79575e-01  4.29750e-01
4.40988e+05  6.79820e-01  4.28345e-01
4.40828e+05  6.80066e-01  4.26920e-01
4.40669e+05  6.80312e-01  4.25554e-01
4.40510e+05  6.80558e-01  4.24183e-01
4.40351e+05  6.80803e-01  4.22960e-01
4.40192e+05  6.81049e-01  4.21879e-01
4.40033e+05  6.81295e-01  4.20282e-01
4.39874e+05  6.81541e-01  4.18880e-01
4.39716e+05  6.81786e-01  4.17539e-01
4.39558e+05  6.82032e-01  4.16175e-01
4.39399e+05  6.82278e-01  4.15040e-01
4.39242e+05  6.82523e-01  4.13642e-01
4.39083e+05  6.82769e-01  4.12276e-01
4.38925e+05  6.83015e-01  4.10771e-01
4.38767e+05  6.83261e-01  4.09661e-01
4.38610e+05  6.83506e-01  4.08339e-01
4.38452e+05  6.83752e-01  4.06715e-01
4.38294e+05  6.83998e-01  4.05529e-01
4.38137e+05  6.84244e-01  4.04550e-01
4.37980e+05  6.84489e-01  4.03001e-01
4.37823e+05  6.84735e-01  4.01631e-01
4.37665e+05  6.84981e-01  4.00349e-01
4.37508e+05  6.85227e-01  3.98995e-01
4.37352e+05  6.85472e-01  3.97776e-01
4.37195e+05  6.85718e-01  3.96569e-01
4.37038e+05  6.85964e-01  3.95184e-01
4.36882e+05  6.86209e-01  3.93814e-01
4.36726e+05  6.86455e-01  3.92461e-01
4.36569e+05  6.86701e-01  3.91011e-01
4.36413e+05  6.86947e-01  3.89652e-01
4.36257e+05  6.87192e-01  3.88426e-01
4.36101e+05  6.87438e-01  3.87012e-01
4.35945e+05  6.87684e-01  3.85798e-01
4.35789e+05  6.87930e-01  3.84543e-01
4.35634e+05  6.88175e-01  3.83049e-01
4.35478e+05  6.88421e-01  3.81878e-01
4.35323e+05  6.88667e-01  3.80746e-01
4.35168e+05  6.88912e-01  3.79258e-01
4.35013e+05  6.89158e-01  3.77774e-01
4.34857e+05  6.89404e-01  3.76609e-01
4.34702e+05  6.89650e-01  3.75385e-01
4.34548e+05  6.89895e-01  3.74112e-01
4.34393e+05  6.90141e-01  3.72742e-01
4.34238e+05  6.90387e-01  3.71432e-01
4.34084e+05  6.90633e-01  3.70069e-01
4.33930e+05  6.90878e-01  3.68675e-01
4.33775e+05  6.91124e-01  3.67295e-01
4.33621e+05  6.91370e-01  3.65900e-01
4.33467e+05  6.91616e-01  3.64740e-01
4.33313e+05  6.91861e-01  3.63766e-01
4.33159e+05  6.92107e-01  3.62287e-01
4.33005e+05  6.92353e-01  3.61058e-01
4.32852e+05  6.92598e-01  3.59685e-01
4.32698e+05  6.92844e-01  3.58370e-01
4.32545e+05  6.93090e-01  3.57047e-01
4.32391e+05  6.93336e-01  3.55803e-01
4.32239e+05  6.93581e-01  3.54618e-01
4.32085e+05  6.93827e-01  3.53225e-01
4.31932e+05  6.94073e-01  3.52068e-01
4.31779e+05  6.94319e-01  3.50601e-01
4.31627e+05  6.94564e-01  3.49235e-01
4.31474e+05  6.94810e-01  3.47993e-01
4.31321e+05  6.95056e-01  3.46689e-01
4.31169e+05  6.95301e-01  3.45578e-01
4.31017e+05  6.95547e-01  3.44193e-01
4.30864e+05  6.95793e-01  3.42938e-01
4.30712e+05  6.96039e-01  3.41570e-01
4.30561e+05  6.96284e-01  3.40330e-01
4.30409e+05  6.96530e-01  3.39095e-01
4.30257e+05  6.96776e-01  3.37786e-01
4.30105e+05  6.97022e-01  3.36615e-01
4.29954e+05  6.97267e-01  3.35397e-01
4.29802e+05  6.97513e-01  3.34182e-01
4.29650e+05  6.97759e-01  3.32787e-01
4.29499e+05  6.98005e-01  3.31537e-01
4.29348e+05  6.98250e-01  3.30207e-01
4.29197e+05  6.98496e-01  3.28952e-01
4.29046e+05  6.98742e-01  3.27829e-01
4.28896e+05  6.98987e-01  3.26442e-01
4.28745e+05  6.99233e-01  3.25421e-01
4.28594e+05  6.99479e-01  3.24206e-01
4.28443e+05  6.99725e-01  3.22727e-01
4.28293e+05  6.99970e-01  3.21445e-01
4.28143e+05  7.00216e-01  3.20272e-01
4.27992e+05  7.00462e-01  3.19078e-01
4.27842e+05  7.00708e-01  3.18002e-01
4.27693e+05  7.00953e-01  3.16713e-01
4.27543e+05  7.01199e-01  3.15460e-01
4.27393e+05  7.01445e-01  3.14285e-01
4.27243e+05  7.01690e-01  3.13046e-01
4.27094e+05  7.01936e-01  3.11713e-01
4.26944e+05  7.02182e-01  3.10347e-01
4.26795e+05  7.02428e-01  3.09167e-01
4.26646e+05  7.02673e-01  3.08063e-01
4.26496e+05  7.02919e-01  3.06905e-01
4.26347e+05  7.03165e-01  3.05635e-01
4.26198e+05  7.03411e-01  3.04366e-01
4.26050e+05  7.03656e-01  3.03291e-01
4.25901e+05  7.03902e-01  3.02133e-01
4.25752e+05  7.04148e-01  3.00930e-01
4.25603e+05  7.04394e-01  2.99634e-01
4.25455e+05  7.04639e-01  2.98437e-01
4.25307e+05  7.04885e-01  2.97306e-01
4.25159e+05  7.05131e-01  2.96094e-01
4.25011e+05  7.05376e-01  2.94804e-01
4.24863e+05  7.05622e-01  2.93821e-01
4.24715e+05  7.05868e-01  2.92719e-01
4.24567e+05  7.06114e-01  2.91431e-01
4.24419e+05  7.06359e-01  2.90256e-01
4.24272e+05  7.06605e-01  2.88936e-01
4.24124e+05  7.06851e-01  2.87870e-01
4.23976e+05  7.07097e-01  2.86872e-01
4.23830e+05  7.07342e-01  2.85662e-01
4.23682e+05  7.07588e-01  2.84524e-01
4.23535e+05  7.07834e-01  2.83394e-01
4.23388e+05  7.08079e-01  2.82159e-01
4.23241e+05  7.08325e-01  2.81027e-01
4.23094e+05  7.08571e-01  2.79907e-01
4.22948e+05  7.08817e-01  2.78558e-01
4.22801e+05  7.09062e-01  2.77430e-01
4.22655e+05  7.09308e-01  2.76549e-01
4.22508e+05  7.09554e-01  2.75288e-01
4.22362e+05  7.09800e-01  2.74066e-01
4.22216e+05  7.10045e-01  2.72903e-01
4.22070e+05  7.10291e-01  2.71737e-01
4.21924e+05  7.10537e-01  2.70649e-01
4.21778e+05  7.10782e-01  2.69548e-01
4.21632e+05  7.11028e-01  2.68351e-01
4.21487e+05  7.11274e-01  2.67221e-01
4.21341e+05  7.11520e-01  2.66387e-01
4.21196e+05  7.11765e-01  2.65295e-01
4.21050e+05  7.12011e-01  2.64058e-01
4.20905e+05  7.12257e-01  2.62801e-01
4.20760e+05  7.12503e-01  2.61722e-01
4.20615e+05  7.12748e-01  2.60579e-01
4.20470e+05  7.12994e-01  2.59516e-01
4.20325e+05  7.13240e-01  2.58536e-01
4.20180e+05  7.13486e-01  2.57417e-01
4.20036e+05  7.13731e-01  2.56242e-01
4.19891e+05  7.13977e-01  2.54967e-01
4.19746e+05  7.14223e-01  2.53889e-01
4.19602e+05  7.14468e-01  2.52841e-01
4.19458e+05  7.14714e-01  2.51764e-01
4.19314e+05  7.14960e-01  2.50616e-01
4.19169e+05  7.15206e-01  2.49508e-01
4.19026e+05  7.15451e-01  2.48407e-01
4.18882e+05  7.15697e-01  2.47548e-01
4.18738e+05  7.15943e-01  2.46427e-01
4.18594e+05  7.16189e-01  2.45236e-01
4.18451e+05  7.16434e-01  2.44322e-01
4.18307e+05  7.16680e-01  2.43259e-01
4.18164e+05  7.16926e-01  2.42162e-01
4.18021e+05  7.17171e-01  2.41049e-01
4.17878e+05  7.17417e-01  2.40120e-01
4.17734e+05  7.17663e-01  2.39008e-01
4.17591e+05  7.17909e-01  2.37867e-01
4.17449e+05  7.18154e-01  2.36815e-01
4.17306e+05  7.18400e-01  2.35863e-01
4.17163e+05  7.18646e-01  2.34868e-01
4.17020e+05  7.18892e-01  2.33815e-01
4.16878e+05  7.19137e-01  2.32667e-01
4.16736e+05  7.19383e-01  2.31685e-01
4.16593e+05  7.19629e-01  2.30724e-01
4.16451e+05  7.19875e-01  2.29628e-01
4.16309e+05  7.20120e-01  2.28528e-01
4.16167e+05  7.20366e-01  2.27463e-01
4.16025e+05  7.20612e-01  2.26526e-01
4.15883e+05  7.20857e-01  2.25546e-01
4.15742e+05  7.21103e-01  2.24387e-01
4.15600e+05  7.21349e-01  2.23462e-01
4.15458e+05  7.21595e-01  2.22592e-01
4.15317e+05  7.21840e-01  2.21479e-01
4.15176e+05  7.22086e-01  2.20534e-01
4.15034e+05  7.22332e-01  2.19643e-01
4.14893e+05  7.22578e-01  2.18152e-01
4.14752e+05  7.22823e-01  2.17276e-01
4.14611e+05  7.23069e-01  2.16743e-01
4.14470e+05  7.23315e-01  2.15534e-01
4.14330e+05  7.23560e-01  2.14603e-01
4.14189e+05  7.23806e-01  2.13717e-01
4.14048e+05  7.24052e-01  2.12709e-01
4.13908e+05  7.24298e-01  2.11713e-01
4.13768e+05  7.24543e-01  2.10685e-01
4.13627e+05  7.24789e-01  2.09694e-01
4.13487e+05  7.25035e-01  2.08686e-01
4.13347e+05  7.25281e-01  2.07789e-01
4.13207e+05  7.25526e-01  2.06870e-01
4.13067e+05  7.25772e-01  2.05889e-01
4.12927e+05  7.26018e-01  2.05034e-01
4.12787e+05  7.26264e-01  2.03989e-01
4.12648e+05  7.26509e-01  2.03062e-01
4.12508e+05  7.26755e-01  2.02064e-01
4.12369e+05  7.27001e-01  2.01026e-01
4.12230e+05  7.27246e-01  2.00075e-01
4.12090e+05  7.27492e-01  1.99148e-01
4.11951e+05  7.27738e-01  1.98462e-01
4.11812e+05  7.27984e-01  1.97461e-01
4.11673e+05  7.28229e-01  1.96410e-01
4.11534e+05  7.28475e-01  1.95685e-01
4.11395e+05  7.28721e-01  1.94699e-01
4.11257e+05  7.28967e-01  1.93670e-01
4.11118e+05  7.29212e-01  1.92759e-01
4.10980e+05  7.29458e-01  1.91890e-01
4.10841e+05  7.29704e-01  1.91035e-01
4.10703e+05  7.29949e-01  1.90003e-01
4.10565e+05  7.30195e-01  1.89139e-01
4.10427e+05  7.30441e-01  1.88198e-01
4.10288e+05  7.30687e-01  1.87362e-01
4.10151e+05  7.30932e-01  1.86490e-01
4.10013e+05  7.31178e-01  1.85462e-01
4.09875e+05  7.31424e-01  1.84509e-01
4.09737e+05  7.31670e-01  1.83663e-01
4.09600e+05  7.31915e-01  1.82764e-01
4.09462e+05  7.32161e-01  1.81910e-01
4.09325e+05  7.32407e-01  1.80903e-01
4.09188e+05  7.32653e-01  1.79916e-01
4.09051e+05  7.32898e-01  1.79101e-01
4.08913e+05  7.33144e-01  1.78198e-01
4.08776e+05  7.33390e-01  1.77398e-01
4.08640e+05  7.33635e-01  1.76644e-01
4.08503e+05  7.33881e-01  1.75663e-01
4.08366e+05  7.34127e-01  1.74791e-01
4.08229e+05  7.34373e-01  1.73983e-01
4.08093e+05  7.34618e-01  1.73099e-01
4.07956e+05  7.34864e-01  1.72304e-01
4.07820e+05  7.35110e-01  1.71398e-01
4.07683e+05  7.35356e-01  1.70435e-01
4.07548e+05  7.35601e-01  1.69632e-01
4.07411e+05  7.35847e-01  1.68820e-01
4.07275e+05  7.36093e-01  1.67898e-01
4.07140e+05  7.36338e-01  1.66929e-01
4.07004e+05  7.36584e-01  1.66118e-01
4.06868e+05  7.36830e-01  1.65311e-01
4.06732e+05  7.37076e-01  1.64595e-01
4.06597e+05  7.37321e-01  1.63642e-01
4.06461e+05  7.37567e-01  1.62754e-01
4.06326e+05  7.37813e-01  1.61965e-01
4.06190e+05  7.38059e-01  1.61151e-01
4.06056e+05  7.38304e-01  1.60352e-01
4.05920e+05  7.38550e-01  1.59438e-01
4.05785e+05  7.38796e-01  1.58532e-01
4.05650e+05  7.39042e-01  1.57897e-01
4.05516e+05  7.39287e-01  1.57181e-01
4.05381e+05  7.39533e-01  1.56302e-01
4.05246e+05  7.39779e-01  1.55352e-01
4.05112e+05  7.40024e-01  1.54535e-01
4.04977e+05  7.40270e-01  1.53780e-01
4.04843e+05  7.40516e-01  1.53066e-01
4.04708e+05  7.40762e-01  1.52252e-01
4.04574e+05  7.41007e-01  1.51439e-01
4.04440e+05  7.41253e-01  1.50648e-01
4.04306e+05  7.41499e-01  1.49802e-01
4.04172e+05  7.41745e-01  1.48984e-01
4.04038e+05  7.41990e-01  1.48172e-01
4.03904e+05  7.42236e-01  1.47489e-01
4.03771e+05  7.42482e-01  1.46628e-01
4.03637e+05  7.42727e-01  1.45930e-01
4.03504e+05  7.42973e-01  1.45142e-01
4.03370e+05  7.43219e-01  1.44277e-01
4.03237e+05  7.43465e-01  1.43511e-01
4.03104e+05  7.43710e-01  1.42859e-01
4.02971e+05  7.43956e-01  1.42125e-01
4.02837e+05  7.44202e-01  1.41257e-01
4.02704e+05  7.44448e-01  1.40447e-01
4.02572e+05  7.44693e-01  1.39758e-01
4.02439e+05  7.44939e-01  1.38950e-01
4.02306e+05  7.45185e-01  1.38112e-01
4.02174e+05  7.45430e-01  1.37349e-01
4.02041e+05  7.45676e-01  1.36597e-01
4.01909e+05  7.45922e-01  1.35891e-01
4.01776e+05  7.46168e-01  1.35249e-01
4.01644e+05  7.46413e-01  1.34551e-01
4.01512e+05  7.46659e-01  1.33734e-01
4.01380e+05  7.46905e-01  1.33019e-01
4.01247e+05  7.47151e-01  1.32460e-01
4.01116e+05  7.47396e-01  1.31602e-01
4.00984e+05  7.47642e-01  1.30745e-01
4.00852e+05  7.47888e-01  1.30089e-01
4.00720e+05  7.48134e-01  1.29409e-01
4.00589e+05  7.48379e-01  1.28662e-01
4.00457e+05  7.48625e-01  1.27943e-01
4.00326e+05  7.48871e-01  1.27243e-01
4.00195e+05  7.49116e-01  1.26408e-01
4.00064e+05  7.49362e-01  1.25747e-01
3.99932e+05  7.49608e-01  1.25056e-01
3.99801e+05  7.49854e-01  1.24331e-01
3.99671e+05  7.50099e-01  1.23655e-01
3.99539e+05  7.50345e-01  1.22952e-01
3.99409e+05  7.50591e-01  1.22213e-01
3.99278e+05  7.50837e-01  1.21536e-01
3.99147e+05  7.51082e-01  1.20906e-01
3.99017e+05  7.51328e-01  1.20212e-01
3.98886e+05  7.51574e-01  1.19482e-01
3.98756e+05  7.51819e-01  1.18751e-01
3.98626e+05  7.52065e-01  1.18074e-01
3.98495e+05  7.52311e-01  1.17499e-01
3.98365e+05  7.52557e-01  1.16796e-01
3.98235e+05  7.52802e-01  1.16083e-01
3.98105e+05  7.53048e-01  1.15387e-01
3.97975e+05  7.53294e-01  1.14734e-01
3.97845e+05  7.53540e-01  1.14135e-01
3.97716e+05  7.53785e-01  1.13428e-01
3.97586e+05  7.54031e-01  1.12705e-01
3.97457e+05  7.54277e-01  1.12191e-01
3.97327e+05  7.54523e-01  1.11538e-01
3.97198e+05  7.54768e-01  1.10792e-01
3.97069e+05  7.55014e-01  1.10266e-01
3.96939e+05  7.55260e-01  1.09681e-01
3.96811e+05  7.55505e-01  1.08759e-01
3.96682e+05  7.55751e-01  1.07829e-01
3.96552e+05  7.55997e-01  1.07629e-01
3.96423e+05  7.56243e-01  1.07055e-01
3.96295e+05  7.56488e-01  1.06260e-01
3.96166e+05  7.56734e-01  1.05667e-01
3.96037e+05  7.56980e-01  1.05022e-01
3.95909e+05  7.57226e-01  1.04407e-01
3.95781e+05  7.57471e-01  1.03811e-01
3.95652e+05  7.57717e-01  1.03191e-01
3.95524e+05  7.57963e-01  1.02673e-01
3.95396e+05  7.58208e-01  1.02018e-01
3.95268e+05  7.58454e-01  1.01369e-01
3.95140e+05  7.58700e-01  1.00613e-01
3.95012e+05  7.58946e-01  1.00065e-01
3.94884e+05  7.59191e-01  9.94854e-02
3.94756e+05  7.59437e-01  9.88083e-02
3.94628e+05  7.59683e-01  9.82844e-02
3.94501e+05  7.59929e-01  9.77514e-02
3.94373e+05  7.60174e-01  9.71517e-02
3.94246e+05  7.60420e-01  9.65300e-02
3.94118e+05  7.60666e-01  9.58166e-02
3.93991e+05  7.60912e-01  9.53881e-02
3.93864e+05  7.61157e-01  9.48568e-02
3.93737e+05  7.61403e-01  9.42513e-02
3.93610e+05  7.61649e-01  9.35646e-02
3.93483e+05  7.61894e-01  9.29821e-02
3.93356e+05  7.62140e-01  9.24515e-02
3.93229e+05  7.62386e-01  9.18174e-02
3.93102e+05  7.62632e-01  9.13612e-02
3.92976e+05  7.62877e-01  9.08348e-02
3.92849e+05  7.63123e-01  9.01894e-02
3.92723e+05  7.63369e-01  8.96139e-02
3.92596e+05  7.63615e-01  8.90010e-02
3.92470e+05  7.63860e-01  8.84157e-02
3.92344e+05  7.64106e-01  8.79157e-02
3.92218e+05  7.64352e-01  8.73681e-02
3.92092e+05  7.64597e-01  8.67785e-02
3.91966e+05  7.64843e-01  8.62485e-02
3.91840e+05  7.65089e-01  8.58032e-02
3.91714e+05  7.65335e-01  8.53160e-02
3.91589e+05  7.65580e-01  8.46221e-02
3.91463e+05  7.65826e-01  8.40542e-02
3.91337e+05  7.66072e-01  8.36092e-02
3.91212e+05  7.66318e-01  8.30939e-02
3.91087e+05  7.66563e-01  8.24870e-02
3.90961e+05  7.66809e-01  8.19714e-02
3.90836e+05  7.67055e-01  8.14809e-02
3.90710e+05  7.67301e-01  8.09183e-02
3.90586e+05  7.67546e-01  8.05125e-02
3.90461e+05  7.67792e-01  7.99653e-02
3.90335e+05  7.68038e-01  7.94597e-02
3.90211e+05  7.68283e-01  7.89413e-02
3.90086e+05  7.68529e-01  7.84806e-02
3.89961e+05  7.68775e-01  7.79815e-02
3.89837e+05  7.69021e-01  7.74140e-02
3.89712e+05  7.69266e-01  7.68539e-02
3.89588e+05  7.69512e-01  7.63772e-02
3.89463e+05  7.69758e-01  7.57605e-02
3.89339e+05  7.70004e-01  7.53396e-02
3.89215e+05  7.70249e-01  7.48126e-02
3.89091e+05  7.70495e-01  7.43952e-02
3.88967e+05  7.70741e-01  7.39742e-02
3.88843e+05  7.70986e-01  7.33920e-02
3.88719e+05  7.71232e-01  7.28498e-02
3.88595e+05  7.71478e-01  7.23911e-02
3.88471e+05  7.71724e-01  7.19679e-02
3.88348e+05  7.71969e-01  7.15041e-02
3.88224e+05  7.72215e-01  7.09641e-02
3.88100e+05  7.72461e-01  7.00155e-02
3.87977e+05  7.72707e-01  6.94068e-02
3.87854e+05  7.72952e-01  6.89833e-02
3.87731e+05  7.73198e-01  6.85144e-02
3.87607e+05  7.73444e-01  6.81483e-02
3.87484e+05  7.73690e-01  6.76261e-02
3.87361e+05  7.73935e-01  6.72702e-02
3.87238e+05  7.74181e-01  6.68148e-02
3.87115e+05  7.74427e-01  6.61803e-02
3.86993e+05  7.74672e-01  6.58346e-02
3.86870e+05  7.74918e-01  6.54105e-02
3.86747e+05  7.75164e-01  6.49201e-02
3.86624e+05  7.75410e-01  6.44469e-02
3.86502e+05  7.75655e-01  6.40370e-02
3.86380e+05  7.75901e-01  6.36113e-02
3.86257e+05  7.76147e-01  6.32643e-02
3.86135e+05  7.76393e-01  6.28298e-02
3.86013e+05  7.76638e-01  6.23038e-02
3.85891e+05  7.76884e-01  6.18590e-02
3.85769e+05  7.77130e-01  6.15008e-02
3.85647e+05  7.77375e-01  6.12352e-02
3.85525e+05  7.77621e-01  6.06936e-02
3.85403e+05  7.77867e-01  6.02902e-02
3.85281e+05  7.78113e-01  5.98465e-02
3.85160e+05  7.78358e-01  5.94534e-02
3.85038e+05  7.78604e-01  5.90380e-02
3.84917e+05  7.78850e-01  5.85265e-02
3.84795e+05  7.79096e-01  5.82236e-02
3.84674e+05  7.79341e-01  5.79367e-02
3.84553e+05  7.79587e-01  5.74918e-02
3.84432e+05  7.79833e-01  5.70376e-02
3.84310e+05  7.80079e-01  5.66595e-02
3.84190e+05  7.80324e-01  5.62985e-02
3.84069e+05  7.80570e-01  5.58299e-02
3.83948e+05  7.80816e-01  5.54446e-02
3.83827e+05  7.81061e-01  5.50892e-02
3.83706e+05  7.81307e-01  5.47252e-02
3.83586e+05  7.81553e-01  5.43388e-02
3.83465e+05  7.81799e-01  5.39741e-02
3.83345e+05  7.82044e-01  5.35443e-02
3.83224e+05  7.82290e-01  5.31878e-02
3.83104e+05  7.82536e-01  5.28733e-02
3.82983e+05  7.82782e-01  5.24924e-02
3.82864e+05  7.83027e-01  5.22133e-02
3.82743e+05  7.83273e-01  5.18431e-02
3.82623e+05  7.83519e-01  5.13724e-02
3.82503e+05  7.83764e-01  5.10235e-02
3.82383e+05  7.84010e-01  5.07107e-02
3.82264e+05  7.84256e-01  5.03355e-02
3.82144e+05  7.84502e-01  5.00184e-02
3.82024e+05  7.84747e-01  4.96503e-02
3.81905e+05  7.84993e-01  4.92708e-02
3.81785e+05  7.85239e-01  4.89728e-02
3.81665e+05  7.85485e-01  4.86216e-02
3.81546e+05  7.85730e-01  4.82614e-02
3.81427e+05  7.85976e-01  4.78908e-02
3.81308e+05  7.86222e-01  4.75740e-02
3.81189e+05  7.86467e-01  4.72451e-02
3.81070e+05  7.86713e-01  4.68395e-02
3.80951e+05  7.86959e-01  4.65098e-02
3.80831e+05  7.87205e-01  4.62513e-02
3.80713e+05  7.87450e-01  4.59515e-02
3.80594e+05  7.87696e-01  4.56111e-02
3.80475e+05  7.87942e-01  4.52371e-02
3.80357e+05  7.88188e-01  4.48464e-02
3.80238e+05  7.88433e-01  4.45572e-02
3.80120e+05  7.88679e-01  4.42868e-02
3.80001e+05  7.88925e-01  4.39039e-02
3.79883e+05  7.89171e-01  4.36058e-02
3.79765e+05  7.89416e-01  4.33402e-02
3.79647e+05  7.89662e-01  4.30155e-02
3.79528e+05  7.89908e-01  4.26182e-02
3.79411e+05  7.90153e-01  4.23912e-02
3.79293e+05  7.90399e-01  4.20984e-02
3.79175e+05  7.90645e-01  4.16984e-02
3.79057e+05  7.90891e-01  4.14328e-02
3.78939e+05  7.91136e-01  4.10728e-02
3.78821e+05  7.91382e-01  4.08853e-02
3.78704e+05  7.91628e-01  4.06683e-02
3.78586e+05  7.91874e-01  4.03266e-02
3.78469e+05  7.92119e-01  3.99891e-02
3.78351e+05  7.92365e-01  3.96384e-02
3.78234e+05  7.92611e-01  3.94711e-02
3.78117e+05  7.92856e-01  3.91758e-02
3.78000e+05  7.93102e-01  3.88293e-02
3.77883e+05  7.93348e-01  3.84373e-02
3.77766e+05  7.93594e-01  3.81736e-02
3.77649e+05  7.93839e-01  3.79774e-02
3.77532e+05  7.94085e-01  3.76500e-02
3.77415e+05  7.94331e-01  3.74216e-02
3.77298e+05  7.94577e-01  3.69889e-02
3.77182e+05  7.94822e-01  3.67970e-02
3.77065e+05  7.95068e-01  3.65982e-02
3.76949e+05  7.95314e-01  3.63407e-02
3.76832e+05  7.95560e-01  3.60563e-02
3.76716e+05  7.95805e-01  3.56831e-02
3.76600e+05  7.96051e-01  3.54578e-02
3.76483e+05  7.96297e-01  3.51694e-02
3.76367e+05  7.96542e-01  3.48847e-02
3.76251e+05  7.96788e-01  3.46879e-02
3.76135e+05  7.97034e-01  3.44493e-02
3.76019e+05  7.97280e-01  3.42141e-02
3.75904e+05  7.97525e-01  3.39287e-02
3.75788e+05  7.97771e-01  3.36701e-02
3.75672e+05  7.98017e-01  3.34096e-02
3.75556e+05  7.98263e-01  3.31897e-02
3.75441e+05  7.98508e-01  3.29418e-02
3.75325e+05  7.98754e-01  3.26929e-02
3.75210e+05  7.99000e-01  3.24553e-02
3.75095e+05  7.99245e-01  3.22060e-02
3.74979e+05  7.99491e-01  3.19255e-02
3.74864e+05  7.99737e-01  3.16539e-02
3.74749e+05  7.99983e-01  3.15102e-02
3.74634e+05  8.00228e-01  3.11888e-02
3.74519e+05  8.00474e-01  3.08621e-02
3.74404e+05  8.00720e-01  3.07179e-02
3.74289e+05  8.00966e-01  3.05150e-02
3.74174e+05  8.01211e-01  3.02970e-02
3.74059e+05  8.01457e-01  3.00355e-02
3.73945e+05  8.01703e-01  2.96894e-02
3.73830e+05  8.01949e-01  2.94710e-02
3.73716e+05  8.02194e-01  2.94222e-02
3.73601e+05  8.02440e-01  2.91668e-02
3.73487e+05  8.02686e-01  2.88517e-02
3.73373e+05  8.02931e-01  2.86889e-02
3.73258e+05  8.03177e-01  2.84876e-02
3.73144e+05  8.03423e-01  2.81862e-02
3.73030e+05  8.03669e-01  2.80085e-02
3.72916e+05  8.03914e-01  2.77936e-02
3.72802e+05  8.04160e-01  2.75371e-02
3.72688e+05  8.04406e-01  2.73700e-02
3.72574e+05  8.04652e-01  2.72567e-02
3.72461e+05  8.04897e-01  2.69587e-02
3.72347e+05  8.05143e-01  2.67729e-02
3.72233e+05  8.05389e-01  2.65320e-02
3.72120e+05  8.05634e-01  2.63589e-02
3.72006e+05  8.05880e-01  2.61120e-02
3.71893e+05  8.06126e-01  2.59358e-02
3.71779e+05  8.06372e-01  2.56944e-02
3.71666e+05  8.06617e-01  2.54450e-02
3.71553e+05  8.06863e-01  2.53748e-02
3.71440e+05  8.07109e-01  2.51817e-02
3.71327e+05  8.07355e-01  2.48943e-02
3.71214e+05  8.07600e-01  2.47199e-02
3.71101e+05  8.07846e-01  2.45512e-02
3.70988e+05  8.08092e-01  2.43108e-02
3.70875e+05  8.08338e-01  2.40893e-02
3.70763e+05  8.08583e-01  2.39550e-02
3.70650e+05  8.08829e-01  2.37909e-02
3.70537e+05  8.09075e-01  2.35191e-02
3.70425e+05  8.09320e-01  2.33426e-02
3.70313e+05  8.09566e-01  2.31620e-02
3.70200e+05  8.09812e-01  2.29756e-02
3.70088e+05  8.10058e-01  2.29284e-02
3.69976e+05  8.10303e-01  2.26638e-02
3.69863e+05  8.10549e-01  2.23863e-02
3.69751e+05  8.10795e-01  2.22397e-02
3.69639e+05  8.11041e-01  2.20515e-02
3.69527e+05  8.11286e-01  2.18497e-02
3.69415e+05  8.11532e-01  2.17687e-02
3.69304e+05  8.11778e-01  2.15759e-02
3.69192e+05  8.12023e-01  2.14097e-02
3.69080e+05  8.12269e-01  2.13058e-02
3.68969e+05  8.12515e-01  2.10750e-02
3.68857e+05  8.12761e-01  2.08994e-02
3.68746e+05  8.13006e-01  2.07230e-02
3.68634e+05  8.13252e-01  2.06094e-02
3.68523e+05  8.13498e-01  2.04587e-02
3.68411e+05  8.13744e-01  2.01887e-02
3.68300e+05  8.13989e-01  2.00881e-02
3.68189e+05  8.14235e-01  1.98999e-02
3.68078e+05  8.14481e-01  1.96982e-02
3.67967e+05  8.14727e-01  1.95717e-02
3.67856e+05  8.14972e-01  1.93543e-02
3.67745e+05  8.15218e-01  1.92300e-02
3.67634e+05  8.15464e-01  1.91163e-02
3.67524e+05  8.15709e-01  1.89960e-02
3.67413e+05  8.15955e-01  1.88458e-02
3.67302e+05  8.16201e-01  1.87085e-02
3.67192e+05  8.16447e-01  1.85400e-02
3.67081e+05  8.16692e-01  1.82989e-02
3.66971e+05  8.16938e-01  1.82054e-02
3.66860e+05  8.17184e-01  1.80850e-02
3.66750e+05  8.17430e-01  1.78729e-02
3.66640e+05  8.17675e-01  1.77163e-02
3.66530e+05  8.17921e-01  1.75353e-02
3.66420e+05  8.18167e-01  1.74362e-02
3.66310e+05  8.18412e-01  1.73539e-02
3.66200e+05  8.18658e-01  1.72094e-02
3.66090e+05  8.18904e-01  1.70616e-02
3.65980e+05  8.19150e-01  1.69348e-02
3.65870e+05  8.19395e-01  1.67671e-02
3.65761e+05  8.19641e-01  1.66128e-02
3.65651e+05  8.19887e-01  1.64915e-02
3.65541e+05  8.20133e-01  1.63661e-02
3.65432e+05  8.20378e-01  1.63112e-02
3.65323e+05  8.20624e-01  1.61663e-02
3.65213e+05  8.20870e-01  1.60500e-02
3.65104e+05  8.21115e-01  1.58099e-02
3.64995e+05  8.21361e-01  1.57209e-02
3.64885e+05  8.21607e-01  1.56369e-02
3.64776e+05  8.21853e-01  1.54617e-02
3.64668e+05  8.22098e-01  1.53346e-02
3.64558e+05  8.22344e-01  1.52677e-02
3.64449e+05  8.22590e-01  1.50754e-02
3.64340e+05  8.22836e-01  1.48853e-02
3.64232e+05  8.23081e-01  1.48174e-02
3.64123e+05  8.23327e-01  1.46722e-02
3.64014e+05  8.23573e-01  1.46118e-02
3.63906e+05  8.23819e-01  1.44804e-02
3.63798e+05  8.24064e-01  1.43509e-02
3.63689e+05  8.24310e-01  1.42280e-02
3.63580e+05  8.24556e-01  1.41209e-02
3.63472e+05  8.24801e-01  1.40440e-02
3.63364e+05  8.25047e-01  1.38997e-02
3.63256e+05  8.25293e-01  1.37556e-02
3.63148e+05  8.25539e-01  1.36259e-02
3.63040e+05  8.25784e-01  1.34819e-02
3.62932e+05  8.26030e-01  1.34079e-02
3.62824e+05  8.26276e-01  1.33796e-02
3.62716e+05  8.26522e-01  1.32110e-02
3.62608e+05  8.26767e-01  1.30503e-02
3.62500e+05  8.27013e-01  1.30877e-02
3.62393e+05  8.27259e-01  1.28810e-02
3.62285e+05  8.27504e-01  1.27802e-02
3.62178e+05  8.27750e-01  1.26336e-02
3.62070e+05  8.27996e-01  1.25852e-02
3.61962e+05  8.28242e-01  1.24933e-02
3.61855e+05  8.28487e-01  1.23457e-02
3.61748e+05  8.28733e-01  1.22090e-02
3.61641e+05  8.28979e-01  1.20177e-02
3.61533e+05  8.29225e-01  1.20046e-02
3.61427e+05  8.29470e-01  1.19253e-02
3.61319e+05  8.29716e-01  1.18225e-02
3.61212e+05  8.29962e-01  1.17141e-02
3.61105e+05  8.30208e-01  1.16440e-02
3.60999e+05  8.30453e-01  1.15389e-02
3.60892e+05  8.30699e-01  1.14226e-02
3.60785e+05  8.30945e-01  1.13827e-02
3.60679e+05  8.31190e-01  1.12626e-02
3.60572e+05  8.31436e-01  1.11454e-02
3.60465e+05  8.31682e-01  1.10714e-02
3.60359e+05  8.31928e-01  1.10170e-02
3.60253e+05  8.32173e-01  1.09119e-02
3.60146e+05  8.32419e-01  1.07980e-02
3.60040e+05  8.32665e-01  1.07316e-02
3.59933e+05  8.32911e-01  1.06261e-02
3.59828e+05  8.33156e-01  1.05041e-02
3.59721e+05  8.33402e-01  1.04123e-02
3.59615e+05  8.33648e-01  1.03306e-02
3.59510e+05  8.33893e-01  1.02077e-02
3.59403e+05  8.34139e-01  1.02417e-02
3.59298e+05  8.34385e-01  1.01692e-02
3.59192e+05  8.34631e-01  9.97610e-03
3.59086e+05  8.34876e-01  9.90944e-03
3.58980e+05  8.35122e-01  9.88513e-03
3.58875e+05  8.35368e-01  9.76818e-03
3.58769e+05  8.35614e-01  9.67281e-03
3.58664e+05  8.35859e-01  9.65619e-03
3.58558e+05  8.36105e-01  9.55761e-03
3.58453e+05  8.36351e-01  9.47639e-03
3.58348e+05  8.36597e-01  9.40223e-03
3.58243e+05  8.36842e-01  9.33542e-03
3.58137e+05  8.37088e-01  9.29680e-03
3.58032e+05  8.37334e-01  9.11905e-03
3.57927e+05  8.37579e-01  9.02521e-03
3.57822e+05  8.37825e-01  9.01077e-03
3.57717e+05  8.38071e-01  8.88463e-03
3.57612e+05  8.38317e-01  8.86293e-03
3.57508e+05  8.38562e-01  8.82327e-03
3.57403e+05  8.38808e-01  8.69723e-03
3.57298e+05  8.39054e-01  8.66766e-03
3.57193e+05  8.39300e-01  8.55767e-03
3.57089e+05  8.39545e-01  8.47914e-03
3.56985e+05  8.39791e-01  8.45060e-03
3.56880e+05  8.40037e-01  8.35926e-03
3.56776e+05  8.40282e-01  8.31014e-03
3.56672e+05  8.40528e-01  8.20977e-03
3.56567e+05  8.40774e-01  8.15384e-03
3.56463e+05  8.41020e-01  8.08787e-03
3.56359e+05  8.41265e-01  8.09157e-03
3.56255e+05  8.41511e-01  7.96242e-03
3.56151e+05  8.41757e-01  7.88422e-03
3.56047e+05  8.42003e-01  7.80142e-03
3.55943e+05  8.42248e-01  7.77698e-03
3.55839e+05  8.42494e-01  7.71413e-03
3.55735e+05  8.42740e-01  7.67713e-03
3.55632e+05  8.42986e-01  7.64919e-03
3.55528e+05  8.43231e-01  7.54582e-03
3.55425e+05  8.43477e-01  7.47110e-03
3.55321e+05  8.43723e-01  7.49009e-03
3.55218e+05  8.43968e-01  7.34920e-03
3.55114e+05  8.44214e-01  7.30090e-03
3.55011e+05  8.44460e-01  7.24179e-03
3.54907e+05  8.44706e-01  7.17483e-03
3.54805e+05  8.44951e-01  7.09657e-03
3.54701e+05  8.45197e-01  7.08204e-03
3.54598e+05  8.45443e-01  6.97749e-03
3.54495e+05  8.45689e-01  6.86922e-03
3.54392e+05  8.45934e-01  6.86737e-03
3.54289e+05  8.46180e-01  6.77903e-03
3.54186e+05  8.46426e-01  6.77007e-03
3.54084e+05  8.46671e-01  6.67026e-03
3.53981e+05  8.46917e-01  6.64934e-03
3.53878e+05  8.47163e-01  6.52965e-03
3.53775e+05  8.47409e-01  6.40276e-03
3.53673e+05  8.47654e-01  6.44320e-03
3.53571e+05  8.47900e-01  6.45040e-03
3.53468e+05  8.48146e-01  6.36434e-03
3.53365e+05  8.48392e-01  6.29572e-03
3.53263e+05  8.48637e-01  6.29371e-03
3.53161e+05  8.48883e-01  6.29997e-03
3.53059e+05  8.49129e-01  6.24814e-03
3.52957e+05  8.49375e-01  6.08314e-03
3.52855e+05  8.49620e-01  6.10935e-03
3.52753e+05  8.49866e-01  6.04934e-03
3.52651e+05  8.50112e-01  5.97575e-03
3.52549e+05  8.50357e-01  5.99921e-03
3.52447e+05  8.50603e-01  5.99291e-03
3.52345e+05  8.50849e-01  5.92346e-03
3.52243e+05  8.51095e-01  5.82557e-03
3.52142e+05  8.51340e-01  5.83176e-03
3.52040e+05  8.51586e-01  5.87843e-03
3.51938e+05  8.51832e-01  5.69692e-03
3.51837e+05  8.52078e-01  5.59479e-03
3.51736e+05  8.52323e-01  5.56715e-03
3.51634e+05  8.52569e-01  5.57548e-03
3.51533e+05  8.52815e-01  5.55807e-03
3.51432e+05  8.53060e-01  5.46323e-03
3.51331e+05  8.53306e-01  5.44623e-03
3.51229e+05  8.53552e-01  5.46875e-03
3.51128e+05  8.53798e-01  5.37082e-03
3.51027e+05  8.54043e-01  5.33510e-03
3.50926e+05  8.54289e-01  5.25665e-03
3.50825e+05  8.54535e-01  5.19237e-03
3.50724e+05  8.54781e-01  5.15761e-03
3.50624e+05  8.55026e-01  5.11814e-03
3.50523e+05  8.55272e-01  5.13508e-03
3.50422e+05  8.55518e-01  5.06959e-03
3.50321e+05  8.55764e-01  4.99097e-03
3.50221e+05  8.56009e-01  4.95521e-03
3.50121e+05  8.56255e-01  4.91286e-03
3.50020e+05  8.56501e-01  4.88006e-03
3.49920e+05  8.56746e-01  4.89037e-03
3.49819e+05  8.56992e-01  4.91889e-03
3.49719e+05  8.57238e-01  4.82713e-03
3.49619e+05  8.57484e-01  4.77934e-03
3.49519e+05  8.57729e-01  4.74020e-03
3.49419e+05  8.57975e-01  4.65302e-03
3.49318e+05  8.58221e-01  4.61055e-03
3.49218e+05  8.58467e-01  4.54295e-03
3.49119e+05  8.58712e-01  4.52515e-03
3.49019e+05  8.58958e-01  4.54619e-03
3.48919e+05  8.59204e-01  4.57421e-03
3.48819e+05  8.59449e-01  4.53023e-03
3.48720e+05  8.59695e-01  4.42131e-03
3.48620e+05  8.59941e-01  4.41613e-03
3.48520e+05  8.60187e-01  4.38563e-03
3.48421e+05  8.60432e-01  4.30922e-03
3.48321e+05  8.60678e-01  4.31428e-03
3.48222e+05  8.60924e-01  4.33221e-03
3.48122e+05  8.61170e-01  4.23158e-03
3.48023e+05  8.61415e-01  4.14731e-03
3.47924e+05  8.61661e-01  4.15710e-03
3.47825e+05  8.61907e-01  4.09736e-03
3.47726e+05  8.62152e-01  4.00246e-03
3.47627e+05  8.62398e-01  3.99693e-03
3.47527e+05  8.62644e-01  4.03924e-03
3.47428e+05  8.62890e-01  3.95995e-03
3.47330e+05  8.63135e-01  3.95602e-03
3.47231e+05  8.63381e-01  3.92441e-03
3.47132e+05  8.63627e-01  3.90638e-03
3.47033e+05  8.63873e-01  3.92010e-03
3.46935e+05  8.64118e-01  3.83308e-03
3.46836e+05  8.64364e-01  3.86270e-03
3.46737e+05  8.64610e-01  3.81757e-03
3.46639e+05  8.64856e-01  3.73298e-03
3.46540e+05  8.65101e-01  3.66949e-03
3.46442e+05  8.65347e-01  3.65270e-03
3.46343e+05  8.65593e-01  3.64178e-03
3.46245e+05  8.65838e-01  3.59568e-03
3.46147e+05  8.66084e-01  3.61072e-03
3.46049e+05  8.66330e-01  3.57731e-03
3.45951e+05  8.66576e-01  3.59653e-03
3.45853e+05  8.66821e-01  3.56252e-03
3.45755e+05  8.67067e-01  3.55120e-03
3.45657e+05  8.67313e-01  3.43689e-03
3.45559e+05  8.67559e-01  3.39300e-03
3.45461e+05  8.67804e-01  3.44833e-03
3.45363e+05  8.68050e-01  3.37693e-03
3.45265e+05  8.68296e-01  3.36678e-03
3.45168e+05  8.68541e-01  3.42699e-03
3.45070e+05  8.68787e-01  3.26579e-03
3.44972e+05  8.69033e-01  3.17010e-03
3.44875e+05  8.69279e-01  3.30463e-03
3.44778e+05  8.69524e-01  3.26708e-03
3.44680e+05  8.69770e-01  3.16032e-03
3.44583e+05  8.70016e-01  3.24174e-03
3.44485e+05  8.70262e-01  3.21404e-03
3.44388e+05  8.70507e-01  3.20626e-03
3.44291e+05  8.70753e-01  3.09603e-03
3.44194e+05  8.70999e-01  3.11086e-03
3.44097e+05  8.71245e-01  3.07840e-03
3.44000e+05  8.71490e-01  3.05541e-03
3.43903e+05  8.71736e-01  3.09968e-03
3.43806e+05  8.71982e-01  3.06358e-03
3.43709e+05  8.72227e-01  3.01693e-03
3.43612e+05  8.72473e-01  2.94385e-03
3.43515e+05  8.72719e-01  2.97012e-03
3.43419e+05  8.72965e-01  2.92536e-03
3.43322e+05  8.73210e-01  2.96391e-03
3.43226e+05  8.73456e-01  2.87583e-03
3.43129e+05  8.73702e-01  2.89149e-03
3.43032e+05  8.73948e-01  2.79816e-03
3.42936e+05  8.74193e-01  2.79909e-03
3.42840e+05  8.74439e-01  2.77413e-03
3.42743e+05  8.74685e-01  2.73355e-03
3.42647e+05  8.74930e-01  2.82007e-03
3.42551e+05  8.75176e-01  2.68468e-03
3.42455e+05  8.75422e-01  2.70509e-03
3.42359e+05  8.75668e-01  2.76148e-03
3.42263e+05  8.75913e-01  2.67258e-03
3.42167e+05  8.76159e-01  2.61996e-03
3.42071e+05  8.76405e-01  2.65929e-03
3.41975e+05  8.76651e-01  2.60375e-03
3.41879e+05  8.76896e-01  2.61804e-03
3.41783e+05  8.77142e-01  2.55136e-03
3.41687e+05  8.77388e-01  2.51300e-03
3.41592e+05  8.77634e-01  2.54695e-03
3.41496e+05  8.77879e-01  2.47021e-03
3.41401e+05  8.78125e-01  2.44431e-03
3.41305e+05  8.78371e-01  2.51504e-03
3.41210e+05  8.78616e-01  2.52746e-03
3.41114e+05  8.78862e-01  2.36265e-03
3.41019e+05  8.79108e-01  2.35331e-03
3.40924e+05  8.79354e-01  2.44444e-03
3.40829e+05  8.79599e-01  2.43017e-03
3.40733e+05  8.79845e-01  2.37943e-03
3.40638e+05  8.80091e-01  2.33813e-03
3.40543e+05  8.80337e-01  2.36380e-03
3.40448e+05  8.80582e-01  2.40781e-03
3.40353e+05  8.80828e-01  2.36016e-03
3.40258e+05  8.81074e-01  2.28484e-03
3.40163e+05  8.81319e-01  2.28780e-03
3.40068e+05  8.81565e-01  2.34640e-03
3.39974e+05  8.81811e-01  2.33517e-03
3.39879e+05  8.82057e-01  2.22070e-03
3.39784e+05  8.82302e-01  2.23129e-03
3.39690e+05  8.82548e-01  2.17915e-03
3.39595e+05  8.82794e-01  2.13327e-03
3.39500e+05  8.83040e-01  2.21565e-03
3.39406e+05  8.83285e-01  2.15624e-03
3.39312e+05  8.83531e-01  2.10247e-03
3.39217e+05  8.83777e-01  2.17649e-03
3.39123e+05  8.84023e-01  2.19765e-03
3.39029e+05  8.84268e-01  2.21632e-03
3.38935e+05  8.84514e-01  1.97657e-03
3.38840e+05  8.84760e-01  2.05932e-03
3.38747e+05  8.85005e-01  2.16621e-03
3.38652e+05  8.85251e-01  2.16614e-03
3.38558e+05  8.85497e-01  2.08797e-03
3.38464e+05  8.85743e-01  2.09437e-03
3.38371e+05  8.85988e-01  2.06402e-03
3.38277e+05  8.86234e-01  2.14417e-03
3.38183e+05  8.86480e-01  2.08873e-03
3.38089e+05  8.86726e-01  2.03613e-03
3.37996e+05  8.86971e-01  1.97367e-03
3.37902e+05  8.87217e-01  2.00955e-03
3.37808e+05  8.87463e-01  2.01864e-03
3.37715e+05  8.87708e-01  2.02199e-03
3.37622e+05  8.87954e-01  1.91584e-03
3.37528e+05  8.88200e-01  2.03002e-03
3.37435e+05  8.88446e-01  1.96851e-03
3.37342e+05  8.88691e-01  1.98038e-03
3.37248e+05  8.88937e-01  1.94882e-03
3.37155e+05  8.89183e-01  1.78891e-03
3.37062e+05  8.89429e-01  1.83459e-03
3.36969e+05  8.89674e-01  1.90486e-03
3.36876e+05  8.89920e-01  1.84493e-03
3.36783e+05  8.90166e-01  1.86079e-03
3.36690e+05  8.90412e-01  1.83578e-03
3.36597e+05  8.90657e-01  1.91947e-03
3.36504e+05  8.90903e-01  1.78655e-03
3.36411e+05  8.91149e-01  1.77831e-03
3.36319e+05  8.91394e-01  1.81549e-03
3.36226e+05  8.91640e-01  1.77981e-03
3.36133e+05  8.91886e-01  1.73753e-03
3.36040e+05  8.92132e-01  1.66156e-03
3.35948e+05  8.92377e-01  1.69150e-03
3.35856e+05  8.92623e-01  1.75662e-03
3.35763e+05  8.92869e-01  1.74205e-03
3.35671e+05  8.93115e-01  1.70797e-03
3.35579e+05  8.93360e-01  1.56267e-03
3.35486e+05  8.93606e-01  1.66581e-03
3.35394e+05  8.93852e-01  1.67159e-03
3.35302e+05  8.94097e-01  1.62637e-03
3.35210e+05  8.94343e-01  1.65246e-03
3.35118e+05  8.94589e-01  1.71614e-03
3.35025e+05  8.94835e-01  1.67850e-03
3.34934e+05  8.95080e-01  1.68432e-03
3.34842e+05  8.95326e-01  1.65064e-03
3.34750e+05  8.95572e-01  1.65037e-03
3.34658e+05  8.95818e-01  1.68697e-03
3.34566e+05  8.96063e-01  1.64484e-03
3.34474e+05  8.96309e-01  1.59268e-03
3.34383e+05  8.96555e-01  1.52334e-03
3.34291e+05  8.96800e-01  1.61486e-03
3.34200e+05  8.97046e-01  1.64439e-03
3.34108e+05  8.97292e-01  1.56242e-03
3.34016e+05  8.97538e-01  1.56922e-03
3.33925e+05  8.97783e-01  1.58183e-03
3.33834e+05  8.98029e-01  1.61723e-03
3.33742e+05  8.98275e-01  1.58653e-03
3.33651e+05  8.98521e-01  1.56171e-03
3.33560e+05  8.98766e-01  1.61202e-03
3.33469e+05  8.99012e-01  1.56055e-03
3.33378e+05  8.99258e-01  1.57869e-03
3.33286e+05  8.99504e-01  1.52652e-03
3.33196e+05  8.99749e-01  1.46807e-03
3.33105e+05  8.99995e-01  1.59197e-03
3.33014e+05  9.00241e-01  1.56032e-03
3.32923e+05  9.00486e-01  1.44150e-03
3.32832e+05  9.00732e-01  1.46324e-03
3.32741e+05  9.00978e-01  1.53316e-03
3.32650e+05  9.01224e-01  1.50735e-03
3.32560e+05  9.01469e-01  1.51139e-03
3.32469e+05  9.01715e-01  1.54409e-03
3.32379e+05  9.01961e-01  1.43604e-03
3.32288e+05  9.02207e-01  1.30945e-03
3.32198e+05  9.02452e-01  1.30789e-03
3.32107e+05  9.02698e-01  1.35912e-03
3.32017e+05  9.02944e-01  1.45940e-03
3.31927e+05  9.03189e-01  1.40568e-03
3.31836e+05  9.03435e-01  1.33399e-03
3.31746e+05  9.03681e-01  1.31456e-03
3.31656e+05  9.03927e-01  1.28661e-03
3.31566e+05  9.04172e-01  1.41684e-03
3.31476e+05  9.04418e-01  1.53116e-03
3.31385e+05  9.04664e-01  1.47930e-03
3.31295e+05  9.04910e-01  1.38462e-03
3.31206e+05  9.05155e-01  1.45026e-03
3.31116e+05  9.05401e-01  1.36832e-03
3.31026e+05  9.05647e-01  1.37648e-03
3.30936e+05  9.05893e-01  1.44801e-03
3.30846e+05  9.06138e-01  1.25044e-03
3.30757e+05  9.06384e-01  1.36563e-03
3.30667e+05  9.06630e-01  1.45062e-03
3.30577e+05  9.06875e-01  1.34880e-03
3.30488e+05  9.07121e-01  1.35187e-03
3.30398e+05  9.07367e-01  1.26186e-03
3.30309e+05  9.07613e-01  1.35730e-03
3.30220e+05  9.07858e-01  1.33228e-03
3.30130e+05  9.08104e-01  1.24543e-03
3.30041e+05  9.08350e-01  1.34604e-03
3.29951e+05  9.08596e-01  1.34488e-03
3.29862e+05  9.08841e-01  1.40156e-03
3.29773e+05  9.09087e-01  1.39927e-03
3.29684e+05  9.09333e-01  1.37800e-03
3.29595e+05  9.09578e-01  1.40935e-03
3.29506e+05  9.09824e-01  1.26874e-03
3.29417e+05  9.10070e-01  1.27683e-03
3.29328e+05  9.10316e-01  1.41885e-03
3.29239e+05  9.10561e-01  1.28314e-03
3.29150e+05  9.10807e-01  1.22170e-03
3.29061e+05  9.11053e-01  1.27057e-03
3.28973e+05  9.11299e-01  1.27573e-03
3.28884e+05  9.11544e-01  1.20839e-03
3.28796e+05  9.11790e-01  1.33122e-03
3.28707e+05  9.12036e-01  1.24943e-03
3.28618e+05  9.12282e-01  1.16905e-03
3.28530e+05  9.12527e-01  1.40188e-03
3.28441e+05  9.12773e-01  1.22610e-03
3.28353e+05  9.13019e-01  1.20623e-03
3.28265e+05  9.13264e-01  1.32100e-03
3.28176e+05  9.13510e-01  1.12000e-03
3.28088e+05  9.13756e-01  1.17299e-03
3.28000e+05  9.14002e-01  1.26134e-03
3.27912e+05  9.14247e-01  1.24942e-03
3.27824e+05  9.14493e-01  1.21015e-03
3.27736e+05  9.14739e-01  1.22042e-03
3.27647e+05  9.14985e-01  1.24117e-03
3.27560e+05  9.15230e-01  1.24741e-03
3.27472e+05  9.15476e-01  1.21764e-03
3.27384e+05  9.15722e-01  1.26155e-03
3.27296e+05  9.15967e-01  1.14097e-03
3.27208e+05  9.16213e-01  1.04857e-03
3.27120e+05  9.16459e-01  1.22063e-03
3.27033e+05  9.16705e-01  1.24062e-03
3.26945e+05  9.16950e-01  1.22935e-03
3.26858e+05  9.17196e-01  1.26582e-03
3.26770e+05  9.17442e-01  1.16375e-03
3.26682e+05  9.17688e-01  1.12899e-03
3.26595e+05  9.17933e-01  1.13150e-03
3.26508e+05  9.18179e-01  1.16922e-03
3.26420e+05  9.18425e-01  1.23204e-03
3.26333e+05  9.18671e-01  1.23341e-03
3.26246e+05  9.18916e-01  1.25346e-03
3.26158e+05  9.19162e-01  1.21598e-03
3.26071e+05  9.19408e-01  1.18285e-03
3.25984e+05  9.19653e-01  1.16374e-03
3.25897e+05  9.19899e-01  1.18140e-03
3.25810e+05  9.20145e-01  1.21932e-03
3.25723e+05  9.20391e-01  1.24122e-03
3.25636e+05  9.20636e-01  1.31516e-03
3.25549e+05  9.20882e-01  1.22359e-03
3.25462e+05  9.21128e-01  1.19350e-03
3.25375e+05  9.21374e-01  1.17717e-03
3.25289e+05  9.21619e-01  1.11273e-03
3.25202e+05  9.21865e-01  1.09241e-03
3.25115e+05  9.22111e-01  1.08711e-03
3.25029e+05  9.22356e-01  1.21847e-03
3.24942e+05  9.22602e-01  1.13626e-03
3.24856e+05  9.22848e-01  1.02592e-03
3.24769e+05  9.23094e-01  1.05922e-03
3.24683e+05  9.23339e-01  1.14723e-03
3.24596e+05  9.23585e-01  1.02041e-03
3.24510e+05  9.23831e-01  1.03159e-03
3.24424e+05  9.24077e-01  1.09099e-03
3.24338e+05  9.24322e-01  1.06750e-03
3.24251e+05  9.24568e-01  1.04368e-03
3.24165e+05  9.24814e-01  1.11040e-03
3.24079e+05  9.25060e-01  1.30525e-03
3.23993e+05  9.25305e-01  1.05115e-03
3.23907e+05  9.25551e-01  1.10119e-03
3.23821e+05  9.25797e-01  1.03519e-03
3.23735e+05  9.26042e-01  1.00228e-03
3.23649e+05  9.26288e-01  1.12957e-03
3.23563e+05  9.26534e-01  1.07952e-03
3.23477e+05  9.26780e-01  1.16460e-03
3.23392e+05  9.27025e-01  1.04999e-03
3.23306e+05  9.27271e-01  1.11217e-03
3.23220e+05  9.27517e-01  1.06917e-03
3.23135e+05  9.27763e-01  1.11056e-03
3.23049e+05  9.28008e-01  9.22808e-04
3.22964e+05  9.28254e-01  1.06680e-03
3.22878e+05  9.28500e-01  1.13586e-03
3.22793e+05  9.28745e-01  1.06270e-03
3.22708e+05  9.28991e-01  9.06535e-04
3.22622e+05  9.29237e-01  1.03766e-03
3.22537e+05  9.29483e-01  1.07021e-03
3.22452e+05  9.29728e-01  1.08086e-03
3.22366e+05  9.29974e-01  1.00757e-03
3.22281e+05  9.30220e-01  1.01187e-03
3.22196e+05  9.30466e-01  1.04531e-03
3.22111e+05  9.30711e-01  9.89019e-04
3.22026e+05  9.30957e-01  1.04681e-03
3.21941e+05  9.31203e-01  1.09866e-03
3.21856e+05  9.31449e-01  1.04316e-03
3.21771e+05  9.31694e-01  8.65326e-04
3.21686e+05  9.31940e-01  9.10471e-04
3.21602e+05  9.32186e-01  9.25958e-04
3.21517e+05  9.32431e-01  1.05027e-03
3.21432e+05  9.32677e-01  1.14002e-03
3.21347e+05  9.32923e-01  1.17741e-03
3.21263e+05  9.33169e-01  1.03849e-03
3.21178e+05  9.33414e-01  9.72699e-04
3.21094e+05  9.33660e-01  1.02559e-03
3.21009e+05  9.33906e-01  1.06133e-03
3.20925e+05  9.34152e-01  9.52772e-04
3.20841e+05  9.34397e-01  9.76129e-04
3.20756e+05  9.34643e-01  8.74154e-04
3.20672e+05  9.34889e-01  9.39715e-04
3.20588e+05  9.35134e-01  9.21341e-04
3.20503e+05  9.35380e-01  7.70560e-04
3.20419e+05  9.35626e-01  1.03017e-03
3.20335e+05  9.35872e-01  1.24545e-03
3.20251e+05  9.36117e-01  1.05682e-03
3.20167e+05  9.36363e-01  1.19116e-03
3.20083e+05  9.36609e-01  1.25234e-03
3.19999e+05  9.36855e-01  9.56056e-04
3.19915e+05  9.37100e-01  1.00053e-03
3.19831e+05  9.37346e-01  9.80859e-04
3.19747e+05  9.37592e-01  8.02603e-04
3.19664e+05  9.37837e-01  9.00698e-04
3.19580e+05  9.38083e-01  1.04333e-03
3.19496e+05  9.38329e-01  1.05699e-03
3.19412e+05  9.38575e-01  1.07457e-03
3.19329e+05  9.38820e-01  1.04150e-03
3.19245e+05  9.39066e-01  8.67508e-04
3.19162e+05  9.39312e-01  8.89859e-04
3.19078e+05  9.39558e-01  1.01633e-03
3.18995e+05  9.39803e-01  8.47486e-04
3.18912e+05  9.40049e-01  7.67256e-04
3.18828e+05  9.40295e-01  9.99662e-04
3.18745e+05  9.40541e-01  1.12765e-03
3.18662e+05  9.40786e-01  1.01139e-03
3.18578e+05  9.41032e-01  1.04267e-03
3.18495e+05  9.41278e-01  9.43958e-04
3.18412e+05  9.41523e-01  8.29207e-04
3.18329e+05  9.41769e-01  1.01129e-03
3.18246e+05  9.42015e-01  8.87830e-04
3.18163e+05  9.42261e-01  7.77522e-04
3.18080e+05  9.42506e-01  8.58283e-04
3.17997e+05  9.42752e-01  1.12012e-03
3.17914e+05  9.42998e-01  1.07385e-03
3.17831e+05  9.43244e-01  8.65321e-04
3.17749e+05  9.43489e-01  1.22740e-03
3.17666e+05  9.43735e-01  1.11882e-03
3.17583e+05  9.43981e-01  1.09498e-03
3.17501e+05  9.44226e-01  8.73431e-04
3.17418e+05  9.44472e-01  9.17429e-04
3.17335e+05  9.44718e-01  8.10762e-04
3.17253e+05  9.44964e-01  9.68758e-04
3.17171e+05  9.45209e-01  8.77286e-04
3.17088e+05  9.45455e-01  9.89597e-04
3.17006e+05  9.45701e-01  1.18517e-03
3.16923e+05  9.45947e-01  1.08042e-03
3.16841e+05  9.46192e-01  8.86833e-04
3.16759e+05  9.46438e-01  9.59617e-04
3.16676e+05  9.46684e-01  9.60267e-04
3.16594e+05  9.46930e-01  7.64860e-04
3.16512e+05  9.47175e-01  7.33308e-04
3.16430e+05  9.47421e-01  8.50955e-04
3.16348e+05  9.47667e-01  9.57569e-04
3.16266e+05  9.47912e-01  8.35146e-04
3.16184e+05  9.48158e-01  9.59971e-04
3.16102e+05  9.48404e-01  1.23723e-03
3.16020e+05  9.48650e-01  9.01271e-04
3.15938e+05  9.48895e-01  8.04996e-04
3.15857e+05  9.49141e-01  9.55780e-04
3.15775e+05  9.49387e-01  7.01587e-04
3.15693e+05  9.49633e-01  7.52521e-04
3.15612e+05  9.49878e-01  9.25085e-04
3.15530e+05  9.50124e-01  1.03661e-03
3.15448e+05  9.50370e-01  1.08550e-03
3.15367e+05  9.50615e-01  6.16527e-04
3.15285e+05  9.50861e-01  5.32552e-04
3.15204e+05  9.51107e-01  7.19065e-04
3.15122e+05  9.51353e-01  8.05335e-04
3.15041e+05  9.51598e-01  7.60229e-04
3.14960e+05  9.51844e-01  6.69202e-04
3.14878e+05  9.52090e-01  7.76753e-04
3.14797e+05  9.52336e-01  7.65186e-04
3.14716e+05  9.52581e-01  8.57661e-04
3.14635e+05  9.52827e-01  6.94813e-04
3.14554e+05  9.53073e-01  7.08011e-04
3.14472e+05  9.53319e-01  8.18336e-04
3.14392e+05  9.53564e-01  6.93674e-04
3.14310e+05  9.53810e-01  9.16123e-04
3.14229e+05  9.54056e-01  9.81713e-04
3.14149e+05  9.54301e-01  7.89853e-04
3.14068e+05  9.54547e-01  7.13203e-04
3.13987e+05  9.54793e-01  8.87870e-04
3.13906e+05  9.55039e-01  6.55424e-04
3.13825e+05  9.55284e-01  5.27193e-04
3.13745e+05  9.55530e-01  8.63000e-04
3.13664e+05  9.55776e-01  7.82850e-04
3.13583e+05  9.56022e-01  7.45192e-04
3.13503e+05  9.56267e-01  7.16371e-04
3.13422e+05  9.56513e-01  6.01245e-04
3.13342e+05  9.56759e-01  8.12883e-04
3.13261e+05  9.57004e-01  8.32403e-04
3.13181e+05  9.57250e-01  6.88931e-04
3.13100e+05  9.57496e-01  8.06668e-04
3.13020e+05  9.57742e-01  8.32694e-04
3.12940e+05  9.57987e-01  8.15966e-04
3.12860e+05  9.58233e-01  1.00411e-03
3.12779e+05  9.58479e-01  8.46005e-04
3.12699e+05  9.58725e-01  6.63510e-04
3.12619e+05  9.58970e-01  6.91810e-04
3.12539e+05  9.59216e-01  7.26486e-04
3.12459e+05  9.59462e-01  8.95570e-04
3.12379e+05  9.59708e-01  9.16083e-04
3.12299e+05  9.59953e-01  9.66458e-04
3.12219e+05  9.60199e-01  8.53800e-04
3.12139e+05  9.60445e-01  9.10106e-04
3.12060e+05  9.60690e-01  7.10406e-04
3.11980e+05  9.60936e-01  5.60543e-04
3.11900e+05  9.61182e-01  5.88539e-04
3.11820e+05  9.61428e-01  7.88854e-04
3.11741e+05  9.61673e-01  6.48371e-04
3.11661e+05  9.61919e-01  4.74234e-04
3.11581e+05  9.62165e-01  6.80813e-04
3.11501e+05  9.62411e-01  7.09591e-04
3.11422e+05  9.62656e-01  6.42118e-04
3.11343e+05  9.62902e-01  8.40707e-04
3.11263e+05  9.63148e-01  7.60148e-04
3.11184e+05  9.63393e-01  1.03426e-03
3.11105e+05  9.63639e-01  1.21257e-03
3.11025e+05  9.63885e-01  7.10012e-04
3.10946e+05  9.64131e-01  8.41663e-04
3.10867e+05  9.64376e-01  8.99399e-04
3.10787e+05  9.64622e-01  9.58025e-04
3.10708e+05  9.64868e-01  8.86783e-04
3.10629e+05  9.65114e-01  9.15443e-04
3.10550e+05  9.65359e-01  8.76502e-04
3.10471e+05  9.65605e-01  7.97290e-04
3.10392e+05  9.65851e-01  6.21469e-04
3.10313e+05  9.66097e-01  5.14759e-04
3.10234e+05  9.66342e-01  6.52764e-04
3.10155e+05  9.66588e-01  4.88898e-04
3.10076e+05  9.66834e-01  7.11069e-04
3.09998e+05  9.67079e-01  7.15964e-04
3.09919e+05  9.67325e-01  9.06091e-04
3.09840e+05  9.67571e-01  8.69113e-04
3.09762e+05  9.67817e-01  5.82706e-04
3.09683e+05  9.68062e-01  5.66356e-04
3.09604e+05  9.68308e-01  8.22880e-04
3.09526e+05  9.68554e-01  7.32611e-04
3.09447e+05  9.68800e-01  9.35835e-04
3.09369e+05  9.69045e-01  7.46176e-04
3.09290e+05  9.69291e-01  6.15737e-04
3.09212e+05  9.69537e-01  4.24631e-04
3.09134e+05  9.69782e-01  6.73450e-04
3.09055e+05  9.70028e-01  9.31496e-04
3.08977e+05  9.70274e-01  7.12368e-04
3.08899e+05  9.70520e-01  6.30729e-04
3.08821e+05  9.70765e-01  7.51811e-04
3.08743e+05  9.71011e-01  7.19542e-04
3.08664e+05  9.71257e-01  7.70743e-04
3.08586e+05  9.71503e-01  5.79660e-04
3.08508e+05  9.71748e-01  8.53592e-04
3.08430e+05  9.71994e-01  7.06403e-04
3.08352e+05  9.72240e-01  7.18671e-04
3.08275e+05  9.72485e-01  8.46288e-04
3.08197e+05  9.72731e-01  6.89624e-04
3.08119e+05  9.72977e-01  6.90540e-04
3.08041e+05  9.73223e-01  4.69760e-04
3.07963e+05  9.73468e-01  5.56303e-04
3.07886e+05  9.73714e-01  6.43861e-04
3.07808e+05  9.73960e-01  7.66268e-04
3.07730e+05  9.74206e-01  6.81594e-04
3.07653e+05  9.74451e-01  4.68270e-04
3.07575e+05  9.74697e-01  7.75726e-04
3.07497e+05  9.74943e-01  6.87508e-04
3.07420e+05  9.75189e-01  4.40057e-04
3.07343e+05  9.75434e-01  6.16312e-04
3.07265e+05  9.75680e-01  9.39126e-04
3.07188e+05  9.75926e-01  9.21505e-04
3.07111e+05  9.76171e-01  7.50613e-04
3.07033e+05  9.76417e-01  8.72659e-04
3.06956e+05  9.76663e-01  9.67530e-04
3.06879e+05  9.76909e-01  8.07976e-04
3.06802e+05  9.77154e-01  5.55397e-04
3.06724e+05  9.77400e-01  5.77132e-04
3.06647e+05  9.77646e-01  6.76679e-04
3.06570e+05  9.77892e-01  9.72417e-04
3.06493e+05  9.78137e-01  6.75151e-04
3.06416e+05  9.78383e-01  5.95504e-04
3.06339e+05  9.78629e-01  5.93760e-04
3.06263e+05  9.78874e-01  6.23480e-04
3.06186e+05  9.79120e-01  5.92351e-04
3.06109e+05  9.79366e-01  3.42445e-04
3.06032e+05  9.79612e-01  4.61669e-04
3.05955e+05  9.79857e-01  6.96216e-04
3.05879e+05  9.80103e-01  4.01312e-04
3.05802e+05  9.80349e-01  4.54690e-04
3.05725e+05  9.80595e-01  4.62852e-04
3.05649e+05  9.80840e-01  5.22848e-04
3.05572e+05  9.81086e-01  4.80823e-04
3.05495e+05  9.81332e-01  7.14925e-04
3.05419e+05  9.81578e-01  7.61922e-04
3.05343e+05  9.81823e-01  4.62505e-04
3.05266e+05  9.82069e-01  4.16590e-04
3.05190e+05  9.82315e-01  3.81889e-04
3.05114e+05  9.82560e-01  2.09176e-04
3.05037e+05  9.82806e-01  7.53517e-04
3.04961e+05  9.83052e-01  7.38720e-04
3.04885e+05  9.83298e-01  1.23491e-04
3.04809e+05  9.83543e-01  2.06257e-04
3.04732e+05  9.83789e-01  7.97891e-04
3.04656e+05  9.84035e-01  7.05396e-04
3.04580e+05  9.84281e-01  6.96932e-04
3.04504e+05  9.84526e-01  3.04621e-04
3.04428e+05  9.84772e-01  6.44133e-04
3.04352e+05  9.85018e-01  7.44362e-04
3.04277e+05  9.85263e-01  3.22767e-04
3.04201e+05  9.85509e-01  3.77285e-04
3.04125e+05  9.85755e-01  7.13534e-04
3.04049e+05  9.86001e-01  4.93092e-04
3.03973e+05  9.86246e-01  9.28468e-05
3.03898e+05  9.86492e-01  5.55887e-04
3.03822e+05  9.86738e-01  5.50705e-04
3.03746e+05  9.86984e-01  5.42499e-04
3.03671e+05  9.87229e-01  2.64077e-04
3.03595e+05  9.87475e-01  3.76616e-04
3.03519e+05  9.87721e-01  4.08108e-04
3.03444e+05  9.87967e-01  5.94706e-04
3.03369e+05  9.88212e-01  3.22215e-04
3.03293e+05  9.88458e-01  5.42653e-04
3.03218e+05  9.88704e-01  5.50403e-04
3.03142e+05  9.88949e-01  5.93519e-04
3.03067e+05  9.89195e-01  4.42341e-04
3.02992e+05  9.89441e-01  1.04306e-04
3.02916e+05  9.89687e-01  4.58303e-04
3.02841e+05  9.89932e-01  4.52327e-04
3.02766e+05  9.90178e-01  3.67051e-04
3.02691e+05  9.90424e-01  4.74064e-05
3.02616e+05  9.90670e-01  1.90271e-04
3.02541e+05  9.90915e-01  5.70564e-04
3.02466e+05  9.91161e-01  7.62112e-04
3.02391e+05  9.91407e-01  5.58802e-04
3.02316e+05  9.91652e-01  1.72591e-04
3.02241e+05  9.91898e-01  2.96499e-04
3.02166e+05  9.92144e-01  3.41328e-04
3.02091e+05  9.92390e-01  2.42384e-04
3.02017e+05  9.92635e-01  6.02405e-04
3.01942e+05  9.92881e-01  4.70503e-04
3.01867e+05  9.93127e-01  -1.49754e-04
3.01792e+05  9.93373e-01  1.31509e-04
3.01718e+05  9.93618e-01  7.54801e-04
3.01643e+05  9.93864e-01  6.56729e-04
3.01569e+05  9.94110e-01  2.56897e-04
3.01494e+05  9.94356e-01  4.82962e-04
3.01420e+05  9.94601e-01  6.37487e-04
3.01345e+05  9.94847e-01  4.72739e-04
3.01271e+05  9.95093e-01  1.82505e-04
3.01197e+05  9.95338e-01  2.24699e-04
3.01122e+05  9.95584e-01  4.95620e-04
3.01048e+05  9.95830e-01  3.44454e-04
3.00973e+05  9.96076e-01  5.59294e-04
3.00899e+05  9.96321e-01  4.11180e-04
3.00825e+05  9.96567e-01  9.34657e-06
3.00751e+05  9.96813e-01  1.42105e-04
3.00677e+05  9.97059e-01  2.36078e-04
3.00603e+05  9.97304e-01  3.66397e-04
3.00529e+05  9.97550e-01  6.70369e-04
3.00455e+05  9.97796e-01  4.88754e-04
3.00381e+05  9.98041e-01  2.85295e-04
3.00307e+05  9.98287e-01  7.17745e-04
3.00233e+05  9.98533e-01  7.15080e-04
3.00159e+05  9.98779e-01  3.10731e-04
3.00085e+05  9.99024e-01  5.10430e-04
3.00011e+05  9.99270e-01  5.54060e-04
2.99938e+05  9.99516e-01  7.42032e-04
2.99864e+05  9.99762e-01  3.00213e-04
2.99790e+05  1.00001e+00  3.90103e-04
2.99717e+05  1.00025e+00  7.24981e-05
2.99643e+05  1.00050e+00  2.45887e-04
2.99569e+05  1.00075e+00  4.27256e-05
2.99496e+05  1.00099e+00  7.39937e-04
2.99422e+05  1.00124e+00  9.26123e-04
2.99349e+05  1.00148e+00  7.13059e-04
2.99276e+05  1.00173e+00  5.43233e-04
2.99202e+05  1.00197e+00  8.06937e-04
2.99129e+05  1.00222e+00  5.57804e-04
2.99055e+05  1.00247e+00  6.65384e-04
2.98982e+05  1.00271e+00  1.01170e-03
2.98909e+05  1.00296e+00  9.09460e-04
2.98836e+05  1.00320e+00  9.10680e-04
2.98762e+05  1.00345e+00  6.99867e-04
2.98689e+05  1.00369e+00  8.93438e-04
2.98616e+05  1.00394e+00  4.53209e-05
2.98543e+05  1.00419e+00  5.39726e-04
2.98470e+05  1.00443e+00  4.12510e-04
2.98397e+05  1.00468e+00  9.75807e-04
2.98324e+05  1.00492e+00  7.48487e-04
2.98251e+05  1.00517e+00  6.62290e-04
2.98178e+05  1.00541e+00  6.38860e-04
2.98105e+05  1.00566e+00  3.11816e-04
2.98033e+05  1.00591e+00  4.47768e-04
2.97960e+05  1.00615e+00  5.18404e-04
2.97887e+05  1.00640e+00  4.11667e-04
2.97814e+05  1.00664e+00  5.27644e-04
2.97742e+05  1.00689e+00  7.61946e-04
2.97669e+05  1.00713e+00  8.37540e-04
2.97596e+05  1.00738e+00  3.60813e-04
2.97524e+05  1.00762e+00  2.12802e-04
2.97451e+05  1.00787e+00  3.88418e-04
2.97379e+05  1.00812e+00  7.47917e-04
2.97306e+05  1.00836e+00  3.04573e-04
2.97234e+05  1.00861e+00  1.51683e-04
2.97161e+05  1.00885e+00  3.26136e-04
2.97089e+05  1.00910e+00  4.61444e-04
2.97017e+05  1.00935e+00  8.80956e-04
2.96944e+05  1.00959e+00  9.60338e-04
2.96872e+05  1.00984e+00  7.17382e-04
2.96800e+05  1.01008e+00  5.86081e-04
2.96728e+05  1.01033e+00  1.06966e-03
2.96656e+05  1.01057e+00  9.21635e-04
2.96584e+05  1.01082e+00  5.07949e-04
2.96512e+05  1.01107e+00  4.03129e-04
2.96439e+05  1.01131e+00  1.47208e-03
2.96367e+05  1.01156e+00  8.54766e-04
2.96296e+05  1.01180e+00  9.30056e-04
2.96224e+05  1.01205e+00  1.10156e-03
2.96152e+05  1.01229e+00  1.10097e-03
2.96080e+05  1.01254e+00  7.04340e-04
2.96008e+05  1.01279e+00  1.25730e-03
2.95936e+05  1.01303e+00  1.25517e-03
2.95864e+05  1.01328e+00  1.42525e-03
2.95793e+05  1.01352e+00  1.23838e-03
2.95721e+05  1.01377e+00  1.07435e-03
2.95649e+05  1.01401e+00  1.20734e-03
2.95578e+05  1.01426e+00  8.63846e-04
2.95506e+05  1.01450e+00  6.95284e-04
2.95435e+05  1.01475e+00  1.31230e-03
2.95363e+05  1.01500e+00  1.86082e-03
2.95291e+05  1.01524e+00  1.57738e-03
2.95220e+05  1.01549e+00  8.26647e-04
2.95149e+05  1.01573e+00  4.91743e-04
2.95077e+05  1.01598e+00  7.53322e-04
2.95006e+05  1.01623e+00  1.21843e-03
2.94935e+05  1.01647e+00  1.09134e-03
2.94863e+05  1.01672e+00  1.20553e-03
2.94792e+05  1.01696e+00  1.05900e-03
2.94721e+05  1.01721e+00  7.14083e-04
2.94650e+05  1.01745e+00  5.53530e-04
2.94578e+05  1.01770e+00  1.54745e-04
2.94507e+05  1.01795e+00  8.04555e-04
2.94436e+05  1.01819e+00  7.28121e-04
2.94365e+05  1.01844e+00  1.28601e-03
2.94294e+05  1.01868e+00  7.73151e-04
2.94223e+05  1.01893e+00  6.02330e-04
2.94152e+05  1.01917e+00  1.13315e-03
2.94081e+05  1.01942e+00  9.28350e-04
2.94010e+05  1.01967e+00  7.26447e-04
2.93940e+05  1.01991e+00  9.05123e-04
2.93869e+05  1.02016e+00  7.70036e-04
2.93798e+05  1.02040e+00  7.75891e-04
2.93727e+05  1.02065e+00  1.53075e-03
2.93657e+05  1.02089e+00  5.92635e-04
2.93586e+05  1.02114e+00  -5.92540e-04
2.93515e+05  1.02139e+00  7.51498e-04
2.93445e+05  1.02163e+00  6.85160e-04
2.93374e+05  1.02188e+00  -5.03102e-04
2.93304e+05  1.02212e+00  9.77023e-04
2.93233e+05  1.02237e+00  1.76833e-03
2.93163e+05  1.02262e+00  8.52128e-04
2.93092e+05  1.02286e+00  9.56754e-04
2.93022e+05  1.02311e+00  1.21669e-03
2.92951e+05  1.02335e+00  6.02594e-04
2.92881e+05  1.02360e+00  -2.53663e-04
2.92811e+05  1.02384e+00  1.01866e-03
2.92741e+05  1.02409e+00  1.22655e-03
2.92670e+05  1.02433e+00  2.55395e-04
2.92600e+05  1.02458e+00  1.06802e-03
2.92530e+05  1.02483e+00  3.00887e-04
2.92460e+05  1.02507e+00  1.76604e-03
2.92390e+05  1.02532e+00  1.38131e-03
2.92320e+05  1.02556e+00  1.82383e-03
2.92250e+05  1.02581e+00  2.01057e-03
2.92180e+05  1.02606e+00  1.38140e-03
2.92110e+05  1.02630e+00  4.68922e-04
2.92040e+05  1.02655e+00  1.40665e-03
2.91970e+05  1.02679e+00  -5.21586e-05
