KECKLRIS_G
frq          wvl          transmission
[GHz]        [micron]                 
9.61043e+05  3.11945e-01  0.00000e+00
9.60666e+05  3.12067e-01  0.00000e+00
9.60290e+05  3.12190e-01  0.00000e+00
9.59914e+05  3.12312e-01  0.00000e+00
9.59538e+05  3.12434e-01  0.00000e+00
9.59162e+05  3.12556e-01  0.00000e+00
9.58787e+05  3.12679e-01  0.00000e+00
9.58412e+05  3.12801e-01  0.00000e+00
9.58038e+05  3.12923e-01  0.00000e+00
9.57663e+05  3.13046e-01  0.00000e+00
9.57289e+05  3.13168e-01  0.00000e+00
9.56916e+05  3.13290e-01  0.00000e+00
9.56542e+05  3.13413e-01  0.00000e+00
9.56169e+05  3.13535e-01  0.00000e+00
9.55796e+05  3.13657e-01  0.00000e+00
9.55423e+05  3.13780e-01  0.00000e+00
9.55051e+05  3.13902e-01  0.00000e+00
9.54679e+05  3.14024e-01  0.00000e+00
9.54307e+05  3.14147e-01  0.00000e+00
9.53936e+05  3.14269e-01  0.00000e+00
9.53565e+05  3.14391e-01  0.00000e+00
9.53194e+05  3.14514e-01  0.00000e+00
9.52823e+05  3.14636e-01  0.00000e+00
9.52453e+05  3.14758e-01  0.00000e+00
9.52083e+05  3.14881e-01  0.00000e+00
9.51713e+05  3.15003e-01  0.00000e+00
9.51344e+05  3.15125e-01  0.00000e+00
9.50975e+05  3.15247e-01  0.00000e+00
9.50606e+05  3.15370e-01  0.00000e+00
9.50238e+05  3.15492e-01  0.00000e+00
9.49869e+05  3.15614e-01  0.00000e+00
9.49501e+05  3.15737e-01  0.00000e+00
9.49134e+05  3.15859e-01  0.00000e+00
9.48766e+05  3.15981e-01  0.00000e+00
9.48399e+05  3.16104e-01  0.00000e+00
9.48032e+05  3.16226e-01  0.00000e+00
9.47666e+05  3.16348e-01  0.00000e+00
9.47299e+05  3.16471e-01  0.00000e+00
9.46933e+05  3.16593e-01  0.00000e+00
9.46568e+05  3.16715e-01  0.00000e+00
9.46202e+05  3.16838e-01  0.00000e+00
9.45837e+05  3.16960e-01  0.00000e+00
9.45472e+05  3.17082e-01  0.00000e+00
9.45108e+05  3.17205e-01  0.00000e+00
9.44743e+05  3.17327e-01  0.00000e+00
9.44379e+05  3.17449e-01  0.00000e+00
9.44015e+05  3.17572e-01  0.00000e+00
9.43652e+05  3.17694e-01  0.00000e+00
9.43289e+05  3.17816e-01  0.00000e+00
9.42926e+05  3.17939e-01  0.00000e+00
9.42563e+05  3.18061e-01  0.00000e+00
9.42201e+05  3.18183e-01  0.00000e+00
9.41839e+05  3.18305e-01  0.00000e+00
9.41477e+05  3.18428e-01  0.00000e+00
9.41116e+05  3.18550e-01  0.00000e+00
9.40754e+05  3.18672e-01  0.00000e+00
9.40393e+05  3.18795e-01  0.00000e+00
9.40033e+05  3.18917e-01  0.00000e+00
9.39672e+05  3.19039e-01  0.00000e+00
9.39312e+05  3.19162e-01  0.00000e+00
9.38952e+05  3.19284e-01  0.00000e+00
9.38593e+05  3.19406e-01  0.00000e+00
9.38233e+05  3.19529e-01  0.00000e+00
9.37874e+05  3.19651e-01  0.00000e+00
9.37516e+05  3.19773e-01  0.00000e+00
9.37157e+05  3.19896e-01  0.00000e+00
9.36799e+05  3.20018e-01  0.00000e+00
9.36441e+05  3.20140e-01  0.00000e+00
9.36083e+05  3.20263e-01  0.00000e+00
9.35726e+05  3.20385e-01  0.00000e+00
9.35369e+05  3.20507e-01  0.00000e+00
9.35012e+05  3.20630e-01  0.00000e+00
9.34655e+05  3.20752e-01  0.00000e+00
9.34299e+05  3.20874e-01  0.00000e+00
9.33943e+05  3.20996e-01  0.00000e+00
9.33587e+05  3.21119e-01  0.00000e+00
9.33232e+05  3.21241e-01  0.00000e+00
9.32877e+05  3.21363e-01  0.00000e+00
9.32522e+05  3.21486e-01  0.00000e+00
9.32167e+05  3.21608e-01  0.00000e+00
9.31813e+05  3.21730e-01  0.00000e+00
9.31459e+05  3.21853e-01  0.00000e+00
9.31105e+05  3.21975e-01  0.00000e+00
9.30751e+05  3.22097e-01  0.00000e+00
9.30398e+05  3.22220e-01  0.00000e+00
9.30045e+05  3.22342e-01  0.00000e+00
9.29692e+05  3.22464e-01  0.00000e+00
9.29339e+05  3.22587e-01  0.00000e+00
9.28987e+05  3.22709e-01  0.00000e+00
9.28635e+05  3.22831e-01  0.00000e+00
9.28283e+05  3.22954e-01  0.00000e+00
9.27932e+05  3.23076e-01  0.00000e+00
9.27581e+05  3.23198e-01  0.00000e+00
9.27230e+05  3.23321e-01  0.00000e+00
9.26879e+05  3.23443e-01  0.00000e+00
9.26529e+05  3.23565e-01  0.00000e+00
9.26179e+05  3.23687e-01  0.00000e+00
9.25829e+05  3.23810e-01  0.00000e+00
9.25479e+05  3.23932e-01  0.00000e+00
9.25130e+05  3.24054e-01  0.00000e+00
9.24781e+05  3.24177e-01  0.00000e+00
9.24432e+05  3.24299e-01  0.00000e+00
9.24084e+05  3.24421e-01  0.00000e+00
9.23735e+05  3.24544e-01  0.00000e+00
9.23387e+05  3.24666e-01  0.00000e+00
9.23039e+05  3.24788e-01  0.00000e+00
9.22692e+05  3.24911e-01  0.00000e+00
9.22345e+05  3.25033e-01  0.00000e+00
9.21998e+05  3.25155e-01  0.00000e+00
9.21651e+05  3.25278e-01  0.00000e+00
9.21305e+05  3.25400e-01  0.00000e+00
9.20958e+05  3.25522e-01  0.00000e+00
9.20612e+05  3.25645e-01  0.00000e+00
9.20267e+05  3.25767e-01  0.00000e+00
9.19921e+05  3.25889e-01  0.00000e+00
9.19576e+05  3.26012e-01  0.00000e+00
9.19231e+05  3.26134e-01  0.00000e+00
9.18887e+05  3.26256e-01  0.00000e+00
9.18542e+05  3.26378e-01  0.00000e+00
9.18198e+05  3.26501e-01  0.00000e+00
9.17854e+05  3.26623e-01  0.00000e+00
9.17511e+05  3.26745e-01  0.00000e+00
9.17167e+05  3.26868e-01  0.00000e+00
9.16824e+05  3.26990e-01  0.00000e+00
9.16481e+05  3.27112e-01  0.00000e+00
9.16139e+05  3.27235e-01  0.00000e+00
9.15797e+05  3.27357e-01  0.00000e+00
9.15455e+05  3.27479e-01  0.00000e+00
9.15113e+05  3.27602e-01  0.00000e+00
9.14771e+05  3.27724e-01  0.00000e+00
9.14430e+05  3.27846e-01  0.00000e+00
9.14089e+05  3.27969e-01  0.00000e+00
9.13748e+05  3.28091e-01  0.00000e+00
9.13408e+05  3.28213e-01  0.00000e+00
9.13067e+05  3.28336e-01  0.00000e+00
9.12727e+05  3.28458e-01  0.00000e+00
9.12387e+05  3.28580e-01  0.00000e+00
9.12048e+05  3.28703e-01  0.00000e+00
9.11709e+05  3.28825e-01  0.00000e+00
9.11370e+05  3.28947e-01  0.00000e+00
9.11031e+05  3.29069e-01  0.00000e+00
9.10692e+05  3.29192e-01  0.00000e+00
9.10354e+05  3.29314e-01  0.00000e+00
9.10016e+05  3.29436e-01  0.00000e+00
9.09678e+05  3.29559e-01  0.00000e+00
9.09341e+05  3.29681e-01  0.00000e+00
9.09004e+05  3.29803e-01  0.00000e+00
9.08667e+05  3.29926e-01  0.00000e+00
9.08330e+05  3.30048e-01  0.00000e+00
9.07993e+05  3.30170e-01  0.00000e+00
9.07657e+05  3.30293e-01  0.00000e+00
9.07321e+05  3.30415e-01  0.00000e+00
9.06985e+05  3.30537e-01  0.00000e+00
9.06650e+05  3.30660e-01  0.00000e+00
9.06314e+05  3.30782e-01  0.00000e+00
9.05979e+05  3.30904e-01  0.00000e+00
9.05645e+05  3.31027e-01  0.00000e+00
9.05310e+05  3.31149e-01  0.00000e+00
9.04976e+05  3.31271e-01  0.00000e+00
9.04642e+05  3.31394e-01  0.00000e+00
9.04308e+05  3.31516e-01  0.00000e+00
9.03974e+05  3.31638e-01  0.00000e+00
9.03641e+05  3.31761e-01  0.00000e+00
9.03308e+05  3.31883e-01  0.00000e+00
9.02975e+05  3.32005e-01  0.00000e+00
9.02643e+05  3.32127e-01  0.00000e+00
9.02310e+05  3.32250e-01  0.00000e+00
9.01978e+05  3.32372e-01  0.00000e+00
9.01647e+05  3.32494e-01  0.00000e+00
9.01315e+05  3.32617e-01  0.00000e+00
9.00984e+05  3.32739e-01  0.00000e+00
9.00653e+05  3.32861e-01  0.00000e+00
9.00322e+05  3.32984e-01  0.00000e+00
8.99991e+05  3.33106e-01  0.00000e+00
8.99661e+05  3.33228e-01  0.00000e+00
8.99331e+05  3.33351e-01  0.00000e+00
8.99001e+05  3.33473e-01  0.00000e+00
8.98671e+05  3.33595e-01  0.00000e+00
8.98342e+05  3.33718e-01  0.00000e+00
8.98013e+05  3.33840e-01  0.00000e+00
8.97684e+05  3.33962e-01  0.00000e+00
8.97355e+05  3.34085e-01  0.00000e+00
8.97027e+05  3.34207e-01  0.00000e+00
8.96698e+05  3.34329e-01  0.00000e+00
8.96370e+05  3.34452e-01  0.00000e+00
8.96043e+05  3.34574e-01  0.00000e+00
8.95715e+05  3.34696e-01  0.00000e+00
8.95388e+05  3.34818e-01  0.00000e+00
8.95061e+05  3.34941e-01  0.00000e+00
8.94734e+05  3.35063e-01  0.00000e+00
8.94408e+05  3.35185e-01  0.00000e+00
8.94082e+05  3.35308e-01  0.00000e+00
8.93755e+05  3.35430e-01  0.00000e+00
8.93430e+05  3.35552e-01  0.00000e+00
8.93104e+05  3.35675e-01  0.00000e+00
8.92779e+05  3.35797e-01  0.00000e+00
8.92454e+05  3.35919e-01  0.00000e+00
8.92129e+05  3.36042e-01  0.00000e+00
8.91804e+05  3.36164e-01  0.00000e+00
8.91480e+05  3.36286e-01  0.00000e+00
8.91156e+05  3.36409e-01  0.00000e+00
8.90832e+05  3.36531e-01  0.00000e+00
8.90508e+05  3.36653e-01  0.00000e+00
8.90185e+05  3.36776e-01  0.00000e+00
8.89862e+05  3.36898e-01  0.00000e+00
8.89539e+05  3.37020e-01  0.00000e+00
8.89216e+05  3.37143e-01  0.00000e+00
8.88893e+05  3.37265e-01  0.00000e+00
8.88571e+05  3.37387e-01  0.00000e+00
8.88249e+05  3.37509e-01  0.00000e+00
8.87927e+05  3.37632e-01  0.00000e+00
8.87606e+05  3.37754e-01  0.00000e+00
8.87284e+05  3.37876e-01  0.00000e+00
8.86963e+05  3.37999e-01  0.00000e+00
8.86642e+05  3.38121e-01  0.00000e+00
8.86322e+05  3.38243e-01  0.00000e+00
8.86001e+05  3.38366e-01  0.00000e+00
8.85681e+05  3.38488e-01  0.00000e+00
8.85361e+05  3.38610e-01  0.00000e+00
8.85041e+05  3.38733e-01  0.00000e+00
8.84722e+05  3.38855e-01  0.00000e+00
8.84403e+05  3.38977e-01  0.00000e+00
8.84084e+05  3.39100e-01  0.00000e+00
8.83765e+05  3.39222e-01  0.00000e+00
8.83446e+05  3.39344e-01  0.00000e+00
8.83128e+05  3.39467e-01  0.00000e+00
8.82810e+05  3.39589e-01  0.00000e+00
8.82492e+05  3.39711e-01  0.00000e+00
8.82174e+05  3.39834e-01  0.00000e+00
8.81857e+05  3.39956e-01  0.00000e+00
8.81540e+05  3.40078e-01  0.00000e+00
8.81223e+05  3.40200e-01  0.00000e+00
8.80906e+05  3.40323e-01  0.00000e+00
8.80590e+05  3.40445e-01  0.00000e+00
8.80273e+05  3.40567e-01  0.00000e+00
8.79957e+05  3.40690e-01  0.00000e+00
8.79642e+05  3.40812e-01  0.00000e+00
8.79326e+05  3.40934e-01  0.00000e+00
8.79011e+05  3.41057e-01  0.00000e+00
8.78695e+05  3.41179e-01  0.00000e+00
8.78381e+05  3.41301e-01  0.00000e+00
8.78066e+05  3.41424e-01  0.00000e+00
8.77751e+05  3.41546e-01  0.00000e+00
8.77437e+05  3.41668e-01  0.00000e+00
8.77123e+05  3.41791e-01  0.00000e+00
8.76809e+05  3.41913e-01  0.00000e+00
8.76496e+05  3.42035e-01  0.00000e+00
8.76182e+05  3.42158e-01  0.00000e+00
8.75869e+05  3.42280e-01  0.00000e+00
8.75556e+05  3.42402e-01  0.00000e+00
8.75244e+05  3.42525e-01  0.00000e+00
8.74931e+05  3.42647e-01  0.00000e+00
8.74619e+05  3.42769e-01  0.00000e+00
8.74307e+05  3.42891e-01  0.00000e+00
8.73995e+05  3.43014e-01  0.00000e+00
8.73684e+05  3.43136e-01  0.00000e+00
8.73372e+05  3.43258e-01  0.00000e+00
8.73061e+05  3.43381e-01  0.00000e+00
8.72750e+05  3.43503e-01  0.00000e+00
8.72440e+05  3.43625e-01  0.00000e+00
8.72129e+05  3.43748e-01  0.00000e+00
8.71819e+05  3.43870e-01  0.00000e+00
8.71509e+05  3.43992e-01  0.00000e+00
8.71199e+05  3.44115e-01  0.00000e+00
8.70890e+05  3.44237e-01  0.00000e+00
8.70580e+05  3.44359e-01  0.00000e+00
8.70271e+05  3.44482e-01  0.00000e+00
8.69962e+05  3.44604e-01  0.00000e+00
8.69654e+05  3.44726e-01  0.00000e+00
8.69345e+05  3.44849e-01  0.00000e+00
8.69037e+05  3.44971e-01  0.00000e+00
8.68729e+05  3.45093e-01  0.00000e+00
8.68421e+05  3.45216e-01  0.00000e+00
8.68113e+05  3.45338e-01  0.00000e+00
8.67806e+05  3.45460e-01  0.00000e+00
8.67499e+05  3.45582e-01  0.00000e+00
8.67192e+05  3.45705e-01  0.00000e+00
8.66885e+05  3.45827e-01  0.00000e+00
8.66579e+05  3.45949e-01  0.00000e+00
8.66272e+05  3.46072e-01  0.00000e+00
8.65966e+05  3.46194e-01  0.00000e+00
8.65661e+05  3.46316e-01  0.00000e+00
8.65355e+05  3.46439e-01  0.00000e+00
8.65049e+05  3.46561e-01  0.00000e+00
8.64744e+05  3.46683e-01  0.00000e+00
8.64439e+05  3.46806e-01  0.00000e+00
8.64135e+05  3.46928e-01  0.00000e+00
8.63830e+05  3.47050e-01  0.00000e+00
8.63526e+05  3.47173e-01  0.00000e+00
8.63221e+05  3.47295e-01  0.00000e+00
8.62918e+05  3.47417e-01  0.00000e+00
8.62614e+05  3.47540e-01  0.00000e+00
8.62310e+05  3.47662e-01  0.00000e+00
8.62007e+05  3.47784e-01  0.00000e+00
8.61704e+05  3.47907e-01  0.00000e+00
8.61401e+05  3.48029e-01  0.00000e+00
8.61098e+05  3.48151e-01  0.00000e+00
8.60796e+05  3.48274e-01  0.00000e+00
8.60494e+05  3.48396e-01  0.00000e+00
8.60192e+05  3.48518e-01  0.00000e+00
8.59890e+05  3.48640e-01  0.00000e+00
8.59588e+05  3.48763e-01  0.00000e+00
8.59287e+05  3.48885e-01  0.00000e+00
8.58986e+05  3.49007e-01  0.00000e+00
8.58685e+05  3.49130e-01  0.00000e+00
8.58384e+05  3.49252e-01  0.00000e+00
8.58084e+05  3.49374e-01  0.00000e+00
8.57783e+05  3.49497e-01  0.00000e+00
8.57483e+05  3.49619e-01  0.00000e+00
8.57183e+05  3.49741e-01  0.00000e+00
8.56884e+05  3.49864e-01  0.00000e+00
8.56584e+05  3.49986e-01  0.00000e+00
8.56285e+05  3.50108e-01  0.00000e+00
8.55986e+05  3.50231e-01  0.00000e+00
8.55687e+05  3.50353e-01  0.00000e+00
8.55388e+05  3.50475e-01  0.00000e+00
8.55090e+05  3.50598e-01  0.00000e+00
8.54792e+05  3.50720e-01  0.00000e+00
8.54494e+05  3.50842e-01  0.00000e+00
8.54196e+05  3.50965e-01  0.00000e+00
8.53898e+05  3.51087e-01  0.00000e+00
8.53601e+05  3.51209e-01  0.00000e+00
8.53304e+05  3.51331e-01  0.00000e+00
8.53007e+05  3.51454e-01  0.00000e+00
8.52710e+05  3.51576e-01  0.00000e+00
8.52413e+05  3.51698e-01  0.00000e+00
8.52117e+05  3.51821e-01  0.00000e+00
8.51821e+05  3.51943e-01  0.00000e+00
8.51525e+05  3.52065e-01  0.00000e+00
8.51229e+05  3.52188e-01  0.00000e+00
8.50934e+05  3.52310e-01  0.00000e+00
8.50638e+05  3.52432e-01  0.00000e+00
8.50343e+05  3.52555e-01  0.00000e+00
8.50048e+05  3.52677e-01  0.00000e+00
8.49754e+05  3.52799e-01  0.00000e+00
8.49459e+05  3.52922e-01  0.00000e+00
8.49165e+05  3.53044e-01  0.00000e+00
8.48871e+05  3.53166e-01  0.00000e+00
8.48577e+05  3.53289e-01  0.00000e+00
8.48283e+05  3.53411e-01  0.00000e+00
8.47990e+05  3.53533e-01  0.00000e+00
8.47696e+05  3.53656e-01  0.00000e+00
8.47403e+05  3.53778e-01  0.00000e+00
8.47110e+05  3.53900e-01  0.00000e+00
8.46818e+05  3.54022e-01  0.00000e+00
8.46525e+05  3.54145e-01  0.00000e+00
8.46233e+05  3.54267e-01  0.00000e+00
8.45941e+05  3.54389e-01  0.00000e+00
8.45649e+05  3.54512e-01  0.00000e+00
8.45357e+05  3.54634e-01  0.00000e+00
8.45066e+05  3.54756e-01  0.00000e+00
8.44774e+05  3.54879e-01  0.00000e+00
8.44483e+05  3.55001e-01  0.00000e+00
8.44192e+05  3.55123e-01  0.00000e+00
8.43902e+05  3.55246e-01  0.00000e+00
8.43611e+05  3.55368e-01  0.00000e+00
8.43321e+05  3.55490e-01  0.00000e+00
8.43031e+05  3.55613e-01  0.00000e+00
8.42741e+05  3.55735e-01  0.00000e+00
8.42451e+05  3.55857e-01  0.00000e+00
8.42162e+05  3.55980e-01  0.00000e+00
8.41873e+05  3.56102e-01  0.00000e+00
8.41584e+05  3.56224e-01  0.00000e+00
8.41295e+05  3.56347e-01  0.00000e+00
8.41006e+05  3.56469e-01  0.00000e+00
8.40718e+05  3.56591e-01  0.00000e+00
8.40429e+05  3.56713e-01  0.00000e+00
8.40141e+05  3.56836e-01  0.00000e+00
8.39853e+05  3.56958e-01  0.00000e+00
8.39566e+05  3.57080e-01  0.00000e+00
8.39278e+05  3.57203e-01  0.00000e+00
8.38991e+05  3.57325e-01  0.00000e+00
8.38704e+05  3.57447e-01  0.00000e+00
8.38417e+05  3.57570e-01  0.00000e+00
8.38130e+05  3.57692e-01  0.00000e+00
8.37844e+05  3.57814e-01  0.00000e+00
8.37557e+05  3.57937e-01  0.00000e+00
8.37271e+05  3.58059e-01  0.00000e+00
8.36985e+05  3.58181e-01  0.00000e+00
8.36699e+05  3.58304e-01  0.00000e+00
8.36414e+05  3.58426e-01  0.00000e+00
8.36129e+05  3.58548e-01  0.00000e+00
8.35843e+05  3.58671e-01  0.00000e+00
8.35558e+05  3.58793e-01  0.00000e+00
8.35274e+05  3.58915e-01  0.00000e+00
8.34989e+05  3.59038e-01  0.00000e+00
8.34705e+05  3.59160e-01  0.00000e+00
8.34421e+05  3.59282e-01  0.00000e+00
8.34137e+05  3.59404e-01  0.00000e+00
8.33853e+05  3.59527e-01  0.00000e+00
8.33569e+05  3.59649e-01  0.00000e+00
8.33286e+05  3.59771e-01  0.00000e+00
8.33003e+05  3.59894e-01  0.00000e+00
8.32720e+05  3.60016e-01  0.00000e+00
8.32437e+05  3.60138e-01  0.00000e+00
8.32154e+05  3.60261e-01  0.00000e+00
8.31872e+05  3.60383e-01  0.00000e+00
8.31589e+05  3.60505e-01  0.00000e+00
8.31307e+05  3.60628e-01  0.00000e+00
8.31026e+05  3.60750e-01  0.00000e+00
8.30744e+05  3.60872e-01  0.00000e+00
8.30462e+05  3.60995e-01  0.00000e+00
8.30181e+05  3.61117e-01  0.00000e+00
8.29900e+05  3.61239e-01  0.00000e+00
8.29619e+05  3.61362e-01  0.00000e+00
8.29338e+05  3.61484e-01  0.00000e+00
8.29058e+05  3.61606e-01  0.00000e+00
8.28777e+05  3.61729e-01  0.00000e+00
8.28497e+05  3.61851e-01  0.00000e+00
8.28217e+05  3.61973e-01  0.00000e+00
8.27938e+05  3.62096e-01  0.00000e+00
8.27658e+05  3.62218e-01  0.00000e+00
8.27379e+05  3.62340e-01  0.00000e+00
8.27099e+05  3.62462e-01  0.00000e+00
8.26820e+05  3.62585e-01  0.00000e+00
8.26541e+05  3.62707e-01  0.00000e+00
8.26263e+05  3.62829e-01  0.00000e+00
8.25984e+05  3.62952e-01  0.00000e+00
8.25706e+05  3.63074e-01  0.00000e+00
8.25428e+05  3.63196e-01  0.00000e+00
8.25150e+05  3.63319e-01  0.00000e+00
8.24872e+05  3.63441e-01  0.00000e+00
8.24595e+05  3.63563e-01  0.00000e+00
8.24318e+05  3.63686e-01  0.00000e+00
8.24040e+05  3.63808e-01  0.00000e+00
8.23763e+05  3.63930e-01  0.00000e+00
8.23487e+05  3.64053e-01  0.00000e+00
8.23210e+05  3.64175e-01  0.00000e+00
8.22934e+05  3.64297e-01  0.00000e+00
8.22657e+05  3.64420e-01  0.00000e+00
8.22381e+05  3.64542e-01  0.00000e+00
8.22106e+05  3.64664e-01  0.00000e+00
8.21830e+05  3.64787e-01  0.00000e+00
8.21554e+05  3.64909e-01  0.00000e+00
8.21279e+05  3.65031e-01  0.00000e+00
8.21004e+05  3.65153e-01  0.00000e+00
8.20729e+05  3.65276e-01  0.00000e+00
8.20454e+05  3.65398e-01  0.00000e+00
8.20180e+05  3.65520e-01  0.00000e+00
8.19905e+05  3.65643e-01  0.00000e+00
8.19631e+05  3.65765e-01  0.00000e+00
8.19357e+05  3.65887e-01  0.00000e+00
8.19083e+05  3.66010e-01  0.00000e+00
8.18810e+05  3.66132e-01  0.00000e+00
8.18536e+05  3.66254e-01  0.00000e+00
8.18263e+05  3.66377e-01  0.00000e+00
8.17990e+05  3.66499e-01  0.00000e+00
8.17717e+05  3.66621e-01  0.00000e+00
8.17444e+05  3.66744e-01  0.00000e+00
8.17172e+05  3.66866e-01  0.00000e+00
8.16899e+05  3.66988e-01  0.00000e+00
8.16627e+05  3.67111e-01  0.00000e+00
8.16355e+05  3.67233e-01  0.00000e+00
8.16083e+05  3.67355e-01  0.00000e+00
8.15812e+05  3.67478e-01  0.00000e+00
8.15540e+05  3.67600e-01  0.00000e+00
8.15269e+05  3.67722e-01  0.00000e+00
8.14998e+05  3.67844e-01  0.00000e+00
8.14727e+05  3.67967e-01  0.00000e+00
8.14456e+05  3.68089e-01  0.00000e+00
8.14186e+05  3.68211e-01  0.00000e+00
8.13915e+05  3.68334e-01  0.00000e+00
8.13645e+05  3.68456e-01  0.00000e+00
8.13375e+05  3.68578e-01  0.00000e+00
8.13105e+05  3.68701e-01  0.00000e+00
8.12836e+05  3.68823e-01  0.00000e+00
8.12566e+05  3.68945e-01  0.00000e+00
8.12297e+05  3.69068e-01  0.00000e+00
8.12028e+05  3.69190e-01  0.00000e+00
8.11759e+05  3.69312e-01  0.00000e+00
8.11490e+05  3.69435e-01  0.00000e+00
8.11221e+05  3.69557e-01  0.00000e+00
8.10953e+05  3.69679e-01  0.00000e+00
8.10685e+05  3.69802e-01  0.00000e+00
8.10417e+05  3.69924e-01  0.00000e+00
8.10149e+05  3.70046e-01  0.00000e+00
8.09881e+05  3.70169e-01  0.00000e+00
8.09613e+05  3.70291e-01  0.00000e+00
8.09346e+05  3.70413e-01  0.00000e+00
8.09079e+05  3.70535e-01  0.00000e+00
8.08812e+05  3.70658e-01  0.00000e+00
8.08545e+05  3.70780e-01  0.00000e+00
8.08278e+05  3.70902e-01  0.00000e+00
8.08012e+05  3.71025e-01  0.00000e+00
8.07746e+05  3.71147e-01  0.00000e+00
8.07480e+05  3.71269e-01  0.00000e+00
8.07214e+05  3.71392e-01  0.00000e+00
8.06948e+05  3.71514e-01  0.00000e+00
8.06682e+05  3.71636e-01  0.00000e+00
8.06417e+05  3.71759e-01  0.00000e+00
8.06152e+05  3.71881e-01  0.00000e+00
8.05887e+05  3.72003e-01  0.00000e+00
8.05622e+05  3.72126e-01  0.00000e+00
8.05357e+05  3.72248e-01  0.00000e+00
8.05092e+05  3.72370e-01  0.00000e+00
8.04828e+05  3.72493e-01  0.00000e+00
8.04564e+05  3.72615e-01  0.00000e+00
8.04300e+05  3.72737e-01  0.00000e+00
8.04036e+05  3.72860e-01  0.00000e+00
8.03772e+05  3.72982e-01  0.00000e+00
8.03509e+05  3.73104e-01  0.00000e+00
8.03245e+05  3.73226e-01  0.00000e+00
8.02982e+05  3.73349e-01  0.00000e+00
8.02719e+05  3.73471e-01  0.00000e+00
8.02456e+05  3.73593e-01  0.00000e+00
8.02194e+05  3.73716e-01  0.00000e+00
8.01931e+05  3.73838e-01  0.00000e+00
8.01669e+05  3.73960e-01  0.00000e+00
8.01407e+05  3.74083e-01  0.00000e+00
8.01145e+05  3.74205e-01  0.00000e+00
8.00883e+05  3.74327e-01  0.00000e+00
8.00621e+05  3.74450e-01  0.00000e+00
8.00360e+05  3.74572e-01  0.00000e+00
8.00099e+05  3.74694e-01  0.00000e+00
7.99838e+05  3.74817e-01  0.00000e+00
7.99577e+05  3.74939e-01  0.00000e+00
7.99316e+05  3.75061e-01  0.00000e+00
7.99055e+05  3.75184e-01  0.00000e+00
7.98795e+05  3.75306e-01  0.00000e+00
7.98535e+05  3.75428e-01  0.00000e+00
7.98275e+05  3.75551e-01  0.00000e+00
7.98015e+05  3.75673e-01  0.00000e+00
7.97755e+05  3.75795e-01  0.00000e+00
7.97495e+05  3.75917e-01  0.00000e+00
7.97236e+05  3.76040e-01  0.00000e+00
7.96977e+05  3.76162e-01  0.00000e+00
7.96718e+05  3.76284e-01  0.00000e+00
7.96459e+05  3.76407e-01  0.00000e+00
7.96200e+05  3.76529e-01  0.00000e+00
7.95941e+05  3.76651e-01  0.00000e+00
7.95683e+05  3.76774e-01  0.00000e+00
7.95425e+05  3.76896e-01  0.00000e+00
7.95167e+05  3.77018e-01  0.00000e+00
7.94909e+05  3.77141e-01  0.00000e+00
7.94651e+05  3.77263e-01  0.00000e+00
7.94394e+05  3.77385e-01  0.00000e+00
7.94136e+05  3.77508e-01  0.00000e+00
7.93879e+05  3.77630e-01  0.00000e+00
7.93622e+05  3.77752e-01  0.00000e+00
7.93365e+05  3.77875e-01  0.00000e+00
7.93108e+05  3.77997e-01  0.00000e+00
7.92852e+05  3.78119e-01  0.00000e+00
7.92595e+05  3.78242e-01  0.00000e+00
7.92339e+05  3.78364e-01  0.00000e+00
7.92083e+05  3.78486e-01  0.00000e+00
7.91827e+05  3.78609e-01  0.00000e+00
7.91571e+05  3.78731e-01  0.00000e+00
7.91316e+05  3.78853e-01  0.00000e+00
7.91060e+05  3.78975e-01  0.00000e+00
7.90805e+05  3.79098e-01  0.00000e+00
7.90550e+05  3.79220e-01  0.00000e+00
7.90295e+05  3.79342e-01  0.00000e+00
7.90040e+05  3.79465e-01  0.00000e+00
7.89786e+05  3.79587e-01  0.00000e+00
7.89531e+05  3.79709e-01  0.00000e+00
7.89277e+05  3.79832e-01  0.00000e+00
7.89023e+05  3.79954e-01  0.00000e+00
7.88769e+05  3.80076e-01  0.00000e+00
7.88515e+05  3.80199e-01  0.00000e+00
7.88262e+05  3.80321e-01  0.00000e+00
7.88008e+05  3.80443e-01  0.00000e+00
7.87755e+05  3.80566e-01  0.00000e+00
7.87502e+05  3.80688e-01  0.00000e+00
7.87249e+05  3.80810e-01  0.00000e+00
7.86996e+05  3.80933e-01  0.00000e+00
7.86744e+05  3.81055e-01  0.00000e+00
7.86491e+05  3.81177e-01  0.00000e+00
7.86239e+05  3.81300e-01  0.00000e+00
7.85987e+05  3.81422e-01  0.00000e+00
7.85735e+05  3.81544e-01  0.00000e+00
7.85483e+05  3.81666e-01  0.00000e+00
7.85231e+05  3.81789e-01  0.00000e+00
7.84980e+05  3.81911e-01  0.00000e+00
7.84728e+05  3.82033e-01  0.00000e+00
7.84477e+05  3.82156e-01  0.00000e+00
7.84226e+05  3.82278e-01  0.00000e+00
7.83975e+05  3.82400e-01  0.00000e+00
7.83725e+05  3.82523e-01  0.00000e+00
7.83474e+05  3.82645e-01  0.00000e+00
7.83224e+05  3.82767e-01  0.00000e+00
7.82974e+05  3.82890e-01  0.00000e+00
7.82723e+05  3.83012e-01  0.00000e+00
7.82474e+05  3.83134e-01  0.00000e+00
7.82224e+05  3.83257e-01  0.00000e+00
7.81974e+05  3.83379e-01  0.00000e+00
7.81725e+05  3.83501e-01  0.00000e+00
7.81476e+05  3.83624e-01  0.00000e+00
7.81227e+05  3.83746e-01  0.00000e+00
7.80978e+05  3.83868e-01  0.00000e+00
7.80729e+05  3.83991e-01  0.00000e+00
7.80480e+05  3.84113e-01  0.00000e+00
7.80232e+05  3.84235e-01  0.00000e+00
7.79983e+05  3.84357e-01  0.00000e+00
7.79735e+05  3.84480e-01  0.00000e+00
7.79487e+05  3.84602e-01  0.00000e+00
7.79239e+05  3.84724e-01  0.00000e+00
7.78992e+05  3.84847e-01  0.00000e+00
7.78744e+05  3.84969e-01  0.00000e+00
7.78497e+05  3.85091e-01  0.00000e+00
7.78250e+05  3.85214e-01  0.00000e+00
7.78003e+05  3.85336e-01  0.00000e+00
7.77756e+05  3.85458e-01  0.00000e+00
7.77509e+05  3.85581e-01  0.00000e+00
7.77262e+05  3.85703e-01  0.00000e+00
7.77016e+05  3.85825e-01  0.00000e+00
7.76770e+05  3.85948e-01  0.00000e+00
7.76524e+05  3.86070e-01  0.00000e+00
7.76278e+05  3.86192e-01  0.00000e+00
7.76032e+05  3.86315e-01  0.00000e+00
7.75786e+05  3.86437e-01  0.00000e+00
7.75541e+05  3.86559e-01  0.00000e+00
7.75296e+05  3.86682e-01  0.00000e+00
7.75050e+05  3.86804e-01  0.00000e+00
7.74805e+05  3.86926e-01  0.00000e+00
7.74560e+05  3.87048e-01  0.00000e+00
7.74316e+05  3.87171e-01  0.00000e+00
7.74071e+05  3.87293e-01  0.00000e+00
7.73827e+05  3.87415e-01  0.00000e+00
7.73583e+05  3.87538e-01  0.00000e+00
7.73338e+05  3.87660e-01  0.00000e+00
7.73095e+05  3.87782e-01  0.00000e+00
7.72851e+05  3.87905e-01  0.00000e+00
7.72607e+05  3.88027e-01  0.00000e+00
7.72364e+05  3.88149e-01  0.00000e+00
7.72120e+05  3.88272e-01  0.00000e+00
7.71877e+05  3.88394e-01  0.00000e+00
7.71634e+05  3.88516e-01  0.00000e+00
7.71391e+05  3.88639e-01  0.00000e+00
7.71149e+05  3.88761e-01  0.00000e+00
7.70906e+05  3.88883e-01  0.00000e+00
7.70664e+05  3.89006e-01  0.00000e+00
7.70421e+05  3.89128e-01  0.00000e+00
7.70179e+05  3.89250e-01  0.00000e+00
7.69937e+05  3.89373e-01  0.00000e+00
7.69696e+05  3.89495e-01  0.00000e+00
7.69454e+05  3.89617e-01  0.00000e+00
7.69212e+05  3.89739e-01  0.00000e+00
7.68971e+05  3.89862e-01  0.00000e+00
7.68730e+05  3.89984e-01  0.00000e+00
7.68489e+05  3.90106e-01  0.00000e+00
7.68248e+05  3.90229e-01  0.00000e+00
7.68007e+05  3.90351e-01  0.00000e+00
7.67767e+05  3.90473e-01  0.00000e+00
7.67526e+05  3.90596e-01  0.00000e+00
7.67286e+05  3.90718e-01  0.00000e+00
7.67046e+05  3.90840e-01  0.00000e+00
7.66806e+05  3.90963e-01  0.00000e+00
7.66566e+05  3.91085e-01  0.00000e+00
7.66326e+05  3.91207e-01  0.00000e+00
7.66087e+05  3.91330e-01  0.00000e+00
7.65847e+05  3.91452e-01  0.00000e+00
7.65608e+05  3.91574e-01  0.00000e+00
7.65369e+05  3.91697e-01  0.00000e+00
7.65130e+05  3.91819e-01  0.00000e+00
7.64891e+05  3.91941e-01  0.00000e+00
7.64653e+05  3.92064e-01  0.00000e+00
7.64414e+05  3.92186e-01  0.00000e+00
7.64176e+05  3.92308e-01  0.00000e+00
7.63938e+05  3.92431e-01  0.00000e+00
7.63700e+05  3.92553e-01  0.00000e+00
7.63462e+05  3.92675e-01  0.00000e+00
7.63224e+05  3.92797e-01  0.00000e+00
7.62986e+05  3.92920e-01  0.00000e+00
7.62749e+05  3.93042e-01  0.00000e+00
7.62512e+05  3.93164e-01  0.00000e+00
7.62275e+05  3.93287e-01  0.00000e+00
7.62038e+05  3.93409e-01  0.00000e+00
7.61801e+05  3.93531e-01  0.00000e+00
7.61564e+05  3.93654e-01  0.00000e+00
7.61327e+05  3.93776e-01  0.00000e+00
7.61091e+05  3.93898e-01  0.00000e+00
7.60855e+05  3.94021e-01  0.00000e+00
7.60619e+05  3.94143e-01  0.00000e+00
7.60383e+05  3.94265e-01  0.00000e+00
7.60147e+05  3.94388e-01  0.00000e+00
7.59911e+05  3.94510e-01  0.00000e+00
7.59676e+05  3.94632e-01  0.00000e+00
7.59440e+05  3.94755e-01  0.00000e+00
7.59205e+05  3.94877e-01  0.00000e+00
7.58970e+05  3.94999e-01  0.00000e+00
7.58735e+05  3.95122e-01  0.00000e+00
7.58500e+05  3.95244e-01  0.00000e+00
7.58265e+05  3.95366e-01  0.00000e+00
7.58031e+05  3.95488e-01  0.00000e+00
7.57796e+05  3.95611e-01  0.00000e+00
7.57562e+05  3.95733e-01  0.00000e+00
7.57328e+05  3.95855e-01  0.00000e+00
7.57094e+05  3.95978e-01  0.00000e+00
7.56860e+05  3.96100e-01  0.00000e+00
7.56627e+05  3.96222e-01  0.00000e+00
7.56393e+05  3.96345e-01  0.00000e+00
7.56160e+05  3.96467e-01  0.00000e+00
7.55927e+05  3.96589e-01  0.00000e+00
7.55694e+05  3.96712e-01  0.00000e+00
7.55461e+05  3.96834e-01  0.00000e+00
7.55228e+05  3.96956e-01  0.00000e+00
7.54995e+05  3.97079e-01  0.00000e+00
7.54763e+05  3.97201e-01  0.00000e+00
7.54530e+05  3.97323e-01  0.00000e+00
7.54298e+05  3.97446e-01  0.00000e+00
7.54066e+05  3.97568e-01  0.00000e+00
7.53834e+05  3.97690e-01  0.00000e+00
7.53602e+05  3.97813e-01  0.00000e+00
7.53371e+05  3.97935e-01  0.00000e+00
7.53139e+05  3.98057e-01  0.00000e+00
7.52908e+05  3.98179e-01  0.00000e+00
7.52677e+05  3.98302e-01  0.00000e+00
7.52446e+05  3.98424e-01  0.00000e+00
7.52215e+05  3.98546e-01  0.00000e+00
7.51984e+05  3.98669e-01  0.00000e+00
7.51753e+05  3.98791e-01  0.00000e+00
7.51523e+05  3.98913e-01  0.00000e+00
7.51292e+05  3.99036e-01  0.00000e+00
7.51062e+05  3.99158e-01  0.00000e+00
7.50832e+05  3.99280e-01  0.00000e+00
7.50602e+05  3.99403e-01  0.00000e+00
7.50372e+05  3.99525e-01  0.00000e+00
7.50143e+05  3.99647e-01  0.00000e+00
7.49913e+05  3.99770e-01  0.00000e+00
7.49684e+05  3.99892e-01  0.00000e+00
7.49454e+05  4.00014e-01  0.00000e+00
7.49225e+05  4.00137e-01  0.00000e+00
7.48996e+05  4.00259e-01  0.00000e+00
7.48768e+05  4.00381e-01  0.00000e+00
7.48539e+05  4.00504e-01  0.00000e+00
7.48310e+05  4.00626e-01  0.00000e+00
7.48082e+05  4.00748e-01  0.00000e+00
7.47854e+05  4.00870e-01  0.00000e+00
7.47626e+05  4.00993e-01  0.00000e+00
7.47398e+05  4.01115e-01  0.00000e+00
7.47170e+05  4.01237e-01  0.00000e+00
7.46942e+05  4.01360e-01  0.00000e+00
7.46714e+05  4.01482e-01  0.00000e+00
7.46487e+05  4.01604e-01  0.00000e+00
7.46260e+05  4.01727e-01  0.00000e+00
7.46033e+05  4.01849e-01  0.00000e+00
7.45806e+05  4.01971e-01  0.00000e+00
7.45579e+05  4.02094e-01  0.00000e+00
7.45352e+05  4.02216e-01  0.00000e+00
7.45125e+05  4.02338e-01  0.00000e+00
7.44899e+05  4.02461e-01  0.00000e+00
7.44673e+05  4.02583e-01  0.00000e+00
7.44446e+05  4.02705e-01  0.00000e+00
7.44220e+05  4.02828e-01  0.00000e+00
7.43994e+05  4.02950e-01  0.00000e+00
7.43769e+05  4.03072e-01  0.00000e+00
7.43543e+05  4.03195e-01  0.00000e+00
7.43317e+05  4.03317e-01  0.00000e+00
7.43092e+05  4.03439e-01  0.00000e+00
7.42867e+05  4.03561e-01  0.00000e+00
7.42642e+05  4.03684e-01  0.00000e+00
7.42417e+05  4.03806e-01  0.00000e+00
7.42192e+05  4.03928e-01  0.00000e+00
7.41967e+05  4.04051e-01  0.00000e+00
7.41743e+05  4.04173e-01  0.00000e+00
7.41518e+05  4.04295e-01  0.00000e+00
7.41294e+05  4.04418e-01  0.00000e+00
7.41070e+05  4.04540e-01  0.00000e+00
7.40846e+05  4.04662e-01  0.00000e+00
7.40622e+05  4.04785e-01  0.00000e+00
7.40398e+05  4.04907e-01  0.00000e+00
7.40175e+05  4.05029e-01  0.00000e+00
7.39951e+05  4.05152e-01  0.00000e+00
7.39728e+05  4.05274e-01  0.00000e+00
7.39505e+05  4.05396e-01  0.00000e+00
7.39282e+05  4.05519e-01  0.00000e+00
7.39059e+05  4.05641e-01  0.00000e+00
7.38836e+05  4.05763e-01  0.00000e+00
7.38613e+05  4.05886e-01  0.00000e+00
7.38391e+05  4.06008e-01  0.00000e+00
7.38168e+05  4.06130e-01  0.00000e+00
7.37946e+05  4.06253e-01  0.00000e+00
7.37724e+05  4.06375e-01  0.00000e+00
7.37502e+05  4.06497e-01  0.00000e+00
7.37280e+05  4.06619e-01  0.00000e+00
7.37058e+05  4.06742e-01  0.00000e+00
7.36837e+05  4.06864e-01  0.00000e+00
7.36615e+05  4.06986e-01  0.00000e+00
7.36394e+05  4.07109e-01  0.00000e+00
7.36173e+05  4.07231e-01  0.00000e+00
7.35952e+05  4.07353e-01  0.00000e+00
7.35731e+05  4.07476e-01  0.00000e+00
7.35510e+05  4.07598e-01  0.00000e+00
7.35289e+05  4.07720e-01  0.00000e+00
7.35069e+05  4.07843e-01  0.00000e+00
7.34849e+05  4.07965e-01  0.00000e+00
7.34628e+05  4.08087e-01  0.00000e+00
7.34408e+05  4.08210e-01  0.00000e+00
7.34188e+05  4.08332e-01  0.00000e+00
7.33968e+05  4.08454e-01  0.00000e+00
7.33749e+05  4.08577e-01  0.00000e+00
7.33529e+05  4.08699e-01  0.00000e+00
7.33309e+05  4.08821e-01  0.00000e+00
7.33090e+05  4.08944e-01  0.00000e+00
7.32871e+05  4.09066e-01  0.00000e+00
7.32652e+05  4.09188e-01  0.00000e+00
7.32433e+05  4.09310e-01  0.00000e+00
7.32214e+05  4.09433e-01  0.00000e+00
7.31995e+05  4.09555e-01  0.00000e+00
7.31777e+05  4.09677e-01  0.00000e+00
7.31558e+05  4.09800e-01  0.00000e+00
7.31340e+05  4.09922e-01  0.00000e+00
7.31122e+05  4.10044e-01  0.00000e+00
7.30904e+05  4.10167e-01  0.00000e+00
7.30686e+05  4.10289e-01  0.00000e+00
7.30468e+05  4.10411e-01  0.00000e+00
7.30251e+05  4.10534e-01  0.00000e+00
7.30033e+05  4.10656e-01  0.00000e+00
7.29816e+05  4.10778e-01  0.00000e+00
7.29598e+05  4.10901e-01  0.00000e+00
7.29381e+05  4.11023e-01  0.00000e+00
7.29164e+05  4.11145e-01  0.00000e+00
7.28947e+05  4.11268e-01  0.00000e+00
7.28731e+05  4.11390e-01  0.00000e+00
7.28514e+05  4.11512e-01  0.00000e+00
7.28298e+05  4.11635e-01  0.00000e+00
7.28081e+05  4.11757e-01  0.00000e+00
7.27865e+05  4.11879e-01  0.00000e+00
7.27649e+05  4.12001e-01  0.00000e+00
7.27433e+05  4.12124e-01  0.00000e+00
7.27217e+05  4.12246e-01  0.00000e+00
7.27001e+05  4.12368e-01  0.00000e+00
7.26786e+05  4.12491e-01  0.00000e+00
7.26570e+05  4.12613e-01  0.00000e+00
7.26355e+05  4.12735e-01  0.00000e+00
7.26140e+05  4.12858e-01  0.00000e+00
7.25925e+05  4.12980e-01  0.00000e+00
7.25710e+05  4.13102e-01  0.00000e+00
7.25495e+05  4.13225e-01  0.00000e+00
7.25280e+05  4.13347e-01  0.00000e+00
7.25066e+05  4.13469e-01  0.00000e+00
7.24851e+05  4.13592e-01  0.00000e+00
7.24637e+05  4.13714e-01  0.00000e+00
7.24423e+05  4.13836e-01  0.00000e+00
7.24209e+05  4.13959e-01  0.00000e+00
7.23995e+05  4.14081e-01  0.00000e+00
7.23781e+05  4.14203e-01  0.00000e+00
7.23567e+05  4.14326e-01  0.00000e+00
7.23354e+05  4.14448e-01  0.00000e+00
7.23140e+05  4.14570e-01  0.00000e+00
7.22927e+05  4.14692e-01  0.00000e+00
7.22714e+05  4.14815e-01  0.00000e+00
7.22501e+05  4.14937e-01  0.00000e+00
7.22288e+05  4.15059e-01  0.00000e+00
7.22075e+05  4.15182e-01  0.00000e+00
7.21863e+05  4.15304e-01  0.00000e+00
7.21650e+05  4.15426e-01  0.00000e+00
7.21438e+05  4.15549e-01  0.00000e+00
7.21225e+05  4.15671e-01  0.00000e+00
7.21013e+05  4.15793e-01  0.00000e+00
7.20801e+05  4.15916e-01  0.00000e+00
7.20589e+05  4.16038e-01  0.00000e+00
7.20377e+05  4.16160e-01  0.00000e+00
7.20166e+05  4.16283e-01  0.00000e+00
7.19954e+05  4.16405e-01  0.00000e+00
7.19743e+05  4.16527e-01  0.00000e+00
7.19531e+05  4.16650e-01  0.00000e+00
7.19320e+05  4.16772e-01  0.00000e+00
7.19109e+05  4.16894e-01  0.00000e+00
7.18898e+05  4.17017e-01  0.00000e+00
7.18687e+05  4.17139e-01  0.00000e+00
7.18477e+05  4.17261e-01  0.00000e+00
7.18266e+05  4.17383e-01  0.00000e+00
7.18056e+05  4.17506e-01  0.00000e+00
7.17845e+05  4.17628e-01  0.00000e+00
7.17635e+05  4.17750e-01  0.00000e+00
7.17425e+05  4.17873e-01  0.00000e+00
7.17215e+05  4.17995e-01  0.00000e+00
7.17005e+05  4.18117e-01  0.00000e+00
7.16796e+05  4.18240e-01  0.00000e+00
7.16586e+05  4.18362e-01  0.00000e+00
7.16377e+05  4.18484e-01  0.00000e+00
7.16167e+05  4.18607e-01  0.00000e+00
7.15958e+05  4.18729e-01  0.00000e+00
7.15749e+05  4.18851e-01  0.00000e+00
7.15540e+05  4.18974e-01  0.00000e+00
7.15331e+05  4.19096e-01  0.00000e+00
7.15123e+05  4.19218e-01  0.00000e+00
7.14914e+05  4.19341e-01  0.00000e+00
7.14706e+05  4.19463e-01  0.00000e+00
7.14497e+05  4.19585e-01  0.00000e+00
7.14289e+05  4.19708e-01  0.00000e+00
7.14081e+05  4.19830e-01  0.00000e+00
7.13873e+05  4.19952e-01  0.00000e+00
7.13665e+05  4.20074e-01  0.00000e+00
7.13457e+05  4.20197e-01  0.00000e+00
7.13250e+05  4.20319e-01  0.00000e+00
7.13042e+05  4.20441e-01  0.00000e+00
7.12835e+05  4.20564e-01  0.00000e+00
7.12627e+05  4.20686e-01  0.00000e+00
7.12420e+05  4.20808e-01  0.00000e+00
7.12213e+05  4.20931e-01  0.00000e+00
7.12006e+05  4.21053e-01  0.00000e+00
7.11800e+05  4.21175e-01  0.00000e+00
7.11593e+05  4.21298e-01  0.00000e+00
7.11386e+05  4.21420e-01  0.00000e+00
7.11180e+05  4.21542e-01  0.00000e+00
7.10974e+05  4.21665e-01  0.00000e+00
7.10767e+05  4.21787e-01  1.91081e-01
7.10561e+05  4.21909e-01  1.95452e-01
7.10355e+05  4.22032e-01  2.00409e-01
7.10150e+05  4.22154e-01  2.05869e-01
7.09944e+05  4.22276e-01  2.12020e-01
7.09738e+05  4.22399e-01  2.18159e-01
7.09533e+05  4.22521e-01  2.25144e-01
7.09328e+05  4.22643e-01  2.32548e-01
7.09122e+05  4.22766e-01  2.40373e-01
7.08917e+05  4.22888e-01  2.48939e-01
7.08712e+05  4.23010e-01  2.58051e-01
7.08507e+05  4.23132e-01  2.67464e-01
7.08303e+05  4.23255e-01  2.77466e-01
7.08098e+05  4.23377e-01  2.88011e-01
7.07893e+05  4.23499e-01  2.98838e-01
7.07689e+05  4.23622e-01  3.10312e-01
7.07485e+05  4.23744e-01  3.22542e-01
7.07281e+05  4.23866e-01  3.34348e-01
7.07077e+05  4.23989e-01  3.46683e-01
7.06873e+05  4.24111e-01  3.59146e-01
7.06669e+05  4.24233e-01  3.71983e-01
7.06465e+05  4.24356e-01  3.84801e-01
7.06262e+05  4.24478e-01  3.97222e-01
7.06058e+05  4.24600e-01  4.10077e-01
7.05855e+05  4.24723e-01  4.22263e-01
7.05652e+05  4.24845e-01  4.34449e-01
7.05448e+05  4.24967e-01  4.46555e-01
7.05245e+05  4.25090e-01  4.57751e-01
7.05043e+05  4.25212e-01  4.69229e-01
7.04840e+05  4.25334e-01  4.79658e-01
7.04637e+05  4.25457e-01  4.90096e-01
7.04435e+05  4.25579e-01  5.00332e-01
7.04232e+05  4.25701e-01  5.09771e-01
7.04030e+05  4.25823e-01  5.19119e-01
7.03828e+05  4.25946e-01  5.28368e-01
7.03626e+05  4.26068e-01  5.37226e-01
7.03424e+05  4.26190e-01  5.45684e-01
7.03222e+05  4.26313e-01  5.54589e-01
7.03020e+05  4.26435e-01  5.62266e-01
7.02819e+05  4.26557e-01  5.70411e-01
7.02617e+05  4.26680e-01  5.79093e-01
7.02416e+05  4.26802e-01  5.87453e-01
7.02214e+05  4.26924e-01  5.96387e-01
7.02013e+05  4.27047e-01  6.04971e-01
7.01812e+05  4.27169e-01  6.13997e-01
7.01611e+05  4.27291e-01  6.22773e-01
7.01411e+05  4.27414e-01  6.31604e-01
7.01210e+05  4.27536e-01  6.40980e-01
7.01009e+05  4.27658e-01  6.50675e-01
7.00809e+05  4.27781e-01  6.60549e-01
7.00609e+05  4.27903e-01  6.70730e-01
7.00408e+05  4.28025e-01  6.80743e-01
7.00208e+05  4.28148e-01  6.91202e-01
7.00008e+05  4.28270e-01  7.01786e-01
6.99808e+05  4.28392e-01  7.11712e-01
6.99609e+05  4.28514e-01  7.21430e-01
6.99409e+05  4.28637e-01  7.32025e-01
6.99210e+05  4.28759e-01  7.42164e-01
6.99010e+05  4.28881e-01  7.51324e-01
6.98811e+05  4.29004e-01  7.60240e-01
6.98612e+05  4.29126e-01  7.69620e-01
6.98413e+05  4.29248e-01  7.78109e-01
6.98214e+05  4.29371e-01  7.85732e-01
6.98015e+05  4.29493e-01  7.93427e-01
6.97816e+05  4.29615e-01  8.00065e-01
6.97617e+05  4.29738e-01  8.06546e-01
6.97419e+05  4.29860e-01  8.11571e-01
6.97220e+05  4.29982e-01  8.16550e-01
6.97022e+05  4.30105e-01  8.20752e-01
6.96824e+05  4.30227e-01  8.23965e-01
6.96626e+05  4.30349e-01  8.26311e-01
6.96428e+05  4.30472e-01  8.27911e-01
6.96230e+05  4.30594e-01  8.29084e-01
6.96032e+05  4.30716e-01  8.29455e-01
6.95835e+05  4.30839e-01  8.28345e-01
6.95637e+05  4.30961e-01  8.27370e-01
6.95440e+05  4.31083e-01  8.25072e-01
6.95243e+05  4.31205e-01  8.22259e-01
6.95046e+05  4.31328e-01  8.19105e-01
6.94848e+05  4.31450e-01  8.15076e-01
6.94652e+05  4.31572e-01  8.11944e-01
6.94455e+05  4.31695e-01  8.08052e-01
6.94258e+05  4.31817e-01  8.02806e-01
6.94061e+05  4.31939e-01  7.98229e-01
6.93865e+05  4.32062e-01  7.93268e-01
6.93669e+05  4.32184e-01  7.89109e-01
6.93472e+05  4.32306e-01  7.84027e-01
6.93276e+05  4.32429e-01  7.79960e-01
6.93080e+05  4.32551e-01  7.75419e-01
6.92884e+05  4.32673e-01  7.71099e-01
6.92688e+05  4.32796e-01  7.67624e-01
6.92493e+05  4.32918e-01  7.64561e-01
6.92297e+05  4.33040e-01  7.61580e-01
6.92101e+05  4.33163e-01  7.59006e-01
6.91906e+05  4.33285e-01  7.56279e-01
6.91711e+05  4.33407e-01  7.54449e-01
6.91516e+05  4.33530e-01  7.53472e-01
6.91321e+05  4.33652e-01  7.52906e-01
6.91126e+05  4.33774e-01  7.53089e-01
6.90931e+05  4.33896e-01  7.53251e-01
6.90736e+05  4.34019e-01  7.53580e-01
6.90541e+05  4.34141e-01  7.54409e-01
6.90347e+05  4.34263e-01  7.56036e-01
6.90153e+05  4.34386e-01  7.58157e-01
6.89958e+05  4.34508e-01  7.59562e-01
6.89764e+05  4.34630e-01  7.61979e-01
6.89570e+05  4.34753e-01  7.64454e-01
6.89376e+05  4.34875e-01  7.66763e-01
6.89182e+05  4.34997e-01  7.69789e-01
6.88989e+05  4.35120e-01  7.72887e-01
6.88795e+05  4.35242e-01  7.76011e-01
6.88601e+05  4.35364e-01  7.78645e-01
6.88408e+05  4.35487e-01  7.81512e-01
6.88215e+05  4.35609e-01  7.84420e-01
6.88021e+05  4.35731e-01  7.87173e-01
6.87828e+05  4.35854e-01  7.89902e-01
6.87635e+05  4.35976e-01  7.92518e-01
6.87443e+05  4.36098e-01  7.94698e-01
6.87250e+05  4.36221e-01  7.96690e-01
6.87057e+05  4.36343e-01  7.98249e-01
6.86865e+05  4.36465e-01  7.99971e-01
6.86672e+05  4.36588e-01  8.00719e-01
6.86480e+05  4.36710e-01  8.01736e-01
6.86288e+05  4.36832e-01  8.02122e-01
6.86095e+05  4.36954e-01  8.01654e-01
6.85903e+05  4.37077e-01  8.01611e-01
6.85712e+05  4.37199e-01  8.01538e-01
6.85520e+05  4.37321e-01  8.00272e-01
6.85328e+05  4.37444e-01  7.98521e-01
6.85136e+05  4.37566e-01  7.96497e-01
6.84945e+05  4.37688e-01  7.94903e-01
6.84754e+05  4.37811e-01  7.92151e-01
6.84562e+05  4.37933e-01  7.90006e-01
6.84371e+05  4.38055e-01  7.87825e-01
6.84180e+05  4.38178e-01  7.84919e-01
6.83989e+05  4.38300e-01  7.81544e-01
6.83798e+05  4.38422e-01  7.78435e-01
6.83608e+05  4.38545e-01  7.75769e-01
6.83417e+05  4.38667e-01  7.72537e-01
6.83227e+05  4.38789e-01  7.70052e-01
6.83036e+05  4.38912e-01  7.66543e-01
6.82846e+05  4.39034e-01  7.63912e-01
6.82656e+05  4.39156e-01  7.61877e-01
6.82466e+05  4.39279e-01  7.59458e-01
6.82276e+05  4.39401e-01  7.57383e-01
6.82086e+05  4.39523e-01  7.55296e-01
6.81896e+05  4.39645e-01  7.53277e-01
6.81706e+05  4.39768e-01  7.51908e-01
6.81517e+05  4.39890e-01  7.50776e-01
6.81327e+05  4.40012e-01  7.49818e-01
6.81138e+05  4.40135e-01  7.49383e-01
6.80949e+05  4.40257e-01  7.48950e-01
6.80760e+05  4.40379e-01  7.49109e-01
6.80570e+05  4.40502e-01  7.49060e-01
6.80382e+05  4.40624e-01  7.49532e-01
6.80193e+05  4.40746e-01  7.50221e-01
6.80004e+05  4.40869e-01  7.50712e-01
6.79815e+05  4.40991e-01  7.51671e-01
6.79627e+05  4.41113e-01  7.53217e-01
6.79438e+05  4.41236e-01  7.54289e-01
6.79250e+05  4.41358e-01  7.55734e-01
6.79062e+05  4.41480e-01  7.57433e-01
6.78874e+05  4.41603e-01  7.58966e-01
6.78686e+05  4.41725e-01  7.60594e-01
6.78498e+05  4.41847e-01  7.62188e-01
6.78310e+05  4.41970e-01  7.64182e-01
6.78123e+05  4.42092e-01  7.66132e-01
6.77935e+05  4.42214e-01  7.67826e-01
6.77748e+05  4.42336e-01  7.69168e-01
6.77560e+05  4.42459e-01  7.70481e-01
6.77373e+05  4.42581e-01  7.72244e-01
6.77186e+05  4.42703e-01  7.73465e-01
6.76999e+05  4.42826e-01  7.74901e-01
6.76812e+05  4.42948e-01  7.75622e-01
6.76625e+05  4.43070e-01  7.76383e-01
6.76438e+05  4.43193e-01  7.77037e-01
6.76252e+05  4.43315e-01  7.77795e-01
6.76065e+05  4.43437e-01  7.78906e-01
6.75879e+05  4.43560e-01  7.78616e-01
6.75692e+05  4.43682e-01  7.78917e-01
6.75506e+05  4.43804e-01  7.79330e-01
6.75320e+05  4.43927e-01  7.78390e-01
6.75134e+05  4.44049e-01  7.78413e-01
6.74948e+05  4.44171e-01  7.78070e-01
6.74762e+05  4.44294e-01  7.77289e-01
6.74576e+05  4.44416e-01  7.77091e-01
6.74391e+05  4.44538e-01  7.75962e-01
6.74205e+05  4.44661e-01  7.75150e-01
6.74020e+05  4.44783e-01  7.74295e-01
6.73835e+05  4.44905e-01  7.73241e-01
6.73649e+05  4.45027e-01  7.71850e-01
6.73464e+05  4.45150e-01  7.70493e-01
6.73279e+05  4.45272e-01  7.69703e-01
6.73094e+05  4.45394e-01  7.69040e-01
6.72909e+05  4.45517e-01  7.68175e-01
6.72725e+05  4.45639e-01  7.67093e-01
6.72540e+05  4.45761e-01  7.66433e-01
6.72356e+05  4.45884e-01  7.65545e-01
6.72171e+05  4.46006e-01  7.64505e-01
6.71987e+05  4.46128e-01  7.63490e-01
6.71803e+05  4.46251e-01  7.62908e-01
6.71619e+05  4.46373e-01  7.62597e-01
6.71435e+05  4.46495e-01  7.62167e-01
6.71251e+05  4.46618e-01  7.61085e-01
6.71067e+05  4.46740e-01  7.60508e-01
6.70883e+05  4.46862e-01  7.60195e-01
6.70700e+05  4.46985e-01  7.60047e-01
6.70516e+05  4.47107e-01  7.59538e-01
6.70333e+05  4.47229e-01  7.58388e-01
6.70150e+05  4.47352e-01  7.58064e-01
6.69966e+05  4.47474e-01  7.57216e-01
6.69783e+05  4.47596e-01  7.56955e-01
6.69600e+05  4.47718e-01  7.57041e-01
6.69417e+05  4.47841e-01  7.55762e-01
6.69235e+05  4.47963e-01  7.55080e-01
6.69052e+05  4.48085e-01  7.54491e-01
6.68869e+05  4.48208e-01  7.53839e-01
6.68687e+05  4.48330e-01  7.53042e-01
6.68505e+05  4.48452e-01  7.52156e-01
6.68322e+05  4.48575e-01  7.50893e-01
6.68140e+05  4.48697e-01  7.49765e-01
6.67958e+05  4.48819e-01  7.49037e-01
6.67776e+05  4.48942e-01  7.47836e-01
6.67594e+05  4.49064e-01  7.46571e-01
6.67412e+05  4.49186e-01  7.44931e-01
6.67231e+05  4.49309e-01  7.43510e-01
6.67049e+05  4.49431e-01  7.42070e-01
6.66867e+05  4.49553e-01  7.40139e-01
6.66686e+05  4.49676e-01  7.38635e-01
6.66505e+05  4.49798e-01  7.36964e-01
6.66324e+05  4.49920e-01  7.35035e-01
6.66142e+05  4.50043e-01  7.33263e-01
6.65961e+05  4.50165e-01  7.31518e-01
6.65781e+05  4.50287e-01  7.29471e-01
6.65600e+05  4.50410e-01  7.27409e-01
6.65419e+05  4.50532e-01  7.25656e-01
6.65238e+05  4.50654e-01  7.23835e-01
6.65058e+05  4.50776e-01  7.22403e-01
6.64878e+05  4.50899e-01  7.20661e-01
6.64697e+05  4.51021e-01  7.19168e-01
6.64517e+05  4.51143e-01  7.17672e-01
6.64337e+05  4.51266e-01  7.16521e-01
6.64157e+05  4.51388e-01  7.15229e-01
6.63977e+05  4.51510e-01  7.14137e-01
6.63797e+05  4.51633e-01  7.13430e-01
6.63617e+05  4.51755e-01  7.12683e-01
6.63438e+05  4.51877e-01  7.12090e-01
6.63258e+05  4.52000e-01  7.11639e-01
6.63079e+05  4.52122e-01  7.11520e-01
6.62899e+05  4.52244e-01  7.11504e-01
6.62720e+05  4.52367e-01  7.11916e-01
6.62541e+05  4.52489e-01  7.12539e-01
6.62362e+05  4.52611e-01  7.13666e-01
6.62183e+05  4.52734e-01  7.14883e-01
6.62004e+05  4.52856e-01  7.16144e-01
6.61825e+05  4.52978e-01  7.17637e-01
6.61647e+05  4.53101e-01  7.19712e-01
6.61468e+05  4.53223e-01  7.22046e-01
6.61290e+05  4.53345e-01  7.24311e-01
6.61111e+05  4.53467e-01  7.26841e-01
6.60933e+05  4.53590e-01  7.30133e-01
6.60755e+05  4.53712e-01  7.33285e-01
6.60577e+05  4.53834e-01  7.37052e-01
6.60399e+05  4.53957e-01  7.41097e-01
6.60221e+05  4.54079e-01  7.44535e-01
6.60043e+05  4.54201e-01  7.48873e-01
6.59865e+05  4.54324e-01  7.53291e-01
6.59688e+05  4.54446e-01  7.57469e-01
6.59510e+05  4.54568e-01  7.62554e-01
6.59333e+05  4.54691e-01  7.67185e-01
6.59155e+05  4.54813e-01  7.72074e-01
6.58978e+05  4.54935e-01  7.77996e-01
6.58801e+05  4.55058e-01  7.83028e-01
6.58624e+05  4.55180e-01  7.88307e-01
6.58447e+05  4.55302e-01  7.93821e-01
6.58270e+05  4.55425e-01  7.98952e-01
6.58094e+05  4.55547e-01  8.03539e-01
6.57917e+05  4.55669e-01  8.08875e-01
6.57740e+05  4.55792e-01  8.14449e-01
6.57564e+05  4.55914e-01  8.19125e-01
6.57387e+05  4.56036e-01  8.23883e-01
6.57211e+05  4.56158e-01  8.28795e-01
6.57035e+05  4.56281e-01  8.32749e-01
6.56859e+05  4.56403e-01  8.36970e-01
6.56683e+05  4.56525e-01  8.41208e-01
6.56507e+05  4.56648e-01  8.44573e-01
6.56331e+05  4.56770e-01  8.48350e-01
6.56156e+05  4.56892e-01  8.51522e-01
6.55980e+05  4.57015e-01  8.54156e-01
6.55804e+05  4.57137e-01  8.56383e-01
6.55629e+05  4.57259e-01  8.58159e-01
6.55454e+05  4.57382e-01  8.60293e-01
6.55278e+05  4.57504e-01  8.61711e-01
6.55103e+05  4.57626e-01  8.62972e-01
6.54928e+05  4.57749e-01  8.63828e-01
6.54753e+05  4.57871e-01  8.63993e-01
6.54578e+05  4.57993e-01  8.64330e-01
6.54404e+05  4.58116e-01  8.64483e-01
6.54229e+05  4.58238e-01  8.63621e-01
6.54054e+05  4.58360e-01  8.63307e-01
6.53880e+05  4.58483e-01  8.62300e-01
6.53705e+05  4.58605e-01  8.61027e-01
6.53531e+05  4.58727e-01  8.60159e-01
6.53357e+05  4.58849e-01  8.58734e-01
6.53183e+05  4.58972e-01  8.56841e-01
6.53009e+05  4.59094e-01  8.54534e-01
6.52835e+05  4.59216e-01  8.52532e-01
6.52661e+05  4.59339e-01  8.50824e-01
6.52487e+05  4.59461e-01  8.48528e-01
6.52314e+05  4.59583e-01  8.46535e-01
6.52140e+05  4.59706e-01  8.44732e-01
6.51966e+05  4.59828e-01  8.43358e-01
6.51793e+05  4.59950e-01  8.40556e-01
6.51620e+05  4.60073e-01  8.38416e-01
6.51447e+05  4.60195e-01  8.36968e-01
6.51273e+05  4.60317e-01  8.35202e-01
6.51100e+05  4.60440e-01  8.33231e-01
6.50928e+05  4.60562e-01  8.31877e-01
6.50755e+05  4.60684e-01  8.30644e-01
6.50582e+05  4.60807e-01  8.29033e-01
6.50409e+05  4.60929e-01  8.28230e-01
6.50237e+05  4.61051e-01  8.27473e-01
6.50064e+05  4.61174e-01  8.26573e-01
6.49892e+05  4.61296e-01  8.26226e-01
6.49720e+05  4.61418e-01  8.25694e-01
6.49547e+05  4.61540e-01  8.25574e-01
6.49375e+05  4.61663e-01  8.25606e-01
6.49203e+05  4.61785e-01  8.25795e-01
6.49031e+05  4.61907e-01  8.26223e-01
6.48860e+05  4.62030e-01  8.26564e-01
6.48688e+05  4.62152e-01  8.27437e-01
6.48516e+05  4.62274e-01  8.28144e-01
6.48345e+05  4.62397e-01  8.29541e-01
6.48173e+05  4.62519e-01  8.30709e-01
6.48002e+05  4.62641e-01  8.31744e-01
6.47831e+05  4.62764e-01  8.33380e-01
6.47659e+05  4.62886e-01  8.34844e-01
6.47488e+05  4.63008e-01  8.36148e-01
6.47317e+05  4.63131e-01  8.37884e-01
6.47146e+05  4.63253e-01  8.40352e-01
6.46976e+05  4.63375e-01  8.41998e-01
6.46805e+05  4.63498e-01  8.43781e-01
6.46634e+05  4.63620e-01  8.45673e-01
6.46464e+05  4.63742e-01  8.47298e-01
6.46293e+05  4.63865e-01  8.49033e-01
6.46123e+05  4.63987e-01  8.51252e-01
6.45952e+05  4.64109e-01  8.53676e-01
6.45782e+05  4.64231e-01  8.55514e-01
6.45612e+05  4.64354e-01  8.57414e-01
6.45442e+05  4.64476e-01  8.58918e-01
6.45272e+05  4.64598e-01  8.60923e-01
6.45102e+05  4.64721e-01  8.62922e-01
6.44933e+05  4.64843e-01  8.64146e-01
6.44763e+05  4.64965e-01  8.65531e-01
6.44593e+05  4.65088e-01  8.67241e-01
6.44424e+05  4.65210e-01  8.69066e-01
6.44254e+05  4.65332e-01  8.69851e-01
6.44085e+05  4.65455e-01  8.70868e-01
6.43916e+05  4.65577e-01  8.71925e-01
6.43747e+05  4.65699e-01  8.73165e-01
6.43578e+05  4.65822e-01  8.73778e-01
6.43409e+05  4.65944e-01  8.74387e-01
6.43240e+05  4.66066e-01  8.74705e-01
6.43071e+05  4.66189e-01  8.75185e-01
6.42903e+05  4.66311e-01  8.76418e-01
6.42734e+05  4.66433e-01  8.75888e-01
6.42565e+05  4.66556e-01  8.75729e-01
6.42397e+05  4.66678e-01  8.75837e-01
6.42229e+05  4.66800e-01  8.76494e-01
6.42060e+05  4.66923e-01  8.75635e-01
6.41892e+05  4.67045e-01  8.75197e-01
6.41724e+05  4.67167e-01  8.75030e-01
6.41556e+05  4.67289e-01  8.74008e-01
6.41388e+05  4.67412e-01  8.73691e-01
6.41221e+05  4.67534e-01  8.73550e-01
6.41053e+05  4.67656e-01  8.72425e-01
6.40885e+05  4.67779e-01  8.71490e-01
6.40718e+05  4.67901e-01  8.70744e-01
6.40550e+05  4.68023e-01  8.69720e-01
6.40383e+05  4.68146e-01  8.68802e-01
6.40216e+05  4.68268e-01  8.67842e-01
6.40048e+05  4.68390e-01  8.66409e-01
6.39881e+05  4.68513e-01  8.65513e-01
6.39714e+05  4.68635e-01  8.64962e-01
6.39547e+05  4.68757e-01  8.64221e-01
6.39380e+05  4.68880e-01  8.63285e-01
6.39214e+05  4.69002e-01  8.62038e-01
6.39047e+05  4.69124e-01  8.61291e-01
6.38880e+05  4.69247e-01  8.60487e-01
6.38714e+05  4.69369e-01  8.60150e-01
6.38548e+05  4.69491e-01  8.59851e-01
6.38381e+05  4.69614e-01  8.58801e-01
6.38215e+05  4.69736e-01  8.58832e-01
6.38049e+05  4.69858e-01  8.58764e-01
6.37883e+05  4.69980e-01  8.58416e-01
6.37717e+05  4.70103e-01  8.58445e-01
6.37551e+05  4.70225e-01  8.58140e-01
6.37385e+05  4.70347e-01  8.57999e-01
6.37219e+05  4.70470e-01  8.58753e-01
6.37054e+05  4.70592e-01  8.59636e-01
6.36888e+05  4.70714e-01  8.59982e-01
6.36723e+05  4.70837e-01  8.60080e-01
6.36557e+05  4.70959e-01  8.61181e-01
6.36392e+05  4.71081e-01  8.62302e-01
6.36227e+05  4.71204e-01  8.62822e-01
6.36062e+05  4.71326e-01  8.63992e-01
6.35897e+05  4.71448e-01  8.64868e-01
6.35732e+05  4.71571e-01  8.66007e-01
6.35567e+05  4.71693e-01  8.67520e-01
6.35402e+05  4.71815e-01  8.68549e-01
6.35238e+05  4.71938e-01  8.69382e-01
6.35073e+05  4.72060e-01  8.71061e-01
6.34908e+05  4.72182e-01  8.72349e-01
6.34744e+05  4.72305e-01  8.73253e-01
6.34580e+05  4.72427e-01  8.74190e-01
6.34415e+05  4.72549e-01  8.75096e-01
6.34251e+05  4.72671e-01  8.76813e-01
6.34087e+05  4.72794e-01  8.77124e-01
6.33923e+05  4.72916e-01  8.77944e-01
6.33759e+05  4.73038e-01  8.78107e-01
6.33595e+05  4.73161e-01  8.78939e-01
6.33432e+05  4.73283e-01  8.79775e-01
6.33268e+05  4.73405e-01  8.79227e-01
6.33104e+05  4.73528e-01  8.79926e-01
6.32941e+05  4.73650e-01  8.79500e-01
6.32777e+05  4.73772e-01  8.79578e-01
6.32614e+05  4.73895e-01  8.79230e-01
6.32451e+05  4.74017e-01  8.78533e-01
6.32288e+05  4.74139e-01  8.77912e-01
6.32125e+05  4.74262e-01  8.77455e-01
6.31962e+05  4.74384e-01  8.76260e-01
6.31799e+05  4.74506e-01  8.75153e-01
6.31636e+05  4.74629e-01  8.73659e-01
6.31473e+05  4.74751e-01  8.72347e-01
6.31311e+05  4.74873e-01  8.70722e-01
6.31148e+05  4.74996e-01  8.69204e-01
6.30985e+05  4.75118e-01  8.68006e-01
6.30823e+05  4.75240e-01  8.66414e-01
6.30661e+05  4.75362e-01  8.65009e-01
6.30499e+05  4.75485e-01  8.63108e-01
6.30336e+05  4.75607e-01  8.61351e-01
6.30174e+05  4.75729e-01  8.59159e-01
6.30012e+05  4.75852e-01  8.58167e-01
6.29850e+05  4.75974e-01  8.56591e-01
6.29689e+05  4.76096e-01  8.54663e-01
6.29527e+05  4.76219e-01  8.52636e-01
6.29365e+05  4.76341e-01  8.50968e-01
6.29204e+05  4.76463e-01  8.49916e-01
6.29042e+05  4.76586e-01  8.48679e-01
6.28881e+05  4.76708e-01  8.47637e-01
6.28719e+05  4.76830e-01  8.46704e-01
6.28558e+05  4.76953e-01  8.45693e-01
6.28397e+05  4.77075e-01  8.44851e-01
6.28236e+05  4.77197e-01  8.43924e-01
6.28075e+05  4.77320e-01  8.43845e-01
6.27914e+05  4.77442e-01  8.43249e-01
6.27753e+05  4.77564e-01  8.42538e-01
6.27592e+05  4.77687e-01  8.42706e-01
6.27432e+05  4.77809e-01  8.42488e-01
6.27271e+05  4.77931e-01  8.42916e-01
6.27111e+05  4.78053e-01  8.42607e-01
6.26950e+05  4.78176e-01  8.43029e-01
6.26790e+05  4.78298e-01  8.43741e-01
6.26630e+05  4.78420e-01  8.44146e-01
6.26470e+05  4.78543e-01  8.44360e-01
6.26309e+05  4.78665e-01  8.45283e-01
6.26149e+05  4.78787e-01  8.45802e-01
6.25989e+05  4.78910e-01  8.46614e-01
6.25830e+05  4.79032e-01  8.47653e-01
6.25670e+05  4.79154e-01  8.48441e-01
6.25510e+05  4.79277e-01  8.49419e-01
6.25351e+05  4.79399e-01  8.49818e-01
6.25191e+05  4.79521e-01  8.51119e-01
6.25032e+05  4.79644e-01  8.52067e-01
6.24872e+05  4.79766e-01  8.52686e-01
6.24713e+05  4.79888e-01  8.53471e-01
6.24554e+05  4.80011e-01  8.54670e-01
6.24395e+05  4.80133e-01  8.55739e-01
6.24236e+05  4.80255e-01  8.56661e-01
6.24077e+05  4.80378e-01  8.57197e-01
6.23918e+05  4.80500e-01  8.57168e-01
6.23759e+05  4.80622e-01  8.57501e-01
6.23600e+05  4.80745e-01  8.58625e-01
6.23442e+05  4.80867e-01  8.59268e-01
6.23283e+05  4.80989e-01  8.58944e-01
6.23125e+05  4.81111e-01  8.58909e-01
6.22966e+05  4.81234e-01  8.59264e-01
6.22808e+05  4.81356e-01  8.59405e-01
6.22650e+05  4.81478e-01  8.59246e-01
6.22492e+05  4.81601e-01  8.59479e-01
6.22334e+05  4.81723e-01  8.59174e-01
6.22176e+05  4.81845e-01  8.58213e-01
6.22018e+05  4.81968e-01  8.57489e-01
6.21860e+05  4.82090e-01  8.57886e-01
6.21702e+05  4.82212e-01  8.57017e-01
6.21545e+05  4.82335e-01  8.55913e-01
6.21387e+05  4.82457e-01  8.55283e-01
6.21229e+05  4.82579e-01  8.54369e-01
6.21072e+05  4.82702e-01  8.53556e-01
6.20915e+05  4.82824e-01  8.52830e-01
6.20757e+05  4.82946e-01  8.51669e-01
6.20600e+05  4.83069e-01  8.50274e-01
6.20443e+05  4.83191e-01  8.49240e-01
6.20286e+05  4.83313e-01  8.47926e-01
6.20129e+05  4.83436e-01  8.46564e-01
6.19972e+05  4.83558e-01  8.45325e-01
6.19816e+05  4.83680e-01  8.44064e-01
6.19659e+05  4.83802e-01  8.42890e-01
6.19502e+05  4.83925e-01  8.41900e-01
6.19346e+05  4.84047e-01  8.40049e-01
6.19189e+05  4.84169e-01  8.38289e-01
6.19033e+05  4.84292e-01  8.37050e-01
6.18876e+05  4.84414e-01  8.35794e-01
6.18720e+05  4.84536e-01  8.34381e-01
6.18564e+05  4.84659e-01  8.33166e-01
6.18408e+05  4.84781e-01  8.31461e-01
6.18252e+05  4.84903e-01  8.29939e-01
6.18096e+05  4.85026e-01  8.28466e-01
6.17940e+05  4.85148e-01  8.27052e-01
6.17784e+05  4.85270e-01  8.25504e-01
6.17629e+05  4.85393e-01  8.24136e-01
6.17473e+05  4.85515e-01  8.23082e-01
6.17318e+05  4.85637e-01  8.21765e-01
6.17162e+05  4.85760e-01  8.20319e-01
6.17007e+05  4.85882e-01  8.19024e-01
6.16852e+05  4.86004e-01  8.17425e-01
6.16696e+05  4.86127e-01  8.16348e-01
6.16541e+05  4.86249e-01  8.15215e-01
6.16386e+05  4.86371e-01  8.13832e-01
6.16231e+05  4.86493e-01  8.13003e-01
6.16076e+05  4.86616e-01  8.12343e-01
6.15921e+05  4.86738e-01  8.11397e-01
6.15767e+05  4.86860e-01  8.10164e-01
6.15612e+05  4.86983e-01  8.09657e-01
6.15457e+05  4.87105e-01  8.08926e-01
6.15303e+05  4.87227e-01  8.08543e-01
6.15149e+05  4.87350e-01  8.08363e-01
6.14994e+05  4.87472e-01  8.07593e-01
6.14840e+05  4.87594e-01  8.07435e-01
6.14686e+05  4.87717e-01  8.07234e-01
6.14532e+05  4.87839e-01  8.06679e-01
6.14378e+05  4.87961e-01  8.07170e-01
6.14224e+05  4.88084e-01  8.07818e-01
6.14070e+05  4.88206e-01  8.07916e-01
6.13916e+05  4.88328e-01  8.08072e-01
6.13762e+05  4.88451e-01  8.09087e-01
6.13608e+05  4.88573e-01  8.09868e-01
6.13455e+05  4.88695e-01  8.10879e-01
6.13301e+05  4.88818e-01  8.11687e-01
6.13148e+05  4.88940e-01  8.12943e-01
6.12995e+05  4.89062e-01  8.13994e-01
6.12841e+05  4.89184e-01  8.15537e-01
6.12688e+05  4.89307e-01  8.16842e-01
6.12535e+05  4.89429e-01  8.18549e-01
6.12382e+05  4.89551e-01  8.20121e-01
6.12229e+05  4.89674e-01  8.22244e-01
6.12076e+05  4.89796e-01  8.23992e-01
6.11923e+05  4.89918e-01  8.25499e-01
6.11771e+05  4.90041e-01  8.27511e-01
6.11618e+05  4.90163e-01  8.29071e-01
6.11465e+05  4.90285e-01  8.30738e-01
6.11313e+05  4.90408e-01  8.32959e-01
6.11160e+05  4.90530e-01  8.35055e-01
6.11008e+05  4.90652e-01  8.37175e-01
6.10856e+05  4.90775e-01  8.39035e-01
6.10703e+05  4.90897e-01  8.40948e-01
6.10551e+05  4.91019e-01  8.42682e-01
6.10399e+05  4.91142e-01  8.43855e-01
6.10247e+05  4.91264e-01  8.45425e-01
6.10095e+05  4.91386e-01  8.47321e-01
6.09944e+05  4.91509e-01  8.48313e-01
6.09792e+05  4.91631e-01  8.49773e-01
6.09640e+05  4.91753e-01  8.50743e-01
6.09489e+05  4.91875e-01  8.51534e-01
6.09337e+05  4.91998e-01  8.52430e-01
6.09186e+05  4.92120e-01  8.52915e-01
6.09034e+05  4.92242e-01  8.53472e-01
6.08883e+05  4.92365e-01  8.53928e-01
6.08732e+05  4.92487e-01  8.54304e-01
6.08580e+05  4.92609e-01  8.53853e-01
6.08429e+05  4.92732e-01  8.53498e-01
6.08278e+05  4.92854e-01  8.53266e-01
6.08127e+05  4.92976e-01  8.52557e-01
6.07977e+05  4.93099e-01  8.52427e-01
6.07826e+05  4.93221e-01  8.51559e-01
6.07675e+05  4.93343e-01  8.50281e-01
6.07524e+05  4.93466e-01  8.49688e-01
6.07374e+05  4.93588e-01  8.48850e-01
6.07223e+05  4.93710e-01  8.47326e-01
6.07073e+05  4.93833e-01  8.46100e-01
6.06923e+05  4.93955e-01  8.44934e-01
6.06772e+05  4.94077e-01  8.43609e-01
6.06622e+05  4.94200e-01  8.42286e-01
6.06472e+05  4.94322e-01  8.41398e-01
6.06322e+05  4.94444e-01  8.39834e-01
6.06172e+05  4.94566e-01  8.38692e-01
6.06022e+05  4.94689e-01  8.37203e-01
6.05872e+05  4.94811e-01  8.36434e-01
6.05723e+05  4.94933e-01  8.35558e-01
6.05573e+05  4.95056e-01  8.34368e-01
6.05424e+05  4.95178e-01  8.33482e-01
6.05274e+05  4.95300e-01  8.32629e-01
6.05125e+05  4.95423e-01  8.31685e-01
6.04975e+05  4.95545e-01  8.31472e-01
6.04826e+05  4.95667e-01  8.31262e-01
6.04677e+05  4.95790e-01  8.31055e-01
6.04528e+05  4.95912e-01  8.30545e-01
6.04378e+05  4.96034e-01  8.31254e-01
6.04229e+05  4.96157e-01  8.31508e-01
6.04081e+05  4.96279e-01  8.31364e-01
6.03932e+05  4.96401e-01  8.31796e-01
6.03783e+05  4.96524e-01  8.32321e-01
6.03634e+05  4.96646e-01  8.33027e-01
6.03486e+05  4.96768e-01  8.34206e-01
6.03337e+05  4.96891e-01  8.35318e-01
6.03189e+05  4.97013e-01  8.36371e-01
6.03040e+05  4.97135e-01  8.38258e-01
6.02892e+05  4.97258e-01  8.39763e-01
6.02744e+05  4.97380e-01  8.41154e-01
6.02595e+05  4.97502e-01  8.43027e-01
6.02447e+05  4.97624e-01  8.45149e-01
6.02299e+05  4.97747e-01  8.46765e-01
6.02151e+05  4.97869e-01  8.48580e-01
6.02003e+05  4.97991e-01  8.50059e-01
6.01855e+05  4.98114e-01  8.52354e-01
6.01708e+05  4.98236e-01  8.54844e-01
6.01560e+05  4.98358e-01  8.57233e-01
6.01412e+05  4.98481e-01  8.59631e-01
6.01265e+05  4.98603e-01  8.61878e-01
6.01117e+05  4.98725e-01  8.64718e-01
6.00970e+05  4.98848e-01  8.67034e-01
6.00823e+05  4.98970e-01  8.69222e-01
6.00675e+05  4.99092e-01  8.71683e-01
6.00528e+05  4.99215e-01  8.74341e-01
6.00381e+05  4.99337e-01  8.76520e-01
6.00234e+05  4.99459e-01  8.79170e-01
6.00087e+05  4.99582e-01  8.81394e-01
5.99940e+05  4.99704e-01  8.83619e-01
5.99793e+05  4.99826e-01  8.85938e-01
5.99647e+05  4.99949e-01  8.88544e-01
5.99500e+05  5.00071e-01  8.90399e-01
5.99353e+05  5.00193e-01  8.92772e-01
5.99207e+05  5.00315e-01  8.95558e-01
5.99060e+05  5.00438e-01  8.98062e-01
5.98914e+05  5.00560e-01  8.99390e-01
5.98768e+05  5.00682e-01  9.01634e-01
5.98621e+05  5.00805e-01  9.03085e-01
5.98475e+05  5.00927e-01  9.04537e-01
5.98329e+05  5.01049e-01  9.06170e-01
5.98183e+05  5.01172e-01  9.07674e-01
5.98037e+05  5.01294e-01  9.09335e-01
5.97891e+05  5.01416e-01  9.11016e-01
5.97745e+05  5.01539e-01  9.12969e-01
5.97600e+05  5.01661e-01  9.14742e-01
5.97454e+05  5.01783e-01  9.16268e-01
5.97308e+05  5.01906e-01  9.18001e-01
5.97163e+05  5.02028e-01  9.18510e-01
5.97017e+05  5.02150e-01  9.18793e-01
5.96872e+05  5.02273e-01  9.18410e-01
5.96727e+05  5.02395e-01  9.17541e-01
5.96581e+05  5.02517e-01  9.16692e-01
5.96436e+05  5.02640e-01  9.16325e-01
5.96291e+05  5.02762e-01  9.15821e-01
5.96146e+05  5.02884e-01  9.15630e-01
5.96001e+05  5.03006e-01  9.15010e-01
5.95856e+05  5.03129e-01  9.14153e-01
5.95711e+05  5.03251e-01  9.13642e-01
5.95567e+05  5.03373e-01  9.12949e-01
5.95422e+05  5.03496e-01  9.12459e-01
5.95277e+05  5.03618e-01  9.11178e-01
5.95133e+05  5.03740e-01  9.09865e-01
5.94988e+05  5.03863e-01  9.08721e-01
5.94844e+05  5.03985e-01  9.07353e-01
5.94700e+05  5.04107e-01  9.06044e-01
5.94555e+05  5.04230e-01  9.04308e-01
5.94411e+05  5.04352e-01  9.02572e-01
5.94267e+05  5.04474e-01  9.00888e-01
5.94123e+05  5.04597e-01  8.98828e-01
5.93979e+05  5.04719e-01  8.96840e-01
5.93835e+05  5.04841e-01  8.95021e-01
5.93691e+05  5.04964e-01  8.93558e-01
5.93547e+05  5.05086e-01  8.91122e-01
5.93404e+05  5.05208e-01  8.88830e-01
5.93260e+05  5.05331e-01  8.87190e-01
5.93117e+05  5.05453e-01  8.85499e-01
5.92973e+05  5.05575e-01  8.83443e-01
5.92830e+05  5.05697e-01  8.81604e-01
5.92686e+05  5.05820e-01  8.79497e-01
5.92543e+05  5.05942e-01  8.77481e-01
5.92400e+05  5.06064e-01  8.76254e-01
5.92257e+05  5.06187e-01  8.74367e-01
5.92114e+05  5.06309e-01  8.73054e-01
5.91971e+05  5.06431e-01  8.71648e-01
5.91828e+05  5.06554e-01  8.70551e-01
5.91685e+05  5.06676e-01  8.68900e-01
5.91542e+05  5.06798e-01  8.67873e-01
5.91399e+05  5.06921e-01  8.66965e-01
5.91256e+05  5.07043e-01  8.66187e-01
5.91114e+05  5.07165e-01  8.65662e-01
5.90971e+05  5.07288e-01  8.64707e-01
5.90829e+05  5.07410e-01  8.64850e-01
5.90686e+05  5.07532e-01  8.64368e-01
5.90544e+05  5.07655e-01  8.64003e-01
5.90402e+05  5.07777e-01  8.64048e-01
5.90260e+05  5.07899e-01  8.63884e-01
5.90118e+05  5.08022e-01  8.64105e-01
5.89976e+05  5.08144e-01  8.64605e-01
5.89834e+05  5.08266e-01  8.64930e-01
5.89692e+05  5.08388e-01  8.65314e-01
5.89550e+05  5.08511e-01  8.65788e-01
5.89408e+05  5.08633e-01  8.66443e-01
5.89266e+05  5.08755e-01  8.66649e-01
5.89125e+05  5.08878e-01  8.67333e-01
5.88983e+05  5.09000e-01  8.67821e-01
5.88842e+05  5.09122e-01  8.68500e-01
5.88700e+05  5.09245e-01  8.69487e-01
5.88559e+05  5.09367e-01  8.69692e-01
5.88418e+05  5.09489e-01  8.70265e-01
5.88276e+05  5.09612e-01  8.70788e-01
5.88135e+05  5.09734e-01  8.71624e-01
5.87994e+05  5.09856e-01  8.72128e-01
5.87853e+05  5.09979e-01  8.72248e-01
5.87712e+05  5.10101e-01  8.72462e-01
5.87571e+05  5.10223e-01  8.72721e-01
5.87430e+05  5.10346e-01  8.72789e-01
5.87290e+05  5.10468e-01  8.72873e-01
5.87149e+05  5.10590e-01  8.72795e-01
5.87008e+05  5.10713e-01  8.72853e-01
5.86868e+05  5.10835e-01  8.72656e-01
5.86727e+05  5.10957e-01  8.72711e-01
5.86587e+05  5.11080e-01  8.71962e-01
5.86446e+05  5.11202e-01  8.72116e-01
5.86306e+05  5.11324e-01  8.71445e-01
5.86166e+05  5.11446e-01  8.71106e-01
5.86026e+05  5.11569e-01  8.70401e-01
5.85886e+05  5.11691e-01  8.69463e-01
5.85746e+05  5.11813e-01  8.69021e-01
5.85606e+05  5.11936e-01  8.68890e-01
5.85466e+05  5.12058e-01  8.68299e-01
5.85326e+05  5.12180e-01  8.67812e-01
5.85186e+05  5.12303e-01  8.66365e-01
5.85046e+05  5.12425e-01  8.65848e-01
5.84907e+05  5.12547e-01  8.65224e-01
5.84767e+05  5.12670e-01  8.64649e-01
5.84628e+05  5.12792e-01  8.63919e-01
5.84488e+05  5.12914e-01  8.63048e-01
5.84349e+05  5.13037e-01  8.62538e-01
5.84210e+05  5.13159e-01  8.61794e-01
5.84071e+05  5.13281e-01  8.60780e-01
5.83931e+05  5.13404e-01  8.60105e-01
5.83792e+05  5.13526e-01  8.59132e-01
5.83653e+05  5.13648e-01  8.58260e-01
5.83514e+05  5.13771e-01  8.57349e-01
5.83375e+05  5.13893e-01  8.56178e-01
5.83237e+05  5.14015e-01  8.55438e-01
5.83098e+05  5.14137e-01  8.53720e-01
5.82959e+05  5.14260e-01  8.52276e-01
5.82821e+05  5.14382e-01  8.50677e-01
5.82682e+05  5.14504e-01  8.48488e-01
5.82543e+05  5.14627e-01  8.46261e-01
5.82405e+05  5.14749e-01  8.44298e-01
5.82267e+05  5.14871e-01  8.42104e-01
5.82128e+05  5.14994e-01  8.39806e-01
5.81990e+05  5.15116e-01  8.36852e-01
5.81852e+05  5.15238e-01  8.33811e-01
5.81714e+05  5.15361e-01  8.30828e-01
5.81576e+05  5.15483e-01  8.27597e-01
5.81438e+05  5.15605e-01  8.24079e-01
5.81300e+05  5.15728e-01  8.20349e-01
5.81162e+05  5.15850e-01  8.16330e-01
5.81024e+05  5.15972e-01  8.12781e-01
5.80887e+05  5.16095e-01  8.08549e-01
5.80749e+05  5.16217e-01  8.04766e-01
5.80611e+05  5.16339e-01  8.00862e-01
5.80474e+05  5.16462e-01  7.97213e-01
5.80337e+05  5.16584e-01  7.93401e-01
5.80199e+05  5.16706e-01  7.88930e-01
5.80062e+05  5.16828e-01  7.85354e-01
5.79925e+05  5.16951e-01  7.81850e-01
5.79787e+05  5.17073e-01  7.78442e-01
5.79650e+05  5.17195e-01  7.75133e-01
5.79513e+05  5.17318e-01  7.71925e-01
5.79376e+05  5.17440e-01  7.68959e-01
5.79239e+05  5.17562e-01  7.66419e-01
5.79102e+05  5.17685e-01  7.64755e-01
5.78966e+05  5.17807e-01  7.62851e-01
5.78829e+05  5.17929e-01  7.61345e-01
5.78692e+05  5.18052e-01  7.59987e-01
5.78556e+05  5.18174e-01  7.58618e-01
5.78419e+05  5.18296e-01  7.58232e-01
5.78283e+05  5.18419e-01  7.58224e-01
5.78146e+05  5.18541e-01  7.58787e-01
5.78010e+05  5.18663e-01  7.59602e-01
5.77874e+05  5.18786e-01  7.60557e-01
5.77737e+05  5.18908e-01  7.62079e-01
5.77601e+05  5.19030e-01  7.63957e-01
5.77465e+05  5.19153e-01  7.66119e-01
5.77329e+05  5.19275e-01  7.68783e-01
5.77193e+05  5.19397e-01  7.71181e-01
5.77057e+05  5.19519e-01  7.74055e-01
5.76921e+05  5.19642e-01  7.76707e-01
5.76786e+05  5.19764e-01  7.79805e-01
5.76650e+05  5.19886e-01  7.82430e-01
5.76514e+05  5.20009e-01  7.84949e-01
5.76379e+05  5.20131e-01  7.87538e-01
5.76243e+05  5.20253e-01  7.89821e-01
5.76108e+05  5.20376e-01  7.91471e-01
5.75972e+05  5.20498e-01  7.92540e-01
5.75837e+05  5.20620e-01  7.93045e-01
5.75702e+05  5.20743e-01  7.92221e-01
5.75567e+05  5.20865e-01  7.90740e-01
5.75431e+05  5.20987e-01  7.88198e-01
5.75296e+05  5.21110e-01  7.84222e-01
5.75161e+05  5.21232e-01  7.79138e-01
5.75026e+05  5.21354e-01  7.72399e-01
5.74892e+05  5.21477e-01  7.64200e-01
5.74757e+05  5.21599e-01  7.54270e-01
5.74622e+05  5.21721e-01  7.42402e-01
5.74487e+05  5.21844e-01  7.28919e-01
5.74353e+05  5.21966e-01  7.13335e-01
5.74218e+05  5.22088e-01  6.96207e-01
5.74084e+05  5.22210e-01  6.77490e-01
5.73949e+05  5.22333e-01  6.57092e-01
5.73815e+05  5.22455e-01  6.35578e-01
5.73680e+05  5.22577e-01  6.12244e-01
5.73546e+05  5.22700e-01  5.87642e-01
5.73412e+05  5.22822e-01  5.61971e-01
5.73278e+05  5.22944e-01  5.35920e-01
5.73144e+05  5.23067e-01  5.09089e-01
5.73010e+05  5.23189e-01  4.81700e-01
5.72876e+05  5.23311e-01  4.54238e-01
5.72742e+05  5.23434e-01  4.26766e-01
5.72608e+05  5.23556e-01  3.99264e-01
5.72474e+05  5.23678e-01  3.72402e-01
5.72341e+05  5.23801e-01  3.46211e-01
5.72207e+05  5.23923e-01  3.20853e-01
5.72074e+05  5.24045e-01  2.96291e-01
5.71940e+05  5.24168e-01  2.73106e-01
5.71807e+05  5.24290e-01  2.51194e-01
5.71673e+05  5.24412e-01  2.30506e-01
5.71540e+05  5.24535e-01  2.11510e-01
5.71407e+05  5.24657e-01  1.93865e-01
5.71274e+05  5.24779e-01  1.77673e-01
5.71140e+05  5.24902e-01  1.62949e-01
5.71007e+05  5.25024e-01  1.49526e-01
5.70874e+05  5.25146e-01  1.37538e-01
5.70741e+05  5.25268e-01  1.26729e-01
5.70609e+05  5.25391e-01  1.16982e-01
5.70476e+05  5.25513e-01  1.08236e-01
5.70343e+05  5.25635e-01  1.00485e-01
5.70210e+05  5.25758e-01  9.35210e-02
5.70078e+05  5.25880e-01  8.73639e-02
5.69945e+05  5.26002e-01  8.19253e-02
5.69813e+05  5.26125e-01  7.70850e-02
5.69680e+05  5.26247e-01  7.27932e-02
5.69548e+05  5.26369e-01  6.89279e-02
5.69415e+05  5.26492e-01  6.54250e-02
5.69283e+05  5.26614e-01  6.23778e-02
5.69151e+05  5.26736e-01  5.96660e-02
5.69019e+05  5.26859e-01  5.72175e-02
5.68887e+05  5.26981e-01  5.50716e-02
5.68755e+05  5.27103e-01  5.31273e-02
5.68623e+05  5.27226e-01  5.13735e-02
5.68491e+05  5.27348e-01  4.97717e-02
5.68359e+05  5.27470e-01  4.83099e-02
5.68227e+05  5.27593e-01  4.70901e-02
5.68096e+05  5.27715e-01  4.59117e-02
5.67964e+05  5.27837e-01  4.48512e-02
5.67832e+05  5.27959e-01  4.39062e-02
5.67701e+05  5.28082e-01  0.00000e+00
5.67569e+05  5.28204e-01  0.00000e+00
5.67438e+05  5.28326e-01  0.00000e+00
5.67307e+05  5.28449e-01  0.00000e+00
5.67175e+05  5.28571e-01  0.00000e+00
5.67044e+05  5.28693e-01  0.00000e+00
5.66913e+05  5.28816e-01  0.00000e+00
5.66782e+05  5.28938e-01  0.00000e+00
5.66651e+05  5.29060e-01  0.00000e+00
5.66520e+05  5.29183e-01  0.00000e+00
5.66389e+05  5.29305e-01  0.00000e+00
5.66258e+05  5.29427e-01  0.00000e+00
5.66127e+05  5.29550e-01  0.00000e+00
5.65997e+05  5.29672e-01  0.00000e+00
5.65866e+05  5.29794e-01  0.00000e+00
5.65735e+05  5.29917e-01  0.00000e+00
5.65605e+05  5.30039e-01  0.00000e+00
5.65474e+05  5.30161e-01  0.00000e+00
5.65344e+05  5.30284e-01  0.00000e+00
5.65213e+05  5.30406e-01  0.00000e+00
5.65083e+05  5.30528e-01  0.00000e+00
5.64953e+05  5.30650e-01  0.00000e+00
5.64823e+05  5.30773e-01  0.00000e+00
5.64692e+05  5.30895e-01  0.00000e+00
5.64562e+05  5.31017e-01  0.00000e+00
5.64432e+05  5.31140e-01  0.00000e+00
5.64302e+05  5.31262e-01  0.00000e+00
5.64173e+05  5.31384e-01  0.00000e+00
5.64043e+05  5.31507e-01  0.00000e+00
5.63913e+05  5.31629e-01  0.00000e+00
5.63783e+05  5.31751e-01  0.00000e+00
5.63654e+05  5.31874e-01  0.00000e+00
5.63524e+05  5.31996e-01  0.00000e+00
5.63394e+05  5.32118e-01  0.00000e+00
5.63265e+05  5.32241e-01  0.00000e+00
5.63135e+05  5.32363e-01  0.00000e+00
5.63006e+05  5.32485e-01  0.00000e+00
5.62877e+05  5.32608e-01  0.00000e+00
5.62748e+05  5.32730e-01  0.00000e+00
5.62618e+05  5.32852e-01  0.00000e+00
5.62489e+05  5.32975e-01  0.00000e+00
5.62360e+05  5.33097e-01  0.00000e+00
5.62231e+05  5.33219e-01  0.00000e+00
5.62102e+05  5.33341e-01  0.00000e+00
5.61973e+05  5.33464e-01  0.00000e+00
5.61845e+05  5.33586e-01  0.00000e+00
5.61716e+05  5.33708e-01  0.00000e+00
5.61587e+05  5.33831e-01  0.00000e+00
5.61458e+05  5.33953e-01  0.00000e+00
5.61330e+05  5.34075e-01  0.00000e+00
5.61201e+05  5.34198e-01  0.00000e+00
5.61073e+05  5.34320e-01  0.00000e+00
5.60944e+05  5.34442e-01  0.00000e+00
5.60816e+05  5.34565e-01  0.00000e+00
5.60688e+05  5.34687e-01  0.00000e+00
5.60560e+05  5.34809e-01  0.00000e+00
5.60431e+05  5.34932e-01  0.00000e+00
5.60303e+05  5.35054e-01  0.00000e+00
5.60175e+05  5.35176e-01  0.00000e+00
5.60047e+05  5.35299e-01  0.00000e+00
5.59919e+05  5.35421e-01  0.00000e+00
5.59791e+05  5.35543e-01  0.00000e+00
5.59664e+05  5.35666e-01  0.00000e+00
5.59536e+05  5.35788e-01  0.00000e+00
5.59408e+05  5.35910e-01  0.00000e+00
5.59280e+05  5.36032e-01  0.00000e+00
5.59153e+05  5.36155e-01  0.00000e+00
5.59025e+05  5.36277e-01  0.00000e+00
5.58898e+05  5.36399e-01  0.00000e+00
5.58770e+05  5.36522e-01  0.00000e+00
5.58643e+05  5.36644e-01  0.00000e+00
5.58516e+05  5.36766e-01  0.00000e+00
5.58388e+05  5.36889e-01  0.00000e+00
5.58261e+05  5.37011e-01  0.00000e+00
5.58134e+05  5.37133e-01  0.00000e+00
5.58007e+05  5.37256e-01  0.00000e+00
5.57880e+05  5.37378e-01  0.00000e+00
5.57753e+05  5.37500e-01  0.00000e+00
5.57626e+05  5.37623e-01  0.00000e+00
5.57499e+05  5.37745e-01  0.00000e+00
5.57373e+05  5.37867e-01  0.00000e+00
5.57246e+05  5.37990e-01  0.00000e+00
5.57119e+05  5.38112e-01  0.00000e+00
5.56993e+05  5.38234e-01  0.00000e+00
5.56866e+05  5.38357e-01  0.00000e+00
5.56740e+05  5.38479e-01  0.00000e+00
5.56613e+05  5.38601e-01  0.00000e+00
5.56487e+05  5.38723e-01  0.00000e+00
5.56360e+05  5.38846e-01  0.00000e+00
5.56234e+05  5.38968e-01  0.00000e+00
5.56108e+05  5.39090e-01  0.00000e+00
5.55982e+05  5.39213e-01  0.00000e+00
5.55856e+05  5.39335e-01  0.00000e+00
5.55730e+05  5.39457e-01  0.00000e+00
5.55604e+05  5.39580e-01  0.00000e+00
5.55478e+05  5.39702e-01  0.00000e+00
5.55352e+05  5.39824e-01  0.00000e+00
5.55226e+05  5.39947e-01  0.00000e+00
5.55100e+05  5.40069e-01  0.00000e+00
5.54975e+05  5.40191e-01  0.00000e+00
5.54849e+05  5.40314e-01  0.00000e+00
5.54723e+05  5.40436e-01  0.00000e+00
5.54598e+05  5.40558e-01  0.00000e+00
5.54472e+05  5.40681e-01  0.00000e+00
5.54347e+05  5.40803e-01  0.00000e+00
5.54222e+05  5.40925e-01  0.00000e+00
5.54096e+05  5.41048e-01  0.00000e+00
5.53971e+05  5.41170e-01  0.00000e+00
5.53846e+05  5.41292e-01  0.00000e+00
5.53721e+05  5.41415e-01  0.00000e+00
5.53596e+05  5.41537e-01  0.00000e+00
5.53471e+05  5.41659e-01  0.00000e+00
5.53346e+05  5.41781e-01  0.00000e+00
5.53221e+05  5.41904e-01  0.00000e+00
5.53096e+05  5.42026e-01  0.00000e+00
5.52971e+05  5.42148e-01  0.00000e+00
5.52846e+05  5.42271e-01  0.00000e+00
5.52722e+05  5.42393e-01  0.00000e+00
5.52597e+05  5.42515e-01  0.00000e+00
5.52473e+05  5.42638e-01  0.00000e+00
5.52348e+05  5.42760e-01  0.00000e+00
5.52224e+05  5.42882e-01  0.00000e+00
5.52099e+05  5.43005e-01  0.00000e+00
5.51975e+05  5.43127e-01  0.00000e+00
5.51851e+05  5.43249e-01  0.00000e+00
5.51726e+05  5.43372e-01  0.00000e+00
5.51602e+05  5.43494e-01  0.00000e+00
5.51478e+05  5.43616e-01  0.00000e+00
5.51354e+05  5.43739e-01  0.00000e+00
5.51230e+05  5.43861e-01  0.00000e+00
5.51106e+05  5.43983e-01  0.00000e+00
5.50982e+05  5.44106e-01  0.00000e+00
5.50858e+05  5.44228e-01  0.00000e+00
5.50735e+05  5.44350e-01  0.00000e+00
5.50611e+05  5.44472e-01  0.00000e+00
5.50487e+05  5.44595e-01  0.00000e+00
5.50364e+05  5.44717e-01  0.00000e+00
5.50240e+05  5.44839e-01  0.00000e+00
5.50117e+05  5.44962e-01  0.00000e+00
5.49993e+05  5.45084e-01  0.00000e+00
5.49870e+05  5.45206e-01  0.00000e+00
5.49746e+05  5.45329e-01  0.00000e+00
5.49623e+05  5.45451e-01  0.00000e+00
5.49500e+05  5.45573e-01  0.00000e+00
5.49377e+05  5.45696e-01  0.00000e+00
5.49254e+05  5.45818e-01  0.00000e+00
5.49130e+05  5.45940e-01  0.00000e+00
5.49007e+05  5.46063e-01  0.00000e+00
5.48885e+05  5.46185e-01  0.00000e+00
5.48762e+05  5.46307e-01  0.00000e+00
5.48639e+05  5.46430e-01  0.00000e+00
5.48516e+05  5.46552e-01  0.00000e+00
5.48393e+05  5.46674e-01  0.00000e+00
5.48271e+05  5.46797e-01  0.00000e+00
5.48148e+05  5.46919e-01  0.00000e+00
5.48025e+05  5.47041e-01  0.00000e+00
5.47903e+05  5.47163e-01  0.00000e+00
5.47780e+05  5.47286e-01  0.00000e+00
5.47658e+05  5.47408e-01  0.00000e+00
5.47536e+05  5.47530e-01  0.00000e+00
5.47413e+05  5.47653e-01  0.00000e+00
5.47291e+05  5.47775e-01  0.00000e+00
5.47169e+05  5.47897e-01  0.00000e+00
5.47047e+05  5.48020e-01  0.00000e+00
5.46925e+05  5.48142e-01  0.00000e+00
5.46803e+05  5.48264e-01  0.00000e+00
5.46681e+05  5.48387e-01  0.00000e+00
5.46559e+05  5.48509e-01  0.00000e+00
5.46437e+05  5.48631e-01  0.00000e+00
5.46315e+05  5.48754e-01  0.00000e+00
5.46193e+05  5.48876e-01  0.00000e+00
5.46072e+05  5.48998e-01  0.00000e+00
5.45950e+05  5.49121e-01  0.00000e+00
5.45829e+05  5.49243e-01  0.00000e+00
5.45707e+05  5.49365e-01  0.00000e+00
5.45586e+05  5.49488e-01  0.00000e+00
5.45464e+05  5.49610e-01  0.00000e+00
5.45343e+05  5.49732e-01  0.00000e+00
5.45221e+05  5.49854e-01  0.00000e+00
5.45100e+05  5.49977e-01  0.00000e+00
5.44979e+05  5.50099e-01  0.00000e+00
5.44858e+05  5.50221e-01  0.00000e+00
5.44737e+05  5.50344e-01  0.00000e+00
5.44616e+05  5.50466e-01  0.00000e+00
5.44495e+05  5.50588e-01  0.00000e+00
5.44374e+05  5.50711e-01  0.00000e+00
5.44253e+05  5.50833e-01  0.00000e+00
5.44132e+05  5.50955e-01  0.00000e+00
5.44011e+05  5.51078e-01  0.00000e+00
5.43891e+05  5.51200e-01  0.00000e+00
5.43770e+05  5.51322e-01  0.00000e+00
5.43649e+05  5.51445e-01  0.00000e+00
5.43529e+05  5.51567e-01  0.00000e+00
5.43408e+05  5.51689e-01  0.00000e+00
5.43288e+05  5.51812e-01  0.00000e+00
5.43167e+05  5.51934e-01  0.00000e+00
5.43047e+05  5.52056e-01  0.00000e+00
5.42927e+05  5.52179e-01  0.00000e+00
5.42806e+05  5.52301e-01  0.00000e+00
5.42686e+05  5.52423e-01  0.00000e+00
5.42566e+05  5.52545e-01  0.00000e+00
5.42446e+05  5.52668e-01  0.00000e+00
5.42326e+05  5.52790e-01  0.00000e+00
5.42206e+05  5.52912e-01  0.00000e+00
5.42086e+05  5.53035e-01  0.00000e+00
5.41966e+05  5.53157e-01  0.00000e+00
5.41846e+05  5.53279e-01  0.00000e+00
5.41727e+05  5.53402e-01  0.00000e+00
5.41607e+05  5.53524e-01  0.00000e+00
5.41487e+05  5.53646e-01  0.00000e+00
5.41368e+05  5.53769e-01  0.00000e+00
5.41248e+05  5.53891e-01  0.00000e+00
5.41129e+05  5.54013e-01  0.00000e+00
5.41009e+05  5.54136e-01  0.00000e+00
5.40890e+05  5.54258e-01  0.00000e+00
5.40770e+05  5.54380e-01  0.00000e+00
5.40651e+05  5.54503e-01  0.00000e+00
5.40532e+05  5.54625e-01  0.00000e+00
5.40413e+05  5.54747e-01  0.00000e+00
5.40294e+05  5.54870e-01  0.00000e+00
5.40175e+05  5.54992e-01  0.00000e+00
5.40055e+05  5.55114e-01  0.00000e+00
5.39937e+05  5.55237e-01  0.00000e+00
5.39818e+05  5.55359e-01  0.00000e+00
5.39699e+05  5.55481e-01  0.00000e+00
5.39580e+05  5.55603e-01  0.00000e+00
5.39461e+05  5.55726e-01  0.00000e+00
5.39342e+05  5.55848e-01  0.00000e+00
5.39224e+05  5.55970e-01  0.00000e+00
5.39105e+05  5.56093e-01  0.00000e+00
5.38987e+05  5.56215e-01  0.00000e+00
5.38868e+05  5.56337e-01  0.00000e+00
5.38750e+05  5.56460e-01  0.00000e+00
5.38631e+05  5.56582e-01  0.00000e+00
5.38513e+05  5.56704e-01  0.00000e+00
5.38395e+05  5.56827e-01  0.00000e+00
5.38276e+05  5.56949e-01  0.00000e+00
5.38158e+05  5.57071e-01  0.00000e+00
5.38040e+05  5.57194e-01  0.00000e+00
5.37922e+05  5.57316e-01  0.00000e+00
5.37804e+05  5.57438e-01  0.00000e+00
5.37686e+05  5.57561e-01  0.00000e+00
5.37568e+05  5.57683e-01  0.00000e+00
5.37450e+05  5.57805e-01  0.00000e+00
5.37332e+05  5.57928e-01  0.00000e+00
5.37214e+05  5.58050e-01  0.00000e+00
5.37097e+05  5.58172e-01  0.00000e+00
5.36979e+05  5.58294e-01  0.00000e+00
5.36861e+05  5.58417e-01  0.00000e+00
5.36744e+05  5.58539e-01  0.00000e+00
5.36626e+05  5.58661e-01  0.00000e+00
5.36509e+05  5.58784e-01  0.00000e+00
5.36391e+05  5.58906e-01  0.00000e+00
5.36274e+05  5.59028e-01  0.00000e+00
5.36157e+05  5.59151e-01  0.00000e+00
5.36040e+05  5.59273e-01  0.00000e+00
5.35922e+05  5.59395e-01  0.00000e+00
5.35805e+05  5.59518e-01  0.00000e+00
5.35688e+05  5.59640e-01  0.00000e+00
5.35571e+05  5.59762e-01  0.00000e+00
5.35454e+05  5.59885e-01  0.00000e+00
5.35337e+05  5.60007e-01  0.00000e+00
5.35220e+05  5.60129e-01  0.00000e+00
5.35103e+05  5.60252e-01  0.00000e+00
5.34986e+05  5.60374e-01  0.00000e+00
5.34870e+05  5.60496e-01  0.00000e+00
5.34753e+05  5.60619e-01  0.00000e+00
5.34636e+05  5.60741e-01  0.00000e+00
5.34520e+05  5.60863e-01  0.00000e+00
5.34403e+05  5.60985e-01  0.00000e+00
5.34287e+05  5.61108e-01  0.00000e+00
5.34170e+05  5.61230e-01  0.00000e+00
5.34054e+05  5.61352e-01  0.00000e+00
5.33938e+05  5.61475e-01  0.00000e+00
5.33821e+05  5.61597e-01  0.00000e+00
5.33705e+05  5.61719e-01  0.00000e+00
5.33589e+05  5.61842e-01  0.00000e+00
5.33473e+05  5.61964e-01  0.00000e+00
5.33357e+05  5.62086e-01  0.00000e+00
5.33241e+05  5.62209e-01  0.00000e+00
5.33125e+05  5.62331e-01  0.00000e+00
