KPNO_R
frq          wvl          transmission
[GHz]        [micron]                 
5.76524e+05  5.20000e-01  1.00000e-04
5.76081e+05  5.20400e-01  -2.00000e-04
5.75638e+05  5.20800e-01  2.50000e-04
5.75197e+05  5.21200e-01  1.00000e-04
5.74755e+05  5.21600e-01  -2.00000e-04
5.74315e+05  5.22000e-01  -5.00000e-05
5.73875e+05  5.22400e-01  5.00000e-05
5.73436e+05  5.22800e-01  1.00000e-04
5.72998e+05  5.23200e-01  -1.50000e-04
5.72560e+05  5.23600e-01  -2.00000e-04
5.72123e+05  5.24000e-01  2.00000e-04
5.71687e+05  5.24400e-01  -5.00000e-05
5.71251e+05  5.24800e-01  2.00000e-04
5.70816e+05  5.25200e-01  5.50000e-04
5.70381e+05  5.25600e-01  3.00000e-04
5.69948e+05  5.26000e-01  -5.00000e-05
5.69515e+05  5.26400e-01  -1.50000e-04
5.69082e+05  5.26800e-01  3.50000e-04
5.68650e+05  5.27200e-01  6.50000e-04
5.68219e+05  5.27600e-01  2.00000e-04
5.67789e+05  5.28000e-01  2.50000e-04
5.67359e+05  5.28400e-01  -4.00000e-04
5.66930e+05  5.28800e-01  1.00000e-04
5.66501e+05  5.29200e-01  2.50000e-04
5.66073e+05  5.29600e-01  2.00000e-04
5.65646e+05  5.30000e-01  5.50000e-04
5.65220e+05  5.30400e-01  5.00000e-05
5.64794e+05  5.30800e-01  2.50000e-04
5.64368e+05  5.31200e-01  0.00000e+00
5.63944e+05  5.31600e-01  1.00000e-04
5.63520e+05  5.32000e-01  1.50000e-04
5.63096e+05  5.32400e-01  -4.00000e-04
5.62674e+05  5.32800e-01  5.00000e-05
5.62251e+05  5.33200e-01  -1.50000e-04
5.61830e+05  5.33600e-01  3.00000e-04
5.61409e+05  5.34000e-01  2.50000e-04
5.60989e+05  5.34400e-01  1.00000e-04
5.60569e+05  5.34800e-01  1.00000e-04
5.60150e+05  5.35200e-01  3.50000e-04
5.59732e+05  5.35600e-01  0.00000e+00
5.59314e+05  5.36000e-01  -7.00000e-04
5.58897e+05  5.36400e-01  -1.00000e-04
5.58481e+05  5.36800e-01  0.00000e+00
5.58065e+05  5.37200e-01  5.00000e-04
5.57650e+05  5.37600e-01  4.00000e-04
5.57235e+05  5.38000e-01  2.00000e-04
5.56821e+05  5.38400e-01  2.50000e-04
5.56408e+05  5.38800e-01  3.50000e-04
5.55995e+05  5.39200e-01  -7.00000e-04
5.55583e+05  5.39600e-01  -2.50000e-04
5.55171e+05  5.40000e-01  1.00000e-04
5.54760e+05  5.40400e-01  9.00000e-04
5.54350e+05  5.40800e-01  5.00000e-04
5.53940e+05  5.41200e-01  6.50000e-04
5.53531e+05  5.41600e-01  2.00000e-04
5.53123e+05  5.42000e-01  2.00000e-04
5.52715e+05  5.42400e-01  2.00000e-04
5.52307e+05  5.42800e-01  -1.00000e-04
5.51901e+05  5.43200e-01  5.00000e-05
5.51495e+05  5.43600e-01  6.50000e-04
5.51089e+05  5.44000e-01  4.50000e-04
5.50684e+05  5.44400e-01  3.00000e-04
5.50280e+05  5.44800e-01  3.00000e-04
5.49876e+05  5.45200e-01  5.00000e-05
5.49473e+05  5.45600e-01  1.15000e-03
5.49070e+05  5.46000e-01  5.00000e-04
5.48668e+05  5.46400e-01  2.00000e-04
5.48267e+05  5.46800e-01  7.50000e-04
5.47866e+05  5.47200e-01  1.50000e-04
5.47466e+05  5.47600e-01  5.00000e-05
5.47067e+05  5.48000e-01  8.50000e-04
5.46668e+05  5.48400e-01  3.00000e-04
5.46269e+05  5.48800e-01  1.30000e-03
5.45871e+05  5.49200e-01  9.00000e-04
5.45474e+05  5.49600e-01  4.50000e-04
5.45077e+05  5.50000e-01  6.00000e-04
5.44681e+05  5.50400e-01  7.50000e-04
5.44286e+05  5.50800e-01  2.00000e-03
5.43891e+05  5.51200e-01  1.75000e-03
5.43496e+05  5.51600e-01  1.55000e-03
5.43102e+05  5.52000e-01  1.10000e-03
5.42709e+05  5.52400e-01  2.95000e-03
5.42316e+05  5.52800e-01  3.20000e-03
5.41924e+05  5.53200e-01  4.50000e-03
5.41533e+05  5.53600e-01  5.10000e-03
5.41142e+05  5.54000e-01  5.45000e-03
5.40751e+05  5.54400e-01  6.60000e-03
5.40361e+05  5.54800e-01  9.45000e-03
5.39972e+05  5.55200e-01  9.00000e-03
5.39583e+05  5.55600e-01  1.09500e-02
5.39195e+05  5.56000e-01  1.27500e-02
5.38807e+05  5.56400e-01  1.63500e-02
5.38420e+05  5.56800e-01  2.02000e-02
5.38034e+05  5.57200e-01  2.24000e-02
5.37648e+05  5.57600e-01  2.81000e-02
5.37262e+05  5.58000e-01  3.17500e-02
5.36878e+05  5.58400e-01  3.57500e-02
5.36493e+05  5.58800e-01  4.22000e-02
5.36110e+05  5.59200e-01  4.79000e-02
5.35726e+05  5.59600e-01  5.91500e-02
5.35344e+05  5.60000e-01  6.58000e-02
5.34962e+05  5.60400e-01  7.59000e-02
5.34580e+05  5.60800e-01  8.40500e-02
5.34199e+05  5.61200e-01  9.89500e-02
5.33818e+05  5.61600e-01  1.08500e-01
5.33439e+05  5.62000e-01  1.23900e-01
5.33059e+05  5.62400e-01  1.36800e-01
5.32680e+05  5.62800e-01  1.50000e-01
5.32302e+05  5.63200e-01  1.65050e-01
5.31924e+05  5.63600e-01  1.81450e-01
5.31547e+05  5.64000e-01  1.97350e-01
5.31170e+05  5.64400e-01  2.18550e-01
5.30794e+05  5.64800e-01  2.35100e-01
5.30418e+05  5.65200e-01  2.52050e-01
5.30043e+05  5.65600e-01  2.77350e-01
5.29669e+05  5.66000e-01  2.92450e-01
5.29295e+05  5.66400e-01  3.14850e-01
5.28921e+05  5.66800e-01  3.36150e-01
5.28548e+05  5.67200e-01  3.54050e-01
5.28176e+05  5.67600e-01  3.78350e-01
5.27804e+05  5.68000e-01  3.90650e-01
5.27432e+05  5.68400e-01  4.15750e-01
5.27061e+05  5.68800e-01  4.30250e-01
5.26691e+05  5.69200e-01  4.48650e-01
5.26321e+05  5.69600e-01  4.67900e-01
5.25952e+05  5.70000e-01  4.89000e-01
5.25583e+05  5.70400e-01  5.07350e-01
5.25215e+05  5.70800e-01  5.17950e-01
5.24847e+05  5.71200e-01  5.43200e-01
5.24479e+05  5.71600e-01  5.54250e-01
5.24113e+05  5.72000e-01  5.78650e-01
5.23746e+05  5.72400e-01  5.86150e-01
5.23381e+05  5.72800e-01  6.00200e-01
5.23015e+05  5.73200e-01  6.18000e-01
5.22651e+05  5.73600e-01  6.40000e-01
5.22287e+05  5.74000e-01  6.41900e-01
5.21923e+05  5.74400e-01  6.56400e-01
5.21560e+05  5.74800e-01  6.65850e-01
5.21197e+05  5.75200e-01  6.77650e-01
5.20835e+05  5.75600e-01  6.91400e-01
5.20473e+05  5.76000e-01  6.98650e-01
5.20112e+05  5.76400e-01  7.06600e-01
5.19751e+05  5.76800e-01  7.11000e-01
5.19391e+05  5.77200e-01  7.28050e-01
5.19031e+05  5.77600e-01  7.31500e-01
5.18672e+05  5.78000e-01  7.43400e-01
5.18313e+05  5.78400e-01  7.47800e-01
5.17955e+05  5.78800e-01  7.53650e-01
5.17597e+05  5.79200e-01  7.61750e-01
5.17240e+05  5.79600e-01  7.72200e-01
5.16884e+05  5.80000e-01  7.76100e-01
5.16527e+05  5.80400e-01  7.82350e-01
5.16172e+05  5.80800e-01  7.86050e-01
5.15816e+05  5.81200e-01  7.89800e-01
5.15462e+05  5.81600e-01  7.96600e-01
5.15107e+05  5.82000e-01  7.92150e-01
5.14754e+05  5.82400e-01  8.02800e-01
5.14400e+05  5.82800e-01  8.01800e-01
5.14047e+05  5.83200e-01  8.20450e-01
5.13695e+05  5.83600e-01  8.10750e-01
5.13343e+05  5.84000e-01  8.18350e-01
5.12992e+05  5.84400e-01  8.18950e-01
5.12641e+05  5.84800e-01  8.26250e-01
5.12291e+05  5.85200e-01  8.26750e-01
5.11941e+05  5.85600e-01  8.24150e-01
5.11591e+05  5.86000e-01  8.28500e-01
5.11242e+05  5.86400e-01  8.20200e-01
5.10894e+05  5.86800e-01  8.24350e-01
5.10546e+05  5.87200e-01  8.37550e-01
5.10198e+05  5.87600e-01  8.31550e-01
5.09851e+05  5.88000e-01  8.35450e-01
5.09505e+05  5.88400e-01  8.36800e-01
5.09158e+05  5.88800e-01  8.30900e-01
5.08813e+05  5.89200e-01  8.46350e-01
5.08468e+05  5.89600e-01  8.36000e-01
5.08123e+05  5.90000e-01  8.46500e-01
5.07779e+05  5.90400e-01  8.52900e-01
5.07435e+05  5.90800e-01  8.51500e-01
5.07091e+05  5.91200e-01  8.46450e-01
5.06749e+05  5.91600e-01  8.41550e-01
5.06406e+05  5.92000e-01  8.49250e-01
5.06064e+05  5.92400e-01  8.48150e-01
5.05723e+05  5.92800e-01  8.41650e-01
5.05382e+05  5.93200e-01  8.56800e-01
5.05041e+05  5.93600e-01  8.49500e-01
5.04701e+05  5.94000e-01  8.52750e-01
5.04361e+05  5.94400e-01  8.42900e-01
5.04022e+05  5.94800e-01  8.53150e-01
5.03684e+05  5.95200e-01  8.52300e-01
5.03345e+05  5.95600e-01  8.54500e-01
5.03007e+05  5.96000e-01  8.43200e-01
5.02670e+05  5.96400e-01  8.64900e-01
5.02333e+05  5.96800e-01  8.43300e-01
5.01997e+05  5.97200e-01  8.49450e-01
5.01661e+05  5.97600e-01  8.56750e-01
5.01325e+05  5.98000e-01  8.47150e-01
5.00990e+05  5.98400e-01  8.56900e-01
5.00655e+05  5.98800e-01  8.43200e-01
5.00321e+05  5.99200e-01  8.49300e-01
4.99987e+05  5.99600e-01  8.50650e-01
4.99654e+05  6.00000e-01  8.47150e-01
4.99321e+05  6.00400e-01  8.51650e-01
4.98989e+05  6.00800e-01  8.57850e-01
4.98657e+05  6.01200e-01  8.47000e-01
4.98325e+05  6.01600e-01  8.45400e-01
4.97994e+05  6.02000e-01  8.43300e-01
4.97663e+05  6.02400e-01  8.57000e-01
4.97333e+05  6.02800e-01  8.55250e-01
4.97003e+05  6.03200e-01  8.49050e-01
4.96674e+05  6.03600e-01  8.48000e-01
4.96345e+05  6.04000e-01  8.50500e-01
4.96017e+05  6.04400e-01  8.41850e-01
4.95689e+05  6.04800e-01  8.42700e-01
4.95361e+05  6.05200e-01  8.50050e-01
4.95034e+05  6.05600e-01  8.44900e-01
4.94707e+05  6.06000e-01  8.55400e-01
4.94381e+05  6.06400e-01  8.43900e-01
4.94055e+05  6.06800e-01  8.29250e-01
4.93729e+05  6.07200e-01  8.43850e-01
4.93404e+05  6.07600e-01  8.50500e-01
4.93080e+05  6.08000e-01  8.30550e-01
4.92756e+05  6.08400e-01  8.32050e-01
4.92432e+05  6.08800e-01  8.32200e-01
4.92108e+05  6.09200e-01  8.41100e-01
4.91786e+05  6.09600e-01  8.38750e-01
4.91463e+05  6.10000e-01  8.37900e-01
4.91141e+05  6.10400e-01  8.35300e-01
4.90819e+05  6.10800e-01  8.39050e-01
4.90498e+05  6.11200e-01  8.24700e-01
4.90177e+05  6.11600e-01  8.33000e-01
4.89857e+05  6.12000e-01  8.32250e-01
4.89537e+05  6.12400e-01  8.19000e-01
4.89217e+05  6.12800e-01  8.22850e-01
4.88898e+05  6.13200e-01  8.19350e-01
4.88580e+05  6.13600e-01  8.23100e-01
4.88261e+05  6.14000e-01  8.21600e-01
4.87943e+05  6.14400e-01  8.25500e-01
4.87626e+05  6.14800e-01  8.30500e-01
4.87309e+05  6.15200e-01  8.31500e-01
4.86992e+05  6.15600e-01  8.24500e-01
4.86676e+05  6.16000e-01  8.23650e-01
4.86360e+05  6.16400e-01  8.29850e-01
4.86045e+05  6.16800e-01  8.23050e-01
4.85730e+05  6.17200e-01  8.20400e-01
4.85415e+05  6.17600e-01  8.22200e-01
4.85101e+05  6.18000e-01  8.12650e-01
4.84787e+05  6.18400e-01  8.23450e-01
4.84474e+05  6.18800e-01  8.21000e-01
4.84161e+05  6.19200e-01  8.21450e-01
4.83848e+05  6.19600e-01  8.15900e-01
4.83536e+05  6.20000e-01  8.13200e-01
4.83224e+05  6.20400e-01  8.02650e-01
4.82913e+05  6.20800e-01  8.12700e-01
4.82602e+05  6.21200e-01  8.06400e-01
4.82292e+05  6.21600e-01  8.02450e-01
4.81981e+05  6.22000e-01  8.03400e-01
4.81672e+05  6.22400e-01  8.05500e-01
4.81362e+05  6.22800e-01  8.03550e-01
4.81053e+05  6.23200e-01  7.94550e-01
4.80745e+05  6.23600e-01  7.98500e-01
4.80437e+05  6.24000e-01  8.00850e-01
4.80129e+05  6.24400e-01  8.11700e-01
4.79821e+05  6.24800e-01  8.00250e-01
4.79514e+05  6.25200e-01  8.01150e-01
4.79208e+05  6.25600e-01  8.04250e-01
4.78902e+05  6.26000e-01  7.97450e-01
4.78596e+05  6.26400e-01  7.94450e-01
4.78290e+05  6.26800e-01  7.92450e-01
4.77985e+05  6.27200e-01  7.87200e-01
4.77681e+05  6.27600e-01  7.87200e-01
4.77377e+05  6.28000e-01  7.91600e-01
4.77073e+05  6.28400e-01  7.81450e-01
4.76769e+05  6.28800e-01  7.87900e-01
4.76466e+05  6.29200e-01  8.00800e-01
4.76163e+05  6.29600e-01  7.81650e-01
4.75861e+05  6.30000e-01  7.85850e-01
4.75559e+05  6.30400e-01  7.85450e-01
4.75258e+05  6.30800e-01  7.85400e-01
4.74956e+05  6.31200e-01  7.78550e-01
4.74656e+05  6.31600e-01  7.81800e-01
4.74355e+05  6.32000e-01  7.81200e-01
4.74055e+05  6.32400e-01  7.73600e-01
4.73755e+05  6.32800e-01  7.77550e-01
4.73456e+05  6.33200e-01  7.67700e-01
4.73157e+05  6.33600e-01  7.70200e-01
4.72859e+05  6.34000e-01  7.71000e-01
4.72561e+05  6.34400e-01  7.75350e-01
4.72263e+05  6.34800e-01  7.72450e-01
4.71965e+05  6.35200e-01  7.76200e-01
4.71668e+05  6.35600e-01  7.62250e-01
4.71372e+05  6.36000e-01  7.63000e-01
4.71076e+05  6.36400e-01  7.71950e-01
4.70780e+05  6.36800e-01  7.61550e-01
4.70484e+05  6.37200e-01  7.56500e-01
4.70189e+05  6.37600e-01  7.63450e-01
4.69894e+05  6.38000e-01  7.66200e-01
4.69600e+05  6.38400e-01  7.64300e-01
4.69306e+05  6.38800e-01  7.52750e-01
4.69012e+05  6.39200e-01  7.54300e-01
4.68719e+05  6.39600e-01  7.54900e-01
4.68426e+05  6.40000e-01  7.56950e-01
4.68133e+05  6.40400e-01  7.47700e-01
4.67841e+05  6.40800e-01  7.45700e-01
4.67549e+05  6.41200e-01  7.55200e-01
4.67258e+05  6.41600e-01  7.37600e-01
4.66966e+05  6.42000e-01  7.45800e-01
4.66676e+05  6.42400e-01  7.39200e-01
4.66385e+05  6.42800e-01  7.32800e-01
4.66095e+05  6.43200e-01  7.39300e-01
4.65806e+05  6.43600e-01  7.31850e-01
4.65516e+05  6.44000e-01  7.44100e-01
4.65227e+05  6.44400e-01  7.41150e-01
4.64939e+05  6.44800e-01  7.42750e-01
4.64650e+05  6.45200e-01  7.37050e-01
4.64363e+05  6.45600e-01  7.33100e-01
4.64075e+05  6.46000e-01  7.40450e-01
4.63788e+05  6.46400e-01  7.37150e-01
4.63501e+05  6.46800e-01  7.34500e-01
4.63215e+05  6.47200e-01  7.36050e-01
4.62928e+05  6.47600e-01  7.27000e-01
4.62643e+05  6.48000e-01  7.31400e-01
4.62357e+05  6.48400e-01  7.22550e-01
4.62072e+05  6.48800e-01  7.23000e-01
4.61788e+05  6.49200e-01  7.25350e-01
4.61503e+05  6.49600e-01  7.18900e-01
4.61219e+05  6.50000e-01  7.25250e-01
4.60936e+05  6.50400e-01  7.11750e-01
4.60652e+05  6.50800e-01  7.15200e-01
4.60369e+05  6.51200e-01  7.07250e-01
4.60087e+05  6.51600e-01  7.06250e-01
4.59804e+05  6.52000e-01  7.12050e-01
4.59522e+05  6.52400e-01  7.16400e-01
4.59241e+05  6.52800e-01  7.06500e-01
4.58960e+05  6.53200e-01  7.05950e-01
4.58679e+05  6.53600e-01  7.05100e-01
4.58398e+05  6.54000e-01  7.13500e-01
4.58118e+05  6.54400e-01  7.01800e-01
4.57838e+05  6.54800e-01  7.02150e-01
4.57559e+05  6.55200e-01  6.95550e-01
4.57280e+05  6.55600e-01  6.94750e-01
4.57001e+05  6.56000e-01  6.92550e-01
4.56722e+05  6.56400e-01  6.82850e-01
4.56444e+05  6.56800e-01  6.96900e-01
4.56166e+05  6.57200e-01  6.99250e-01
4.55889e+05  6.57600e-01  6.95450e-01
4.55612e+05  6.58000e-01  6.92750e-01
4.55335e+05  6.58400e-01  6.88750e-01
4.55058e+05  6.58800e-01  6.84950e-01
4.54782e+05  6.59200e-01  6.82200e-01
4.54506e+05  6.59600e-01  6.81400e-01
4.54231e+05  6.60000e-01  6.81100e-01
4.53956e+05  6.60400e-01  6.82850e-01
4.53681e+05  6.60800e-01  6.80750e-01
4.53407e+05  6.61200e-01  6.74100e-01
4.53132e+05  6.61600e-01  6.85350e-01
4.52859e+05  6.62000e-01  6.82450e-01
4.52585e+05  6.62400e-01  6.82850e-01
4.52312e+05  6.62800e-01  6.70850e-01
4.52039e+05  6.63200e-01  6.81650e-01
4.51767e+05  6.63600e-01  6.68250e-01
4.51495e+05  6.64000e-01  6.69650e-01
4.51223e+05  6.64400e-01  6.64600e-01
4.50951e+05  6.64800e-01  6.58650e-01
4.50680e+05  6.65200e-01  6.63300e-01
4.50409e+05  6.65600e-01  6.51650e-01
4.50139e+05  6.66000e-01  6.61200e-01
4.49869e+05  6.66400e-01  6.60850e-01
4.49599e+05  6.66800e-01  6.62100e-01
4.49329e+05  6.67200e-01  6.62050e-01
4.49060e+05  6.67600e-01  6.46900e-01
4.48791e+05  6.68000e-01  6.51300e-01
4.48523e+05  6.68400e-01  6.53800e-01
4.48254e+05  6.68800e-01  6.51850e-01
4.47986e+05  6.69200e-01  6.31500e-01
4.47719e+05  6.69600e-01  6.35950e-01
4.47451e+05  6.70000e-01  6.52550e-01
4.47184e+05  6.70400e-01  6.61450e-01
4.46918e+05  6.70800e-01  6.44800e-01
4.46651e+05  6.71200e-01  6.44900e-01
4.46385e+05  6.71600e-01  6.39900e-01
4.46120e+05  6.72000e-01  6.36900e-01
4.45854e+05  6.72400e-01  6.43250e-01
4.45589e+05  6.72800e-01  6.33900e-01
4.45325e+05  6.73200e-01  6.31400e-01
4.45060e+05  6.73600e-01  6.21750e-01
4.44796e+05  6.74000e-01  6.27450e-01
4.44532e+05  6.74400e-01  6.23600e-01
4.44269e+05  6.74800e-01  6.32450e-01
4.44005e+05  6.75200e-01  6.24050e-01
4.43743e+05  6.75600e-01  6.15200e-01
4.43480e+05  6.76000e-01  6.23950e-01
4.43218e+05  6.76400e-01  6.02850e-01
4.42956e+05  6.76800e-01  6.27800e-01
4.42694e+05  6.77200e-01  6.22050e-01
4.42433e+05  6.77600e-01  6.07700e-01
4.42172e+05  6.78000e-01  6.03550e-01
4.41911e+05  6.78400e-01  6.09550e-01
4.41651e+05  6.78800e-01  6.10850e-01
4.41391e+05  6.79200e-01  6.19650e-01
4.41131e+05  6.79600e-01  6.06450e-01
4.40871e+05  6.80000e-01  6.00150e-01
4.40612e+05  6.80400e-01  6.00400e-01
4.40353e+05  6.80800e-01  5.99200e-01
4.40095e+05  6.81200e-01  5.98600e-01
4.39836e+05  6.81600e-01  5.97450e-01
4.39578e+05  6.82000e-01  5.96450e-01
4.39321e+05  6.82400e-01  5.93600e-01
4.39063e+05  6.82800e-01  5.91850e-01
4.38806e+05  6.83200e-01  5.87700e-01
4.38550e+05  6.83600e-01  5.90250e-01
4.38293e+05  6.84000e-01  5.67850e-01
4.38037e+05  6.84400e-01  5.87250e-01
4.37781e+05  6.84800e-01  5.80800e-01
4.37525e+05  6.85200e-01  5.78200e-01
4.37270e+05  6.85600e-01  5.89500e-01
4.37015e+05  6.86000e-01  5.72050e-01
4.36761e+05  6.86400e-01  5.82850e-01
4.36506e+05  6.86800e-01  5.66350e-01
4.36252e+05  6.87200e-01  5.74850e-01
4.35998e+05  6.87600e-01  5.73900e-01
4.35745e+05  6.88000e-01  5.72700e-01
4.35492e+05  6.88400e-01  5.66500e-01
4.35239e+05  6.88800e-01  5.73850e-01
4.34986e+05  6.89200e-01  5.54200e-01
4.34734e+05  6.89600e-01  5.67800e-01
4.34482e+05  6.90000e-01  5.55250e-01
4.34230e+05  6.90400e-01  5.55850e-01
4.33979e+05  6.90800e-01  5.51650e-01
4.33728e+05  6.91200e-01  5.57750e-01
4.33477e+05  6.91600e-01  5.47800e-01
4.33226e+05  6.92000e-01  5.46600e-01
4.32976e+05  6.92400e-01  5.46900e-01
4.32726e+05  6.92800e-01  5.52150e-01
4.32476e+05  6.93200e-01  5.41700e-01
4.32227e+05  6.93600e-01  5.32900e-01
4.31978e+05  6.94000e-01  5.52600e-01
4.31729e+05  6.94400e-01  5.37350e-01
4.31480e+05  6.94800e-01  5.31300e-01
4.31232e+05  6.95200e-01  5.31650e-01
4.30984e+05  6.95600e-01  5.33550e-01
4.30736e+05  6.96000e-01  5.32300e-01
4.30489e+05  6.96400e-01  5.23350e-01
4.30242e+05  6.96800e-01  5.31000e-01
4.29995e+05  6.97200e-01  5.22450e-01
4.29748e+05  6.97600e-01  5.24150e-01
4.29502e+05  6.98000e-01  5.19750e-01
4.29256e+05  6.98400e-01  5.15200e-01
4.29010e+05  6.98800e-01  5.14950e-01
4.28765e+05  6.99200e-01  5.17150e-01
4.28520e+05  6.99600e-01  5.16350e-01
4.28275e+05  7.00000e-01  5.01450e-01
4.28030e+05  7.00400e-01  5.07800e-01
4.27786e+05  7.00800e-01  5.18900e-01
4.27542e+05  7.01200e-01  5.02250e-01
4.27298e+05  7.01600e-01  4.99350e-01
4.27055e+05  7.02000e-01  5.02250e-01
4.26812e+05  7.02400e-01  4.99750e-01
4.26569e+05  7.02800e-01  4.94150e-01
4.26326e+05  7.03200e-01  4.91750e-01
4.26084e+05  7.03600e-01  4.83900e-01
4.25842e+05  7.04000e-01  4.89550e-01
4.25600e+05  7.04400e-01  4.97800e-01
4.25358e+05  7.04800e-01  4.92400e-01
4.25117e+05  7.05200e-01  4.84850e-01
4.24876e+05  7.05600e-01  4.87050e-01
4.24635e+05  7.06000e-01  4.82950e-01
4.24395e+05  7.06400e-01  4.82500e-01
4.24155e+05  7.06800e-01  4.85000e-01
4.23915e+05  7.07200e-01  4.79500e-01
4.23675e+05  7.07600e-01  4.77300e-01
4.23436e+05  7.08000e-01  4.81350e-01
4.23197e+05  7.08400e-01  4.78250e-01
4.22958e+05  7.08800e-01  4.56100e-01
4.22719e+05  7.09200e-01  4.79850e-01
4.22481e+05  7.09600e-01  4.63100e-01
4.22243e+05  7.10000e-01  4.62650e-01
4.22005e+05  7.10400e-01  4.65900e-01
4.21768e+05  7.10800e-01  4.55850e-01
4.21530e+05  7.11200e-01  4.65550e-01
4.21294e+05  7.11600e-01  4.67350e-01
4.21057e+05  7.12000e-01  4.49450e-01
4.20820e+05  7.12400e-01  4.53350e-01
4.20584e+05  7.12800e-01  4.48700e-01
4.20348e+05  7.13200e-01  4.55600e-01
4.20113e+05  7.13600e-01  4.48500e-01
4.19877e+05  7.14000e-01  4.52450e-01
4.19642e+05  7.14400e-01  4.42550e-01
4.19407e+05  7.14800e-01  4.46550e-01
4.19173e+05  7.15200e-01  4.41450e-01
4.18939e+05  7.15600e-01  4.38450e-01
4.18705e+05  7.16000e-01  4.35500e-01
4.18471e+05  7.16400e-01  4.30650e-01
4.18237e+05  7.16800e-01  4.24000e-01
4.18004e+05  7.17200e-01  4.31750e-01
4.17771e+05  7.17600e-01  4.34900e-01
4.17538e+05  7.18000e-01  4.14000e-01
4.17306e+05  7.18400e-01  4.25750e-01
4.17074e+05  7.18800e-01  4.25100e-01
4.16842e+05  7.19200e-01  4.20950e-01
4.16610e+05  7.19600e-01  4.17300e-01
4.16378e+05  7.20000e-01  4.27850e-01
4.16147e+05  7.20400e-01  4.24000e-01
4.15916e+05  7.20800e-01  4.27450e-01
4.15686e+05  7.21200e-01  4.09000e-01
4.15455e+05  7.21600e-01  4.14750e-01
4.15225e+05  7.22000e-01  4.09600e-01
4.14995e+05  7.22400e-01  4.06850e-01
4.14765e+05  7.22800e-01  4.11100e-01
4.14536e+05  7.23200e-01  3.98200e-01
4.14307e+05  7.23600e-01  4.05500e-01
4.14078e+05  7.24000e-01  4.02950e-01
4.13849e+05  7.24400e-01  4.02600e-01
4.13621e+05  7.24800e-01  4.11750e-01
4.13393e+05  7.25200e-01  4.07900e-01
4.13165e+05  7.25600e-01  3.91250e-01
4.12937e+05  7.26000e-01  3.91200e-01
4.12710e+05  7.26400e-01  3.94700e-01
4.12483e+05  7.26800e-01  3.91800e-01
4.12256e+05  7.27200e-01  3.94350e-01
4.12029e+05  7.27600e-01  3.77250e-01
4.11803e+05  7.28000e-01  3.98050e-01
4.11577e+05  7.28400e-01  3.80750e-01
4.11351e+05  7.28800e-01  3.87000e-01
4.11125e+05  7.29200e-01  3.80400e-01
4.10900e+05  7.29600e-01  3.80300e-01
4.10675e+05  7.30000e-01  3.83750e-01
4.10450e+05  7.30400e-01  3.74250e-01
4.10225e+05  7.30800e-01  3.79700e-01
4.10001e+05  7.31200e-01  3.77950e-01
4.09776e+05  7.31600e-01  3.65950e-01
4.09553e+05  7.32000e-01  3.62950e-01
4.09329e+05  7.32400e-01  3.65550e-01
4.09105e+05  7.32800e-01  3.84450e-01
4.08882e+05  7.33200e-01  3.53650e-01
4.08659e+05  7.33600e-01  3.59500e-01
4.08437e+05  7.34000e-01  3.57500e-01
4.08214e+05  7.34400e-01  3.62400e-01
4.07992e+05  7.34800e-01  3.44950e-01
4.07770e+05  7.35200e-01  3.58800e-01
4.07548e+05  7.35600e-01  3.60250e-01
4.07327e+05  7.36000e-01  3.61150e-01
4.07105e+05  7.36400e-01  3.51000e-01
4.06884e+05  7.36800e-01  3.47550e-01
4.06664e+05  7.37200e-01  3.42850e-01
4.06443e+05  7.37600e-01  3.44700e-01
4.06223e+05  7.38000e-01  3.38750e-01
4.06003e+05  7.38400e-01  3.40050e-01
4.05783e+05  7.38800e-01  3.35900e-01
4.05563e+05  7.39200e-01  3.33950e-01
4.05344e+05  7.39600e-01  3.35600e-01
4.05125e+05  7.40000e-01  3.36500e-01
4.04906e+05  7.40400e-01  3.29550e-01
4.04687e+05  7.40800e-01  3.35450e-01
4.04469e+05  7.41200e-01  3.37750e-01
4.04251e+05  7.41600e-01  3.23500e-01
4.04033e+05  7.42000e-01  3.33900e-01
4.03815e+05  7.42400e-01  3.15100e-01
4.03598e+05  7.42800e-01  3.31200e-01
4.03381e+05  7.43200e-01  3.27350e-01
4.03164e+05  7.43600e-01  3.20350e-01
4.02947e+05  7.44000e-01  3.15600e-01
4.02730e+05  7.44400e-01  3.25650e-01
4.02514e+05  7.44800e-01  3.28550e-01
4.02298e+05  7.45200e-01  3.13400e-01
4.02082e+05  7.45600e-01  3.23050e-01
4.01867e+05  7.46000e-01  3.08650e-01
4.01651e+05  7.46400e-01  3.12000e-01
4.01436e+05  7.46800e-01  3.14600e-01
4.01221e+05  7.47200e-01  3.02200e-01
4.01006e+05  7.47600e-01  3.06300e-01
4.00792e+05  7.48000e-01  3.09050e-01
4.00578e+05  7.48400e-01  2.99050e-01
4.00364e+05  7.48800e-01  2.84250e-01
4.00150e+05  7.49200e-01  2.88800e-01
3.99937e+05  7.49600e-01  2.93900e-01
3.99723e+05  7.50000e-01  3.06100e-01
3.99510e+05  7.50400e-01  2.96250e-01
3.99297e+05  7.50800e-01  2.92600e-01
3.99085e+05  7.51200e-01  2.86350e-01
3.98872e+05  7.51600e-01  2.90100e-01
3.98660e+05  7.52000e-01  2.90950e-01
3.98448e+05  7.52400e-01  2.87700e-01
3.98237e+05  7.52800e-01  3.00000e-01
3.98025e+05  7.53200e-01  2.88350e-01
3.97814e+05  7.53600e-01  2.88200e-01
3.97603e+05  7.54000e-01  2.77500e-01
3.97392e+05  7.54400e-01  2.84150e-01
3.97181e+05  7.54800e-01  2.86150e-01
3.96971e+05  7.55200e-01  2.68450e-01
3.96761e+05  7.55600e-01  2.70350e-01
3.96551e+05  7.56000e-01  2.66000e-01
3.96341e+05  7.56400e-01  2.67850e-01
3.96132e+05  7.56800e-01  2.73900e-01
3.95922e+05  7.57200e-01  2.75400e-01
3.95713e+05  7.57600e-01  2.68750e-01
3.95505e+05  7.58000e-01  2.66350e-01
3.95296e+05  7.58400e-01  2.59000e-01
3.95088e+05  7.58800e-01  2.68450e-01
3.94879e+05  7.59200e-01  2.58200e-01
3.94671e+05  7.59600e-01  2.68650e-01
3.94464e+05  7.60000e-01  2.67150e-01
3.94256e+05  7.60400e-01  2.59050e-01
3.94049e+05  7.60800e-01  2.43150e-01
3.93842e+05  7.61200e-01  2.45500e-01
3.93635e+05  7.61600e-01  2.57300e-01
3.93428e+05  7.62000e-01  2.43000e-01
3.93222e+05  7.62400e-01  2.46200e-01
3.93016e+05  7.62800e-01  2.51900e-01
3.92810e+05  7.63200e-01  2.40750e-01
3.92604e+05  7.63600e-01  2.43650e-01
3.92399e+05  7.64000e-01  2.58150e-01
3.92193e+05  7.64400e-01  2.37650e-01
3.91988e+05  7.64800e-01  2.48100e-01
3.91783e+05  7.65200e-01  2.30450e-01
3.91578e+05  7.65600e-01  2.33650e-01
3.91374e+05  7.66000e-01  2.41050e-01
3.91170e+05  7.66400e-01  2.47300e-01
3.90966e+05  7.66800e-01  2.34400e-01
3.90762e+05  7.67200e-01  2.25200e-01
3.90558e+05  7.67600e-01  2.30650e-01
3.90355e+05  7.68000e-01  2.28900e-01
3.90152e+05  7.68400e-01  2.26900e-01
3.89949e+05  7.68800e-01  2.31250e-01
3.89746e+05  7.69200e-01  2.22050e-01
3.89543e+05  7.69600e-01  2.37250e-01
3.89341e+05  7.70000e-01  2.12100e-01
3.89139e+05  7.70400e-01  2.24100e-01
3.88937e+05  7.70800e-01  2.14200e-01
3.88735e+05  7.71200e-01  2.26150e-01
3.88534e+05  7.71600e-01  2.08150e-01
3.88332e+05  7.72000e-01  2.27800e-01
3.88131e+05  7.72400e-01  2.20350e-01
3.87930e+05  7.72800e-01  2.21750e-01
3.87730e+05  7.73200e-01  2.22400e-01
3.87529e+05  7.73600e-01  2.16150e-01
3.87329e+05  7.74000e-01  2.10450e-01
3.87129e+05  7.74400e-01  2.20650e-01
3.86929e+05  7.74800e-01  2.12750e-01
3.86729e+05  7.75200e-01  2.08050e-01
3.86530e+05  7.75600e-01  2.04000e-01
3.86330e+05  7.76000e-01  2.10050e-01
3.86131e+05  7.76400e-01  1.99500e-01
3.85933e+05  7.76800e-01  2.00450e-01
3.85734e+05  7.77200e-01  1.94450e-01
3.85536e+05  7.77600e-01  2.00700e-01
3.85337e+05  7.78000e-01  1.95650e-01
3.85139e+05  7.78400e-01  1.82550e-01
3.84942e+05  7.78800e-01  1.93350e-01
3.84744e+05  7.79200e-01  2.03850e-01
3.84547e+05  7.79600e-01  1.90300e-01
3.84349e+05  7.80000e-01  1.83850e-01
3.84152e+05  7.80400e-01  1.87350e-01
3.83956e+05  7.80800e-01  1.99650e-01
3.83759e+05  7.81200e-01  1.89050e-01
3.83563e+05  7.81600e-01  1.74700e-01
3.83366e+05  7.82000e-01  1.82700e-01
3.83170e+05  7.82400e-01  1.87950e-01
3.82975e+05  7.82800e-01  1.82850e-01
3.82779e+05  7.83200e-01  1.84800e-01
3.82584e+05  7.83600e-01  1.60750e-01
3.82388e+05  7.84000e-01  1.82550e-01
3.82193e+05  7.84400e-01  1.96400e-01
3.81999e+05  7.84800e-01  1.79300e-01
3.81804e+05  7.85200e-01  1.83300e-01
3.81610e+05  7.85600e-01  1.73300e-01
3.81415e+05  7.86000e-01  1.74650e-01
3.81221e+05  7.86400e-01  1.64800e-01
3.81028e+05  7.86800e-01  1.58350e-01
3.80834e+05  7.87200e-01  1.72400e-01
3.80641e+05  7.87600e-01  1.74150e-01
3.80447e+05  7.88000e-01  1.82350e-01
3.80254e+05  7.88400e-01  1.64550e-01
3.80061e+05  7.88800e-01  1.69300e-01
3.79869e+05  7.89200e-01  1.52000e-01
3.79676e+05  7.89600e-01  1.65150e-01
3.79484e+05  7.90000e-01  1.56800e-01
3.79292e+05  7.90400e-01  1.66550e-01
3.79100e+05  7.90800e-01  1.65050e-01
3.78909e+05  7.91200e-01  1.56600e-01
3.78717e+05  7.91600e-01  1.50150e-01
3.78526e+05  7.92000e-01  1.64850e-01
3.78335e+05  7.92400e-01  1.57400e-01
3.78144e+05  7.92800e-01  1.62300e-01
3.77953e+05  7.93200e-01  1.46050e-01
3.77763e+05  7.93600e-01  1.43300e-01
3.77572e+05  7.94000e-01  1.55700e-01
3.77382e+05  7.94400e-01  1.45300e-01
3.77192e+05  7.94800e-01  1.30300e-01
3.77003e+05  7.95200e-01  1.45400e-01
3.76813e+05  7.95600e-01  1.35700e-01
3.76624e+05  7.96000e-01  1.33100e-01
3.76435e+05  7.96400e-01  1.55150e-01
3.76246e+05  7.96800e-01  1.38550e-01
3.76057e+05  7.97200e-01  1.34350e-01
3.75868e+05  7.97600e-01  1.34600e-01
3.75680e+05  7.98000e-01  1.66550e-01
3.75492e+05  7.98400e-01  1.27100e-01
3.75304e+05  7.98800e-01  1.40250e-01
3.75116e+05  7.99200e-01  1.31450e-01
3.74928e+05  7.99600e-01  1.32400e-01
3.74741e+05  8.00000e-01  1.25400e-01
3.74553e+05  8.00400e-01  1.35350e-01
3.74366e+05  8.00800e-01  1.39050e-01
3.74179e+05  8.01200e-01  1.29700e-01
3.73993e+05  8.01600e-01  1.19400e-01
3.73806e+05  8.02000e-01  1.16150e-01
3.73620e+05  8.02400e-01  1.48600e-01
3.73434e+05  8.02800e-01  1.26550e-01
3.73248e+05  8.03200e-01  1.32700e-01
3.73062e+05  8.03600e-01  1.24250e-01
3.72876e+05  8.04000e-01  1.20900e-01
3.72691e+05  8.04400e-01  1.21850e-01
3.72506e+05  8.04800e-01  1.26000e-01
3.72320e+05  8.05200e-01  1.23800e-01
3.72136e+05  8.05600e-01  1.16250e-01
3.71951e+05  8.06000e-01  1.29350e-01
3.71766e+05  8.06400e-01  1.05600e-01
3.71582e+05  8.06800e-01  1.28400e-01
3.71398e+05  8.07200e-01  1.16600e-01
3.71214e+05  8.07600e-01  1.23550e-01
3.71030e+05  8.08000e-01  9.56000e-02
3.70847e+05  8.08400e-01  1.03550e-01
3.70663e+05  8.08800e-01  1.16350e-01
3.70480e+05  8.09200e-01  1.04800e-01
3.70297e+05  8.09600e-01  1.02100e-01
3.70114e+05  8.10000e-01  1.16850e-01
3.69931e+05  8.10400e-01  1.19500e-01
3.69749e+05  8.10800e-01  1.13200e-01
3.69567e+05  8.11200e-01  1.10050e-01
3.69384e+05  8.11600e-01  9.81000e-02
3.69203e+05  8.12000e-01  1.03250e-01
3.69021e+05  8.12400e-01  1.21500e-01
3.68839e+05  8.12800e-01  1.25050e-01
3.68658e+05  8.13200e-01  1.16600e-01
3.68476e+05  8.13600e-01  7.68500e-02
3.68295e+05  8.14000e-01  9.59000e-02
3.68115e+05  8.14400e-01  1.03250e-01
3.67934e+05  8.14800e-01  1.03000e-01
3.67753e+05  8.15200e-01  1.03500e-01
3.67573e+05  8.15600e-01  8.87000e-02
3.67393e+05  8.16000e-01  8.89000e-02
3.67213e+05  8.16400e-01  9.85500e-02
3.67033e+05  8.16800e-01  1.16650e-01
3.66853e+05  8.17200e-01  9.28500e-02
3.66674e+05  8.17600e-01  8.45000e-02
3.66494e+05  8.18000e-01  1.05000e-01
3.66315e+05  8.18400e-01  1.03250e-01
3.66136e+05  8.18800e-01  9.89000e-02
3.65958e+05  8.19200e-01  8.76500e-02
3.65779e+05  8.19600e-01  8.40000e-02
3.65601e+05  8.20000e-01  9.90500e-02
3.65422e+05  8.20400e-01  1.08700e-01
3.65244e+05  8.20800e-01  8.72500e-02
3.65066e+05  8.21200e-01  7.24000e-02
3.64889e+05  8.21600e-01  9.95000e-02
3.64711e+05  8.22000e-01  9.94000e-02
3.64534e+05  8.22400e-01  8.58000e-02
3.64356e+05  8.22800e-01  9.43500e-02
3.64179e+05  8.23200e-01  7.35000e-02
3.64002e+05  8.23600e-01  7.75500e-02
3.63826e+05  8.24000e-01  7.05000e-02
3.63649e+05  8.24400e-01  9.24000e-02
3.63473e+05  8.24800e-01  8.88500e-02
3.63297e+05  8.25200e-01  8.41500e-02
3.63121e+05  8.25600e-01  9.14000e-02
3.62945e+05  8.26000e-01  1.00100e-01
3.62769e+05  8.26400e-01  8.14000e-02
3.62594e+05  8.26800e-01  7.32000e-02
3.62418e+05  8.27200e-01  8.19000e-02
3.62243e+05  8.27600e-01  6.79500e-02
3.62068e+05  8.28000e-01  9.72000e-02
3.61893e+05  8.28400e-01  8.80500e-02
3.61719e+05  8.28800e-01  7.99000e-02
3.61544e+05  8.29200e-01  7.99000e-02
3.61370e+05  8.29600e-01  8.47500e-02
3.61196e+05  8.30000e-01  9.66000e-02
3.61022e+05  8.30400e-01  6.65000e-02
3.60848e+05  8.30800e-01  8.03500e-02
3.60674e+05  8.31200e-01  9.34500e-02
3.60501e+05  8.31600e-01  6.46500e-02
3.60327e+05  8.32000e-01  5.73500e-02
3.60154e+05  8.32400e-01  6.63000e-02
3.59981e+05  8.32800e-01  7.71500e-02
3.59809e+05  8.33200e-01  9.05000e-02
3.59636e+05  8.33600e-01  6.23000e-02
3.59463e+05  8.34000e-01  7.34500e-02
3.59291e+05  8.34400e-01  6.89000e-02
3.59119e+05  8.34800e-01  7.63000e-02
3.58947e+05  8.35200e-01  7.72000e-02
3.58775e+05  8.35600e-01  6.07500e-02
3.58603e+05  8.36000e-01  4.93000e-02
3.58432e+05  8.36400e-01  7.34000e-02
3.58261e+05  8.36800e-01  8.19500e-02
3.58089e+05  8.37200e-01  7.74000e-02
3.57918e+05  8.37600e-01  6.21500e-02
3.57748e+05  8.38000e-01  6.24000e-02
3.57577e+05  8.38400e-01  2.21000e-02
3.57406e+05  8.38800e-01  8.69000e-02
3.57236e+05  8.39200e-01  4.79000e-02
3.57066e+05  8.39600e-01  6.48500e-02
3.56896e+05  8.40000e-01  5.22500e-02
3.56726e+05  8.40400e-01  3.88500e-02
3.56556e+05  8.40800e-01  8.03000e-02
3.56387e+05  8.41200e-01  8.51000e-02
3.56217e+05  8.41600e-01  4.28500e-02
3.56048e+05  8.42000e-01  7.27000e-02
3.55879e+05  8.42400e-01  5.30000e-02
3.55710e+05  8.42800e-01  5.94500e-02
3.55541e+05  8.43200e-01  7.01500e-02
3.55373e+05  8.43600e-01  2.95000e-02
3.55204e+05  8.44000e-01  5.33500e-02
3.55036e+05  8.44400e-01  4.41500e-02
3.54868e+05  8.44800e-01  4.35000e-02
3.54700e+05  8.45200e-01  3.76000e-02
3.54532e+05  8.45600e-01  7.39500e-02
3.54365e+05  8.46000e-01  4.64500e-02
3.54197e+05  8.46400e-01  7.46000e-02
3.54030e+05  8.46800e-01  5.55000e-02
3.53863e+05  8.47200e-01  4.20500e-02
3.53696e+05  8.47600e-01  4.86500e-02
3.53529e+05  8.48000e-01  9.26500e-02
3.53362e+05  8.48400e-01  2.50500e-02
3.53196e+05  8.48800e-01  6.54500e-02
3.53029e+05  8.49200e-01  7.51000e-02
3.52863e+05  8.49600e-01  6.13500e-02
3.52697e+05  8.50000e-01  5.31000e-02
3.52531e+05  8.50400e-01  5.60500e-02
3.52365e+05  8.50800e-01  3.03000e-02
3.52200e+05  8.51200e-01  5.61500e-02
3.52034e+05  8.51600e-01  7.90000e-03
3.51869e+05  8.52000e-01  3.05500e-02
3.51704e+05  8.52400e-01  2.69000e-02
3.51539e+05  8.52800e-01  2.55500e-02
3.51374e+05  8.53200e-01  6.06500e-02
3.51210e+05  8.53600e-01  4.22000e-02
3.51045e+05  8.54000e-01  5.02000e-02
3.50881e+05  8.54400e-01  3.01000e-02
3.50716e+05  8.54800e-01  1.89000e-02
3.50552e+05  8.55200e-01  4.04000e-02
3.50389e+05  8.55600e-01  3.79000e-02
3.50225e+05  8.56000e-01  6.03000e-02
3.50061e+05  8.56400e-01  6.48000e-02
3.49898e+05  8.56800e-01  6.50000e-02
3.49735e+05  8.57200e-01  3.50500e-02
3.49571e+05  8.57600e-01  5.66000e-02
3.49408e+05  8.58000e-01  1.26450e-01
3.49246e+05  8.58400e-01  1.01800e-01
3.49083e+05  8.58800e-01  1.11550e-01
3.48920e+05  8.59200e-01  1.81050e-01
3.48758e+05  8.59600e-01  1.21050e-01
3.48596e+05  8.60000e-01  1.25550e-01
3.48434e+05  8.60400e-01  1.20300e-01
3.48272e+05  8.60800e-01  3.86500e-02
3.48110e+05  8.61200e-01  4.12000e-02
3.47949e+05  8.61600e-01  4.04500e-02
3.47787e+05  8.62000e-01  4.01000e-02
3.47626e+05  8.62400e-01  3.99000e-02
3.47465e+05  8.62800e-01  3.98500e-02
3.47304e+05  8.63200e-01  3.91000e-02
3.47143e+05  8.63600e-01  3.90000e-02
3.46982e+05  8.64000e-01  3.83500e-02
3.46821e+05  8.64400e-01  3.76000e-02
3.46661e+05  8.64800e-01  3.74500e-02
3.46501e+05  8.65200e-01  3.73000e-02
3.46341e+05  8.65600e-01  3.69000e-02
3.46181e+05  8.66000e-01  3.67000e-02
3.46021e+05  8.66400e-01  3.60500e-02
3.45861e+05  8.66800e-01  3.63500e-02
3.45702e+05  8.67200e-01  3.61500e-02
3.45542e+05  8.67600e-01  3.56000e-02
3.45383e+05  8.68000e-01  3.52000e-02
3.45224e+05  8.68400e-01  3.46000e-02
3.45065e+05  8.68800e-01  3.48000e-02
3.44906e+05  8.69200e-01  3.47500e-02
3.44748e+05  8.69600e-01  3.45000e-02
3.44589e+05  8.70000e-01  3.35500e-02
3.44431e+05  8.70400e-01  3.40000e-02
3.44272e+05  8.70800e-01  3.34000e-02
3.44114e+05  8.71200e-01  3.29500e-02
3.43956e+05  8.71600e-01  3.24500e-02
3.43799e+05  8.72000e-01  3.24000e-02
3.43641e+05  8.72400e-01  3.17000e-02
3.43484e+05  8.72800e-01  3.19500e-02
3.43326e+05  8.73200e-01  3.13500e-02
3.43169e+05  8.73600e-01  3.08000e-02
3.43012e+05  8.74000e-01  3.04000e-02
3.42855e+05  8.74400e-01  3.06500e-02
3.42698e+05  8.74800e-01  3.04500e-02
3.42542e+05  8.75200e-01  3.04500e-02
3.42385e+05  8.75600e-01  2.95500e-02
3.42229e+05  8.76000e-01  2.97500e-02
3.42073e+05  8.76400e-01  2.88000e-02
3.41917e+05  8.76800e-01  2.90500e-02
3.41761e+05  8.77200e-01  2.88000e-02
3.41605e+05  8.77600e-01  2.85000e-02
3.41449e+05  8.78000e-01  2.82500e-02
3.41294e+05  8.78400e-01  2.79000e-02
3.41138e+05  8.78800e-01  2.80000e-02
3.40983e+05  8.79200e-01  2.81000e-02
3.40828e+05  8.79600e-01  2.75000e-02
3.40673e+05  8.80000e-01  2.74000e-02
3.40518e+05  8.80400e-01  2.70500e-02
3.40364e+05  8.80800e-01  2.72500e-02
3.40209e+05  8.81200e-01  2.68500e-02
3.40055e+05  8.81600e-01  2.62000e-02
3.39901e+05  8.82000e-01  2.60500e-02
3.39747e+05  8.82400e-01  2.57000e-02
3.39593e+05  8.82800e-01  2.56500e-02
3.39439e+05  8.83200e-01  2.54000e-02
3.39285e+05  8.83600e-01  2.48500e-02
3.39132e+05  8.84000e-01  2.50000e-02
3.38978e+05  8.84400e-01  2.44000e-02
3.38825e+05  8.84800e-01  2.45500e-02
3.38672e+05  8.85200e-01  2.42500e-02
3.38519e+05  8.85600e-01  2.37000e-02
3.38366e+05  8.86000e-01  2.37000e-02
3.38214e+05  8.86400e-01  2.39000e-02
3.38061e+05  8.86800e-01  2.35000e-02
3.37909e+05  8.87200e-01  2.34500e-02
3.37756e+05  8.87600e-01  2.31500e-02
3.37604e+05  8.88000e-01  2.27500e-02
3.37452e+05  8.88400e-01  2.30500e-02
3.37300e+05  8.88800e-01  2.29500e-02
3.37149e+05  8.89200e-01  2.21500e-02
3.36997e+05  8.89600e-01  2.22000e-02
3.36845e+05  8.90000e-01  2.16500e-02
3.36694e+05  8.90400e-01  2.13500e-02
3.36543e+05  8.90800e-01  2.15000e-02
3.36392e+05  8.91200e-01  2.12000e-02
3.36241e+05  8.91600e-01  2.07500e-02
3.36090e+05  8.92000e-01  2.08500e-02
3.35940e+05  8.92400e-01  2.04500e-02
3.35789e+05  8.92800e-01  2.02000e-02
3.35639e+05  8.93200e-01  1.98000e-02
3.35488e+05  8.93600e-01  1.97000e-02
3.35338e+05  8.94000e-01  1.97500e-02
3.35188e+05  8.94400e-01  1.97000e-02
3.35039e+05  8.94800e-01  1.93500e-02
3.34889e+05  8.95200e-01  1.90500e-02
3.34739e+05  8.95600e-01  1.90500e-02
3.34590e+05  8.96000e-01  1.94000e-02
3.34440e+05  8.96400e-01  1.94500e-02
3.34291e+05  8.96800e-01  1.88000e-02
3.34142e+05  8.97200e-01  1.80500e-02
3.33993e+05  8.97600e-01  1.81000e-02
3.33845e+05  8.98000e-01  1.80000e-02
3.33696e+05  8.98400e-01  1.82000e-02
3.33547e+05  8.98800e-01  1.77500e-02
3.33399e+05  8.99200e-01  1.78000e-02
3.33251e+05  8.99600e-01  1.77000e-02
3.33103e+05  9.00000e-01  1.77500e-02
3.32955e+05  9.00400e-01  1.76500e-02
3.32807e+05  9.00800e-01  1.73500e-02
3.32659e+05  9.01200e-01  1.69500e-02
3.32512e+05  9.01600e-01  1.67000e-02
3.32364e+05  9.02000e-01  1.69500e-02
3.32217e+05  9.02400e-01  1.59500e-02
3.32070e+05  9.02800e-01  1.68000e-02
3.31923e+05  9.03200e-01  1.62000e-02
3.31776e+05  9.03600e-01  1.63000e-02
3.31629e+05  9.04000e-01  1.52500e-02
3.31482e+05  9.04400e-01  1.60500e-02
3.31336e+05  9.04800e-01  1.54000e-02
3.31189e+05  9.05200e-01  1.54500e-02
3.31043e+05  9.05600e-01  1.55000e-02
3.30897e+05  9.06000e-01  1.52500e-02
3.30751e+05  9.06400e-01  1.51500e-02
3.30605e+05  9.06800e-01  1.49000e-02
3.30459e+05  9.07200e-01  1.45000e-02
3.30313e+05  9.07600e-01  1.48000e-02
3.30168e+05  9.08000e-01  1.41000e-02
3.30023e+05  9.08400e-01  1.44000e-02
3.29877e+05  9.08800e-01  1.51000e-02
3.29732e+05  9.09200e-01  1.44500e-02
3.29587e+05  9.09600e-01  1.38000e-02
3.29442e+05  9.10000e-01  1.42000e-02
3.29298e+05  9.10400e-01  1.45000e-02
3.29153e+05  9.10800e-01  1.38000e-02
3.29008e+05  9.11200e-01  1.34500e-02
3.28864e+05  9.11600e-01  1.32000e-02
3.28720e+05  9.12000e-01  1.33500e-02
3.28576e+05  9.12400e-01  1.35500e-02
3.28432e+05  9.12800e-01  1.34000e-02
3.28288e+05  9.13200e-01  1.29000e-02
3.28144e+05  9.13600e-01  1.26500e-02
3.28001e+05  9.14000e-01  1.27000e-02
3.27857e+05  9.14400e-01  1.24000e-02
3.27714e+05  9.14800e-01  1.29000e-02
3.27570e+05  9.15200e-01  1.21500e-02
3.27427e+05  9.15600e-01  1.20000e-02
3.27284e+05  9.16000e-01  1.23000e-02
3.27141e+05  9.16400e-01  1.19000e-02
3.26999e+05  9.16800e-01  1.21000e-02
3.26856e+05  9.17200e-01  1.19500e-02
3.26714e+05  9.17600e-01  1.19000e-02
3.26571e+05  9.18000e-01  1.19500e-02
3.26429e+05  9.18400e-01  1.11500e-02
3.26287e+05  9.18800e-01  1.10500e-02
3.26145e+05  9.19200e-01  1.16000e-02
3.26003e+05  9.19600e-01  1.13000e-02
3.25861e+05  9.20000e-01  1.15500e-02
3.25720e+05  9.20400e-01  1.11500e-02
3.25578e+05  9.20800e-01  1.08000e-02
3.25437e+05  9.21200e-01  1.12500e-02
3.25296e+05  9.21600e-01  1.03500e-02
3.25155e+05  9.22000e-01  1.04500e-02
3.25014e+05  9.22400e-01  1.10500e-02
3.24873e+05  9.22800e-01  1.13000e-02
3.24732e+05  9.23200e-01  1.01500e-02
3.24591e+05  9.23600e-01  1.04500e-02
3.24451e+05  9.24000e-01  1.00500e-02
3.24310e+05  9.24400e-01  9.75000e-03
3.24170e+05  9.24800e-01  1.05000e-02
3.24030e+05  9.25200e-01  1.04000e-02
3.23890e+05  9.25600e-01  9.60000e-03
3.23750e+05  9.26000e-01  9.60000e-03
3.23610e+05  9.26400e-01  9.85000e-03
3.23470e+05  9.26800e-01  9.75000e-03
3.23331e+05  9.27200e-01  9.40000e-03
3.23192e+05  9.27600e-01  1.00000e-02
3.23052e+05  9.28000e-01  9.65000e-03
3.22913e+05  9.28400e-01  9.20000e-03
3.22774e+05  9.28800e-01  8.95000e-03
3.22635e+05  9.29200e-01  9.30000e-03
3.22496e+05  9.29600e-01  8.95000e-03
3.22357e+05  9.30000e-01  8.75000e-03
3.22219e+05  9.30400e-01  8.85000e-03
3.22080e+05  9.30800e-01  8.85000e-03
3.21942e+05  9.31200e-01  8.35000e-03
3.21804e+05  9.31600e-01  9.20000e-03
3.21666e+05  9.32000e-01  8.20000e-03
3.21528e+05  9.32400e-01  8.70000e-03
3.21390e+05  9.32800e-01  8.65000e-03
3.21252e+05  9.33200e-01  8.15000e-03
3.21114e+05  9.33600e-01  8.75000e-03
3.20977e+05  9.34000e-01  8.20000e-03
3.20840e+05  9.34400e-01  8.25000e-03
3.20702e+05  9.34800e-01  8.00000e-03
3.20565e+05  9.35200e-01  7.75000e-03
3.20428e+05  9.35600e-01  7.60000e-03
3.20291e+05  9.36000e-01  8.10000e-03
3.20154e+05  9.36400e-01  7.85000e-03
3.20018e+05  9.36800e-01  7.70000e-03
3.19881e+05  9.37200e-01  8.30000e-03
3.19745e+05  9.37600e-01  7.85000e-03
3.19608e+05  9.38000e-01  7.95000e-03
3.19472e+05  9.38400e-01  7.05000e-03
3.19336e+05  9.38800e-01  7.50000e-03
3.19200e+05  9.39200e-01  7.95000e-03
3.19064e+05  9.39600e-01  7.30000e-03
3.18928e+05  9.40000e-01  7.60000e-03
3.18792e+05  9.40400e-01  7.95000e-03
3.18657e+05  9.40800e-01  6.55000e-03
3.18522e+05  9.41200e-01  7.35000e-03
3.18386e+05  9.41600e-01  6.95000e-03
3.18251e+05  9.42000e-01  6.90000e-03
3.18116e+05  9.42400e-01  6.60000e-03
3.17981e+05  9.42800e-01  6.55000e-03
3.17846e+05  9.43200e-01  7.25000e-03
3.17711e+05  9.43600e-01  6.35000e-03
3.17577e+05  9.44000e-01  6.55000e-03
3.17442e+05  9.44400e-01  6.70000e-03
3.17308e+05  9.44800e-01  6.95000e-03
3.17174e+05  9.45200e-01  6.90000e-03
3.17039e+05  9.45600e-01  6.20000e-03
3.16905e+05  9.46000e-01  6.70000e-03
3.16771e+05  9.46400e-01  6.35000e-03
3.16638e+05  9.46800e-01  6.00000e-03
3.16504e+05  9.47200e-01  6.60000e-03
3.16370e+05  9.47600e-01  6.15000e-03
3.16237e+05  9.48000e-01  6.40000e-03
3.16103e+05  9.48400e-01  5.95000e-03
3.15970e+05  9.48800e-01  6.15000e-03
3.15837e+05  9.49200e-01  6.55000e-03
3.15704e+05  9.49600e-01  5.80000e-03
3.15571e+05  9.50000e-01  5.90000e-03
3.15438e+05  9.50400e-01  5.65000e-03
3.15305e+05  9.50800e-01  5.95000e-03
3.15173e+05  9.51200e-01  6.25000e-03
3.15040e+05  9.51600e-01  6.20000e-03
3.14908e+05  9.52000e-01  4.90000e-03
3.14776e+05  9.52400e-01  6.15000e-03
3.14644e+05  9.52800e-01  5.45000e-03
3.14512e+05  9.53200e-01  5.70000e-03
3.14380e+05  9.53600e-01  5.25000e-03
3.14248e+05  9.54000e-01  5.85000e-03
3.14116e+05  9.54400e-01  5.45000e-03
3.13985e+05  9.54800e-01  5.80000e-03
3.13853e+05  9.55200e-01  5.30000e-03
3.13722e+05  9.55600e-01  5.45000e-03
3.13590e+05  9.56000e-01  5.35000e-03
3.13459e+05  9.56400e-01  5.20000e-03
3.13328e+05  9.56800e-01  5.30000e-03
3.13197e+05  9.57200e-01  4.70000e-03
3.13066e+05  9.57600e-01  5.35000e-03
3.12936e+05  9.58000e-01  4.75000e-03
3.12805e+05  9.58400e-01  5.20000e-03
3.12675e+05  9.58800e-01  5.40000e-03
3.12544e+05  9.59200e-01  5.00000e-03
3.12414e+05  9.59600e-01  4.75000e-03
3.12284e+05  9.60000e-01  4.75000e-03
3.12154e+05  9.60400e-01  5.25000e-03
3.12024e+05  9.60800e-01  4.70000e-03
3.11894e+05  9.61200e-01  4.35000e-03
3.11764e+05  9.61600e-01  4.75000e-03
3.11635e+05  9.62000e-01  4.55000e-03
3.11505e+05  9.62400e-01  4.80000e-03
3.11376e+05  9.62800e-01  4.60000e-03
3.11246e+05  9.63200e-01  4.20000e-03
3.11117e+05  9.63600e-01  4.50000e-03
3.10988e+05  9.64000e-01  4.20000e-03
3.10859e+05  9.64400e-01  4.95000e-03
3.10730e+05  9.64800e-01  4.65000e-03
3.10601e+05  9.65200e-01  4.15000e-03
3.10473e+05  9.65600e-01  5.05000e-03
3.10344e+05  9.66000e-01  4.25000e-03
3.10216e+05  9.66400e-01  4.20000e-03
3.10087e+05  9.66800e-01  4.10000e-03
3.09959e+05  9.67200e-01  4.45000e-03
3.09831e+05  9.67600e-01  4.35000e-03
3.09703e+05  9.68000e-01  4.50000e-03
3.09575e+05  9.68400e-01  4.00000e-03
3.09447e+05  9.68800e-01  4.00000e-03
3.09319e+05  9.69200e-01  4.05000e-03
3.09192e+05  9.69600e-01  4.40000e-03
3.09064e+05  9.70000e-01  3.80000e-03
3.08937e+05  9.70400e-01  4.20000e-03
3.08810e+05  9.70800e-01  4.05000e-03
3.08683e+05  9.71200e-01  4.55000e-03
3.08555e+05  9.71600e-01  3.90000e-03
3.08428e+05  9.72000e-01  3.15000e-03
3.08302e+05  9.72400e-01  4.10000e-03
3.08175e+05  9.72800e-01  3.55000e-03
3.08048e+05  9.73200e-01  3.20000e-03
3.07922e+05  9.73600e-01  3.90000e-03
3.07795e+05  9.74000e-01  4.15000e-03
3.07669e+05  9.74400e-01  2.90000e-03
3.07543e+05  9.74800e-01  3.70000e-03
3.07416e+05  9.75200e-01  3.75000e-03
3.07290e+05  9.75600e-01  3.55000e-03
3.07164e+05  9.76000e-01  3.70000e-03
3.07039e+05  9.76400e-01  3.70000e-03
3.06913e+05  9.76800e-01  3.65000e-03
3.06787e+05  9.77200e-01  3.35000e-03
3.06662e+05  9.77600e-01  3.35000e-03
3.06536e+05  9.78000e-01  3.75000e-03
3.06411e+05  9.78400e-01  3.15000e-03
3.06286e+05  9.78800e-01  3.55000e-03
3.06161e+05  9.79200e-01  3.20000e-03
3.06036e+05  9.79600e-01  2.35000e-03
3.05911e+05  9.80000e-01  3.45000e-03
3.05786e+05  9.80400e-01  3.05000e-03
3.05661e+05  9.80800e-01  2.95000e-03
3.05537e+05  9.81200e-01  3.60000e-03
3.05412e+05  9.81600e-01  3.45000e-03
3.05288e+05  9.82000e-01  2.85000e-03
3.05163e+05  9.82400e-01  3.55000e-03
3.05039e+05  9.82800e-01  3.50000e-03
3.04915e+05  9.83200e-01  2.75000e-03
3.04791e+05  9.83600e-01  3.35000e-03
3.04667e+05  9.84000e-01  3.45000e-03
3.04543e+05  9.84400e-01  2.85000e-03
3.04420e+05  9.84800e-01  3.50000e-03
3.04296e+05  9.85200e-01  3.10000e-03
3.04173e+05  9.85600e-01  2.90000e-03
3.04049e+05  9.86000e-01  3.25000e-03
3.03926e+05  9.86400e-01  2.95000e-03
3.03803e+05  9.86800e-01  3.25000e-03
3.03680e+05  9.87200e-01  3.00000e-03
3.03557e+05  9.87600e-01  2.50000e-03
3.03434e+05  9.88000e-01  2.50000e-03
3.03311e+05  9.88400e-01  2.50000e-03
3.03188e+05  9.88800e-01  2.40000e-03
3.03066e+05  9.89200e-01  2.95000e-03
3.02943e+05  9.89600e-01  2.85000e-03
3.02821e+05  9.90000e-01  2.70000e-03
3.02698e+05  9.90400e-01  2.95000e-03
3.02576e+05  9.90800e-01  3.00000e-03
3.02454e+05  9.91200e-01  2.20000e-03
3.02332e+05  9.91600e-01  2.90000e-03
3.02210e+05  9.92000e-01  2.90000e-03
3.02088e+05  9.92400e-01  2.70000e-03
3.01967e+05  9.92800e-01  2.80000e-03
3.01845e+05  9.93200e-01  3.10000e-03
3.01723e+05  9.93600e-01  2.70000e-03
3.01602e+05  9.94000e-01  2.20000e-03
3.01481e+05  9.94400e-01  2.85000e-03
3.01360e+05  9.94800e-01  3.25000e-03
3.01238e+05  9.95200e-01  2.25000e-03
3.01117e+05  9.95600e-01  2.60000e-03
3.00996e+05  9.96000e-01  2.85000e-03
3.00876e+05  9.96400e-01  2.25000e-03
3.00755e+05  9.96800e-01  2.35000e-03
3.00634e+05  9.97200e-01  2.30000e-03
3.00514e+05  9.97600e-01  2.20000e-03
3.00393e+05  9.98000e-01  2.70000e-03
3.00273e+05  9.98400e-01  2.45000e-03
3.00153e+05  9.98800e-01  2.65000e-03
3.00032e+05  9.99200e-01  2.30000e-03
2.99912e+05  9.99600e-01  2.75000e-03
2.99792e+05  1.00000e+00  2.55000e-03
