KPNO_U
frq          wvl          transmission
[GHz]        [micron]                 
9.99308e+05  3.00000e-01  6.20000e-05
9.98642e+05  3.00200e-01  4.00000e-05
9.97978e+05  3.00400e-01  -1.40000e-05
9.97314e+05  3.00600e-01  4.10000e-05
9.96650e+05  3.00800e-01  7.80000e-05
9.95988e+05  3.01000e-01  -9.00000e-06
9.95327e+05  3.01200e-01  1.90000e-05
9.94666e+05  3.01400e-01  5.20000e-05
9.94007e+05  3.01600e-01  1.01000e-04
9.93348e+05  3.01800e-01  9.70000e-05
9.92690e+05  3.02000e-01  3.40000e-05
9.92033e+05  3.02200e-01  5.40000e-05
9.91377e+05  3.02400e-01  1.49000e-04
9.90722e+05  3.02600e-01  2.00000e-05
9.90068e+05  3.02800e-01  6.10000e-05
9.89414e+05  3.03000e-01  1.28000e-04
9.88761e+05  3.03200e-01  1.34000e-04
9.88110e+05  3.03400e-01  1.30000e-04
9.87459e+05  3.03600e-01  1.99000e-04
9.86809e+05  3.03800e-01  1.85000e-04
9.86159e+05  3.04000e-01  1.39000e-04
9.85511e+05  3.04200e-01  2.32000e-04
9.84864e+05  3.04400e-01  2.66000e-04
9.84217e+05  3.04600e-01  3.23000e-04
9.83571e+05  3.04800e-01  3.04000e-04
9.82926e+05  3.05000e-01  3.62000e-04
9.82282e+05  3.05200e-01  4.49000e-04
9.81639e+05  3.05400e-01  3.62000e-04
9.80996e+05  3.05600e-01  4.68000e-04
9.80355e+05  3.05800e-01  5.63000e-04
9.79714e+05  3.06000e-01  7.24000e-04
9.79074e+05  3.06200e-01  8.23000e-04
9.78435e+05  3.06400e-01  8.00000e-04
9.77797e+05  3.06600e-01  8.42000e-04
9.77159e+05  3.06800e-01  8.25000e-04
9.76523e+05  3.07000e-01  9.15000e-04
9.75887e+05  3.07200e-01  1.18300e-03
9.75252e+05  3.07400e-01  1.16100e-03
9.74618e+05  3.07600e-01  1.15200e-03
9.73985e+05  3.07800e-01  1.54500e-03
9.73352e+05  3.08000e-01  1.52500e-03
9.72720e+05  3.08200e-01  1.71800e-03
9.72090e+05  3.08400e-01  1.90800e-03
9.71460e+05  3.08600e-01  1.99900e-03
9.70830e+05  3.08800e-01  2.14100e-03
9.70202e+05  3.09000e-01  2.37700e-03
9.69575e+05  3.09200e-01  2.47800e-03
9.68948e+05  3.09400e-01  2.71200e-03
9.68322e+05  3.09600e-01  2.79000e-03
9.67697e+05  3.09800e-01  3.10900e-03
9.67072e+05  3.10000e-01  3.31100e-03
9.66449e+05  3.10200e-01  3.78600e-03
9.65826e+05  3.10400e-01  3.79800e-03
9.65204e+05  3.10600e-01  3.92600e-03
9.64583e+05  3.10800e-01  4.51000e-03
9.63963e+05  3.11000e-01  4.72600e-03
9.63343e+05  3.11200e-01  4.75700e-03
9.62725e+05  3.11400e-01  5.23800e-03
9.62107e+05  3.11600e-01  5.85100e-03
9.61490e+05  3.11800e-01  6.19500e-03
9.60873e+05  3.12000e-01  6.22700e-03
9.60258e+05  3.12200e-01  6.61900e-03
9.59643e+05  3.12400e-01  7.31400e-03
9.59029e+05  3.12600e-01  7.52700e-03
9.58416e+05  3.12800e-01  8.21300e-03
9.57803e+05  3.13000e-01  8.65500e-03
9.57192e+05  3.13200e-01  9.31700e-03
9.56581e+05  3.13400e-01  9.54600e-03
9.55971e+05  3.13600e-01  9.69500e-03
9.55362e+05  3.13800e-01  1.00410e-02
9.54753e+05  3.14000e-01  1.08090e-02
9.54145e+05  3.14200e-01  1.16700e-02
9.53538e+05  3.14400e-01  1.24480e-02
9.52932e+05  3.14600e-01  1.25440e-02
9.52327e+05  3.14800e-01  1.31170e-02
9.51722e+05  3.15000e-01  1.42200e-02
9.51118e+05  3.15200e-01  1.48940e-02
9.50515e+05  3.15400e-01  1.53760e-02
9.49913e+05  3.15600e-01  1.56000e-02
9.49311e+05  3.15800e-01  1.65070e-02
9.48710e+05  3.16000e-01  1.71330e-02
9.48110e+05  3.16200e-01  1.80160e-02
9.47511e+05  3.16400e-01  1.90710e-02
9.46912e+05  3.16600e-01  1.95300e-02
9.46315e+05  3.16800e-01  1.99110e-02
9.45718e+05  3.17000e-01  2.13470e-02
9.45121e+05  3.17200e-01  2.21480e-02
9.44526e+05  3.17400e-01  2.27130e-02
9.43931e+05  3.17600e-01  2.32160e-02
9.43337e+05  3.17800e-01  2.41800e-02
9.42744e+05  3.18000e-01  2.58690e-02
9.42151e+05  3.18200e-01  2.69060e-02
9.41559e+05  3.18400e-01  2.74790e-02
9.40968e+05  3.18600e-01  2.76680e-02
9.40378e+05  3.18800e-01  2.88310e-02
9.39788e+05  3.19000e-01  2.96810e-02
9.39199e+05  3.19200e-01  3.03100e-02
9.38611e+05  3.19400e-01  3.23670e-02
9.38024e+05  3.19600e-01  3.35550e-02
9.37437e+05  3.19800e-01  3.41820e-02
9.36851e+05  3.20000e-01  3.51010e-02
9.36266e+05  3.20200e-01  3.55420e-02
9.35682e+05  3.20400e-01  3.64660e-02
9.35098e+05  3.20600e-01  3.88510e-02
9.34515e+05  3.20800e-01  3.94970e-02
9.33933e+05  3.21000e-01  4.04900e-02
9.33351e+05  3.21200e-01  4.24020e-02
9.32771e+05  3.21400e-01  4.25860e-02
9.32190e+05  3.21600e-01  4.42820e-02
9.31611e+05  3.21800e-01  4.53710e-02
9.31032e+05  3.22000e-01  4.62310e-02
9.30455e+05  3.22200e-01  4.72040e-02
9.29877e+05  3.22400e-01  4.87700e-02
9.29301e+05  3.22600e-01  4.99840e-02
9.28725e+05  3.22800e-01  5.05760e-02
9.28150e+05  3.23000e-01  5.19530e-02
9.27576e+05  3.23200e-01  5.33420e-02
9.27002e+05  3.23400e-01  5.56020e-02
9.26429e+05  3.23600e-01  5.59380e-02
9.25857e+05  3.23800e-01  5.77610e-02
9.25285e+05  3.24000e-01  5.96790e-02
9.24715e+05  3.24200e-01  6.07080e-02
9.24144e+05  3.24400e-01  6.17540e-02
9.23575e+05  3.24600e-01  6.30120e-02
9.23006e+05  3.24800e-01  6.39920e-02
9.22438e+05  3.25000e-01  6.67910e-02
9.21871e+05  3.25200e-01  6.65530e-02
9.21304e+05  3.25400e-01  6.80870e-02
9.20739e+05  3.25600e-01  7.00400e-02
9.20173e+05  3.25800e-01  7.19990e-02
9.19609e+05  3.26000e-01  7.12730e-02
9.19045e+05  3.26200e-01  7.34840e-02
9.18482e+05  3.26400e-01  7.50310e-02
9.17919e+05  3.26600e-01  7.68690e-02
9.17358e+05  3.26800e-01  7.81930e-02
9.16797e+05  3.27000e-01  7.96030e-02
9.16236e+05  3.27200e-01  8.17400e-02
9.15676e+05  3.27400e-01  8.25500e-02
9.15117e+05  3.27600e-01  8.46380e-02
9.14559e+05  3.27800e-01  8.66750e-02
9.14001e+05  3.28000e-01  8.67900e-02
9.13444e+05  3.28200e-01  8.85820e-02
9.12888e+05  3.28400e-01  9.13820e-02
9.12332e+05  3.28600e-01  9.01720e-02
9.11778e+05  3.28800e-01  9.38000e-02
9.11223e+05  3.29000e-01  9.15490e-02
9.10670e+05  3.29200e-01  9.59040e-02
9.10117e+05  3.29400e-01  9.66440e-02
9.09564e+05  3.29600e-01  9.82610e-02
9.09013e+05  3.29800e-01  9.99700e-02
9.08462e+05  3.30000e-01  1.00680e-01
9.07912e+05  3.30200e-01  1.01067e-01
9.07362e+05  3.30400e-01  1.04251e-01
9.06813e+05  3.30600e-01  1.05707e-01
9.06265e+05  3.30800e-01  1.07255e-01
9.05717e+05  3.31000e-01  1.08599e-01
9.05170e+05  3.31200e-01  1.10260e-01
9.04624e+05  3.31400e-01  1.11716e-01
9.04079e+05  3.31600e-01  1.14299e-01
9.03534e+05  3.31800e-01  1.14558e-01
9.02989e+05  3.32000e-01  1.16075e-01
9.02446e+05  3.32200e-01  1.16566e-01
9.01903e+05  3.32400e-01  1.17681e-01
9.01360e+05  3.32600e-01  1.21382e-01
9.00819e+05  3.32800e-01  1.21198e-01
9.00278e+05  3.33000e-01  1.22049e-01
8.99737e+05  3.33200e-01  1.24222e-01
8.99198e+05  3.33400e-01  1.26260e-01
8.98658e+05  3.33600e-01  1.26352e-01
8.98120e+05  3.33800e-01  1.28646e-01
8.97582e+05  3.34000e-01  1.29170e-01
8.97045e+05  3.34200e-01  1.30324e-01
8.96509e+05  3.34400e-01  1.32611e-01
8.95973e+05  3.34600e-01  1.33819e-01
8.95437e+05  3.34800e-01  1.38846e-01
8.94903e+05  3.35000e-01  1.40075e-01
8.94369e+05  3.35200e-01  1.39208e-01
8.93836e+05  3.35400e-01  1.42176e-01
8.93303e+05  3.35600e-01  1.42938e-01
8.92771e+05  3.35800e-01  1.46291e-01
8.92239e+05  3.36000e-01  1.48209e-01
8.91709e+05  3.36200e-01  1.48895e-01
8.91179e+05  3.36400e-01  1.51524e-01
8.90649e+05  3.36600e-01  1.51767e-01
8.90120e+05  3.36800e-01  1.54230e-01
8.89592e+05  3.37000e-01  1.55729e-01
8.89064e+05  3.37200e-01  1.57054e-01
8.88537e+05  3.37400e-01  1.58874e-01
8.88011e+05  3.37600e-01  1.61858e-01
8.87485e+05  3.37800e-01  1.62404e-01
8.86960e+05  3.38000e-01  1.64212e-01
8.86435e+05  3.38200e-01  1.65487e-01
8.85912e+05  3.38400e-01  1.69842e-01
8.85388e+05  3.38600e-01  1.70115e-01
8.84866e+05  3.38800e-01  1.69626e-01
8.84344e+05  3.39000e-01  1.72262e-01
8.83822e+05  3.39200e-01  1.75006e-01
8.83301e+05  3.39400e-01  1.75317e-01
8.82781e+05  3.39600e-01  1.79110e-01
8.82262e+05  3.39800e-01  1.81397e-01
8.81743e+05  3.40000e-01  1.80532e-01
8.81224e+05  3.40200e-01  1.82197e-01
8.80706e+05  3.40400e-01  1.84824e-01
8.80189e+05  3.40600e-01  1.87666e-01
8.79673e+05  3.40800e-01  1.90161e-01
8.79157e+05  3.41000e-01  1.87853e-01
8.78641e+05  3.41200e-01  1.92629e-01
8.78127e+05  3.41400e-01  1.91425e-01
8.77613e+05  3.41600e-01  1.93950e-01
8.77099e+05  3.41800e-01  1.98376e-01
8.76586e+05  3.42000e-01  1.98243e-01
8.76074e+05  3.42200e-01  2.01081e-01
8.75562e+05  3.42400e-01  2.02104e-01
8.75051e+05  3.42600e-01  2.01974e-01
8.74540e+05  3.42800e-01  2.06372e-01
8.74030e+05  3.43000e-01  2.08216e-01
8.73521e+05  3.43200e-01  2.08247e-01
8.73012e+05  3.43400e-01  2.09428e-01
8.72504e+05  3.43600e-01  2.12170e-01
8.71997e+05  3.43800e-01  2.15506e-01
8.71490e+05  3.44000e-01  2.14573e-01
8.70983e+05  3.44200e-01  2.16035e-01
8.70478e+05  3.44400e-01  2.19074e-01
8.69972e+05  3.44600e-01  2.24432e-01
8.69468e+05  3.44800e-01  2.23772e-01
8.68964e+05  3.45000e-01  2.22197e-01
8.68460e+05  3.45200e-01  2.27174e-01
8.67957e+05  3.45400e-01  2.27601e-01
8.67455e+05  3.45600e-01  2.31357e-01
8.66953e+05  3.45800e-01  2.29628e-01
8.66452e+05  3.46000e-01  2.30790e-01
8.65952e+05  3.46200e-01  2.34165e-01
8.65452e+05  3.46400e-01  2.36283e-01
8.64952e+05  3.46600e-01  2.40327e-01
8.64453e+05  3.46800e-01  2.39542e-01
8.63955e+05  3.47000e-01  2.42163e-01
8.63458e+05  3.47200e-01  2.42144e-01
8.62960e+05  3.47400e-01  2.43207e-01
8.62464e+05  3.47600e-01  2.49517e-01
8.61968e+05  3.47800e-01  2.46469e-01
8.61473e+05  3.48000e-01  2.48135e-01
8.60978e+05  3.48200e-01  2.51335e-01
8.60484e+05  3.48400e-01  2.52835e-01
8.59990e+05  3.48600e-01  2.52355e-01
8.59497e+05  3.48800e-01  2.57966e-01
8.59004e+05  3.49000e-01  2.61468e-01
8.58512e+05  3.49200e-01  2.60991e-01
8.58021e+05  3.49400e-01  2.61994e-01
8.57530e+05  3.49600e-01  2.62172e-01
8.57040e+05  3.49800e-01  2.64207e-01
8.56550e+05  3.50000e-01  2.65644e-01
8.56061e+05  3.50200e-01  2.69705e-01
8.55572e+05  3.50400e-01  2.69309e-01
8.55084e+05  3.50600e-01  2.71485e-01
8.54597e+05  3.50800e-01  2.70787e-01
8.54110e+05  3.51000e-01  2.76656e-01
8.53623e+05  3.51200e-01  2.77214e-01
8.53137e+05  3.51400e-01  2.79208e-01
8.52652e+05  3.51600e-01  2.83007e-01
8.52167e+05  3.51800e-01  2.79746e-01
8.51683e+05  3.52000e-01  2.80132e-01
8.51199e+05  3.52200e-01  2.82312e-01
8.50716e+05  3.52400e-01  2.85731e-01
8.50234e+05  3.52600e-01  2.91519e-01
8.49752e+05  3.52800e-01  2.87782e-01
8.49270e+05  3.53000e-01  2.89830e-01
8.48790e+05  3.53200e-01  2.90394e-01
8.48309e+05  3.53400e-01  2.95831e-01
8.47829e+05  3.53600e-01  2.98315e-01
8.47350e+05  3.53800e-01  2.96934e-01
8.46871e+05  3.54000e-01  2.94489e-01
8.46393e+05  3.54200e-01  3.01903e-01
8.45916e+05  3.54400e-01  3.00844e-01
8.45438e+05  3.54600e-01  3.04635e-01
8.44962e+05  3.54800e-01  3.04849e-01
8.44486e+05  3.55000e-01  3.08041e-01
8.44010e+05  3.55200e-01  3.10347e-01
8.43535e+05  3.55400e-01  3.10665e-01
8.43061e+05  3.55600e-01  3.12136e-01
8.42587e+05  3.55800e-01  3.11620e-01
8.42114e+05  3.56000e-01  3.15342e-01
8.41641e+05  3.56200e-01  3.14284e-01
8.41169e+05  3.56400e-01  3.13722e-01
8.40697e+05  3.56600e-01  3.19059e-01
8.40225e+05  3.56800e-01  3.21643e-01
8.39755e+05  3.57000e-01  3.19951e-01
8.39285e+05  3.57200e-01  3.20433e-01
8.38815e+05  3.57400e-01  3.23941e-01
8.38346e+05  3.57600e-01  3.22915e-01
8.37877e+05  3.57800e-01  3.27604e-01
8.37409e+05  3.58000e-01  3.26721e-01
8.36942e+05  3.58200e-01  3.33100e-01
8.36474e+05  3.58400e-01  3.33833e-01
8.36008e+05  3.58600e-01  3.29753e-01
8.35542e+05  3.58800e-01  3.31804e-01
8.35076e+05  3.59000e-01  3.35612e-01
8.34612e+05  3.59200e-01  3.43061e-01
8.34147e+05  3.59400e-01  3.37274e-01
8.33683e+05  3.59600e-01  3.38419e-01
8.33220e+05  3.59800e-01  3.40268e-01
8.32757e+05  3.60000e-01  3.44496e-01
8.32294e+05  3.60200e-01  3.42196e-01
8.31833e+05  3.60400e-01  3.48787e-01
8.31371e+05  3.60600e-01  3.46100e-01
8.30910e+05  3.60800e-01  3.45308e-01
8.30450e+05  3.61000e-01  3.50305e-01
8.29990e+05  3.61200e-01  3.52999e-01
8.29531e+05  3.61400e-01  3.55375e-01
8.29072e+05  3.61600e-01  3.55205e-01
8.28614e+05  3.61800e-01  3.54366e-01
8.28156e+05  3.62000e-01  3.58046e-01
8.27699e+05  3.62200e-01  3.57385e-01
8.27242e+05  3.62400e-01  3.58066e-01
8.26786e+05  3.62600e-01  3.59625e-01
8.26330e+05  3.62800e-01  3.60255e-01
8.25875e+05  3.63000e-01  3.60593e-01
8.25420e+05  3.63200e-01  3.62009e-01
8.24965e+05  3.63400e-01  3.68570e-01
8.24512e+05  3.63600e-01  3.61332e-01
8.24058e+05  3.63800e-01  3.64321e-01
8.23606e+05  3.64000e-01  3.67102e-01
8.23153e+05  3.64200e-01  3.73172e-01
8.22702e+05  3.64400e-01  3.70929e-01
8.22250e+05  3.64600e-01  3.72406e-01
8.21800e+05  3.64800e-01  3.69711e-01
8.21349e+05  3.65000e-01  3.70337e-01
8.20899e+05  3.65200e-01  3.76300e-01
8.20450e+05  3.65400e-01  3.80198e-01
8.20001e+05  3.65600e-01  3.70495e-01
8.19553e+05  3.65800e-01  3.76592e-01
8.19105e+05  3.66000e-01  3.77817e-01
8.18658e+05  3.66200e-01  3.83604e-01
8.18211e+05  3.66400e-01  3.78882e-01
8.17764e+05  3.66600e-01  3.84590e-01
8.17319e+05  3.66800e-01  3.86667e-01
8.16873e+05  3.67000e-01  3.80546e-01
8.16428e+05  3.67200e-01  3.86289e-01
8.15984e+05  3.67400e-01  3.84835e-01
8.15540e+05  3.67600e-01  3.89172e-01
8.15096e+05  3.67800e-01  3.84436e-01
8.14653e+05  3.68000e-01  3.87312e-01
8.14211e+05  3.68200e-01  3.92813e-01
8.13769e+05  3.68400e-01  3.89588e-01
8.13327e+05  3.68600e-01  3.86575e-01
8.12886e+05  3.68800e-01  3.85289e-01
8.12446e+05  3.69000e-01  3.92313e-01
8.12006e+05  3.69200e-01  3.91025e-01
8.11566e+05  3.69400e-01  3.90486e-01
8.11127e+05  3.69600e-01  3.96826e-01
8.10688e+05  3.69800e-01  3.91316e-01
8.10250e+05  3.70000e-01  3.91076e-01
8.09812e+05  3.70200e-01  3.89952e-01
8.09375e+05  3.70400e-01  3.92789e-01
8.08938e+05  3.70600e-01  3.94406e-01
8.08502e+05  3.70800e-01  3.96160e-01
8.08066e+05  3.71000e-01  3.99423e-01
8.07631e+05  3.71200e-01  3.94372e-01
8.07196e+05  3.71400e-01  3.92072e-01
8.06761e+05  3.71600e-01  3.98123e-01
8.06327e+05  3.71800e-01  3.97195e-01
8.05894e+05  3.72000e-01  3.95086e-01
8.05461e+05  3.72200e-01  3.97464e-01
8.05028e+05  3.72400e-01  3.98591e-01
8.04596e+05  3.72600e-01  4.03284e-01
8.04164e+05  3.72800e-01  4.04338e-01
8.03733e+05  3.73000e-01  3.96129e-01
8.03302e+05  3.73200e-01  3.97824e-01
8.02872e+05  3.73400e-01  3.99217e-01
8.02442e+05  3.73600e-01  3.97973e-01
8.02013e+05  3.73800e-01  3.99781e-01
8.01584e+05  3.74000e-01  3.94335e-01
8.01156e+05  3.74200e-01  3.93110e-01
8.00728e+05  3.74400e-01  3.93782e-01
8.00300e+05  3.74600e-01  3.90712e-01
7.99873e+05  3.74800e-01  3.96786e-01
7.99447e+05  3.75000e-01  3.96073e-01
7.99020e+05  3.75200e-01  3.92942e-01
7.98595e+05  3.75400e-01  3.95047e-01
7.98169e+05  3.75600e-01  3.90465e-01
7.97745e+05  3.75800e-01  3.95448e-01
7.97320e+05  3.76000e-01  3.93468e-01
7.96896e+05  3.76200e-01  4.02116e-01
7.96473e+05  3.76400e-01  3.93922e-01
7.96050e+05  3.76600e-01  3.90641e-01
7.95628e+05  3.76800e-01  3.84421e-01
7.95205e+05  3.77000e-01  3.90767e-01
7.94784e+05  3.77200e-01  3.91215e-01
7.94363e+05  3.77400e-01  3.91458e-01
7.93942e+05  3.77600e-01  3.92893e-01
7.93522e+05  3.77800e-01  3.89768e-01
7.93102e+05  3.78000e-01  3.87709e-01
7.92682e+05  3.78200e-01  3.80288e-01
7.92263e+05  3.78400e-01  3.78924e-01
7.91845e+05  3.78600e-01  3.80678e-01
7.91427e+05  3.78800e-01  3.86225e-01
7.91009e+05  3.79000e-01  3.86009e-01
7.90592e+05  3.79200e-01  3.84688e-01
7.90175e+05  3.79400e-01  3.75577e-01
7.89759e+05  3.79600e-01  3.74755e-01
7.89343e+05  3.79800e-01  3.73625e-01
7.88928e+05  3.80000e-01  3.75576e-01
7.88513e+05  3.80200e-01  3.71209e-01
7.88098e+05  3.80400e-01  3.72065e-01
7.87684e+05  3.80600e-01  3.69613e-01
7.87270e+05  3.80800e-01  3.66586e-01
7.86857e+05  3.81000e-01  3.64518e-01
7.86444e+05  3.81200e-01  3.65973e-01
7.86032e+05  3.81400e-01  3.57658e-01
7.85620e+05  3.81600e-01  3.60076e-01
7.85208e+05  3.81800e-01  3.54070e-01
7.84797e+05  3.82000e-01  3.50988e-01
7.84386e+05  3.82200e-01  3.48687e-01
7.83976e+05  3.82400e-01  3.44749e-01
7.83566e+05  3.82600e-01  3.46376e-01
7.83157e+05  3.82800e-01  3.43733e-01
7.82748e+05  3.83000e-01  3.38358e-01
7.82339e+05  3.83200e-01  3.29879e-01
7.81931e+05  3.83400e-01  3.30316e-01
7.81524e+05  3.83600e-01  3.33153e-01
7.81116e+05  3.83800e-01  3.27024e-01
7.80710e+05  3.84000e-01  3.27885e-01
7.80303e+05  3.84200e-01  3.23327e-01
7.79897e+05  3.84400e-01  3.16752e-01
7.79492e+05  3.84600e-01  3.14527e-01
7.79086e+05  3.84800e-01  3.11109e-01
7.78682e+05  3.85000e-01  3.10251e-01
7.78277e+05  3.85200e-01  3.02976e-01
7.77874e+05  3.85400e-01  3.04311e-01
7.77470e+05  3.85600e-01  2.99133e-01
7.77067e+05  3.85800e-01  2.96702e-01
7.76664e+05  3.86000e-01  2.90867e-01
7.76262e+05  3.86200e-01  2.88948e-01
7.75860e+05  3.86400e-01  2.82854e-01
7.75459e+05  3.86600e-01  2.81203e-01
7.75058e+05  3.86800e-01  2.78382e-01
7.74658e+05  3.87000e-01  2.78353e-01
7.74257e+05  3.87200e-01  2.72205e-01
7.73858e+05  3.87400e-01  2.70171e-01
7.73458e+05  3.87600e-01  2.65240e-01
7.73059e+05  3.87800e-01  2.58638e-01
7.72661e+05  3.88000e-01  2.55080e-01
7.72263e+05  3.88200e-01  2.52997e-01
7.71865e+05  3.88400e-01  2.49337e-01
7.71468e+05  3.88600e-01  2.44900e-01
7.71071e+05  3.88800e-01  2.40796e-01
7.70675e+05  3.89000e-01  2.36966e-01
7.70279e+05  3.89200e-01  2.32789e-01
7.69883e+05  3.89400e-01  2.31054e-01
7.69488e+05  3.89600e-01  2.27085e-01
7.69093e+05  3.89800e-01  2.21403e-01
7.68699e+05  3.90000e-01  2.15994e-01
7.68305e+05  3.90200e-01  2.14025e-01
7.67911e+05  3.90400e-01  2.11960e-01
7.67518e+05  3.90600e-01  2.05475e-01
7.67125e+05  3.90800e-01  1.99853e-01
7.66733e+05  3.91000e-01  1.96123e-01
7.66341e+05  3.91200e-01  1.95474e-01
7.65949e+05  3.91400e-01  1.89615e-01
7.65558e+05  3.91600e-01  1.84123e-01
7.65167e+05  3.91800e-01  1.83683e-01
7.64777e+05  3.92000e-01  1.76679e-01
7.64387e+05  3.92200e-01  1.74732e-01
7.63997e+05  3.92400e-01  1.72250e-01
7.63608e+05  3.92600e-01  1.70422e-01
7.63219e+05  3.92800e-01  1.64425e-01
7.62831e+05  3.93000e-01  1.60520e-01
7.62443e+05  3.93200e-01  1.53253e-01
7.62055e+05  3.93400e-01  1.51219e-01
7.61668e+05  3.93600e-01  1.47957e-01
7.61281e+05  3.93800e-01  1.43936e-01
7.60895e+05  3.94000e-01  1.42741e-01
7.60509e+05  3.94200e-01  1.38648e-01
7.60123e+05  3.94400e-01  1.33101e-01
7.59738e+05  3.94600e-01  1.28618e-01
7.59353e+05  3.94800e-01  1.26337e-01
7.58968e+05  3.95000e-01  1.22538e-01
7.58584e+05  3.95200e-01  1.20660e-01
7.58200e+05  3.95400e-01  1.18116e-01
7.57817e+05  3.95600e-01  1.14683e-01
7.57434e+05  3.95800e-01  1.10740e-01
7.57052e+05  3.96000e-01  1.07867e-01
7.56670e+05  3.96200e-01  1.01886e-01
7.56288e+05  3.96400e-01  1.01921e-01
7.55906e+05  3.96600e-01  9.65940e-02
7.55525e+05  3.96800e-01  9.54510e-02
7.55145e+05  3.97000e-01  9.36390e-02
7.54764e+05  3.97200e-01  8.99170e-02
7.54385e+05  3.97400e-01  8.59680e-02
7.54005e+05  3.97600e-01  8.38600e-02
7.53626e+05  3.97800e-01  8.11430e-02
7.53247e+05  3.98000e-01  7.71810e-02
7.52869e+05  3.98200e-01  7.41060e-02
7.52491e+05  3.98400e-01  7.32280e-02
7.52114e+05  3.98600e-01  7.01780e-02
7.51736e+05  3.98800e-01  6.76360e-02
7.51360e+05  3.99000e-01  6.43230e-02
7.50983e+05  3.99200e-01  6.20290e-02
7.50607e+05  3.99400e-01  5.93160e-02
7.50231e+05  3.99600e-01  5.71440e-02
7.49856e+05  3.99800e-01  5.54500e-02
7.49481e+05  4.00000e-01  5.41380e-02
7.49107e+05  4.00200e-01  4.98080e-02
7.48732e+05  4.00400e-01  4.96480e-02
7.48359e+05  4.00600e-01  4.63700e-02
7.47985e+05  4.00800e-01  4.42770e-02
7.47612e+05  4.01000e-01  4.40160e-02
7.47239e+05  4.01200e-01  4.16300e-02
7.46867e+05  4.01400e-01  3.96590e-02
7.46495e+05  4.01600e-01  3.79760e-02
7.46124e+05  4.01800e-01  3.75480e-02
7.45752e+05  4.02000e-01  3.46990e-02
7.45382e+05  4.02200e-01  3.34940e-02
7.45011e+05  4.02400e-01  3.14790e-02
7.44641e+05  4.02600e-01  2.97850e-02
7.44271e+05  4.02800e-01  2.78950e-02
7.43902e+05  4.03000e-01  2.77190e-02
7.43533e+05  4.03200e-01  2.58570e-02
7.43164e+05  4.03400e-01  2.55170e-02
7.42796e+05  4.03600e-01  2.42350e-02
7.42428e+05  4.03800e-01  2.29840e-02
7.42061e+05  4.04000e-01  2.20240e-02
7.41693e+05  4.04200e-01  2.03160e-02
7.41327e+05  4.04400e-01  1.93850e-02
7.40960e+05  4.04600e-01  1.89090e-02
7.40594e+05  4.04800e-01  1.76190e-02
7.40228e+05  4.05000e-01  1.66200e-02
7.39863e+05  4.05200e-01  1.63330e-02
7.39498e+05  4.05400e-01  1.52630e-02
7.39133e+05  4.05600e-01  1.47480e-02
7.38769e+05  4.05800e-01  1.38070e-02
7.38405e+05  4.06000e-01  1.31600e-02
7.38042e+05  4.06200e-01  1.19560e-02
7.37678e+05  4.06400e-01  1.14380e-02
7.37315e+05  4.06600e-01  1.13450e-02
7.36953e+05  4.06800e-01  1.03680e-02
7.36591e+05  4.07000e-01  9.88200e-03
7.36229e+05  4.07200e-01  9.06700e-03
7.35868e+05  4.07400e-01  8.90700e-03
7.35507e+05  4.07600e-01  8.05900e-03
7.35146e+05  4.07800e-01  8.32500e-03
7.34785e+05  4.08000e-01  7.34400e-03
7.34425e+05  4.08200e-01  6.59300e-03
7.34066e+05  4.08400e-01  6.49700e-03
7.33706e+05  4.08600e-01  6.30300e-03
7.33348e+05  4.08800e-01  5.84600e-03
7.32989e+05  4.09000e-01  5.22400e-03
7.32631e+05  4.09200e-01  5.19300e-03
7.32273e+05  4.09400e-01  4.73500e-03
7.31915e+05  4.09600e-01  4.63800e-03
7.31558e+05  4.09800e-01  4.17900e-03
7.31201e+05  4.10000e-01  3.45700e-03
7.30845e+05  4.10200e-01  3.75400e-03
7.30488e+05  4.10400e-01  3.72300e-03
7.30133e+05  4.10600e-01  2.96600e-03
7.29777e+05  4.10800e-01  3.16500e-03
7.29422e+05  4.11000e-01  2.80400e-03
7.29067e+05  4.11200e-01  2.57400e-03
7.28713e+05  4.11400e-01  2.27800e-03
7.28359e+05  4.11600e-01  2.27900e-03
7.28005e+05  4.11800e-01  2.21400e-03
7.27652e+05  4.12000e-01  2.14800e-03
7.27299e+05  4.12200e-01  1.91800e-03
7.26946e+05  4.12400e-01  1.88600e-03
7.26593e+05  4.12600e-01  1.75400e-03
7.26241e+05  4.12800e-01  1.68800e-03
7.25890e+05  4.13000e-01  1.45700e-03
7.25538e+05  4.13200e-01  1.42500e-03
7.25187e+05  4.13400e-01  1.29300e-03
7.24837e+05  4.13600e-01  1.19400e-03
7.24486e+05  4.13800e-01  1.12800e-03
7.24136e+05  4.14000e-01  1.09500e-03
7.23787e+05  4.14200e-01  9.96000e-04
7.23437e+05  4.14400e-01  9.30000e-04
7.23088e+05  4.14600e-01  7.31000e-04
7.22740e+05  4.14800e-01  8.97000e-04
7.22391e+05  4.15000e-01  6.65000e-04
7.22043e+05  4.15200e-01  4.99000e-04
7.21696e+05  4.15400e-01  7.32000e-04
7.21349e+05  4.15600e-01  8.66000e-04
7.21002e+05  4.15800e-01  5.33000e-04
7.20655e+05  4.16000e-01  5.00000e-04
7.20309e+05  4.16200e-01  6.00000e-04
7.19963e+05  4.16400e-01  7.00000e-04
7.19617e+05  4.16600e-01  4.34000e-04
7.19272e+05  4.16800e-01  3.34000e-04
7.18927e+05  4.17000e-01  4.34000e-04
7.18582e+05  4.17200e-01  3.34000e-04
7.18238e+05  4.17400e-01  4.34000e-04
7.17894e+05  4.17600e-01  2.34000e-04
7.17550e+05  4.17800e-01  5.68000e-04
7.17207e+05  4.18000e-01  3.01000e-04
7.16864e+05  4.18200e-01  2.68000e-04
7.16521e+05  4.18400e-01  6.70000e-05
7.16179e+05  4.18600e-01  3.35000e-04
7.15837e+05  4.18800e-01  2.35000e-04
7.15495e+05  4.19000e-01  1.68000e-04
7.15154e+05  4.19200e-01  3.40000e-05
7.14813e+05  4.19400e-01  1.01000e-04
7.14472e+05  4.19600e-01  0.00000e+00
7.14132e+05  4.19800e-01  -1.01000e-04
7.13792e+05  4.20000e-01  -3.36000e-04
7.13452e+05  4.20200e-01  -1.01000e-04
7.13112e+05  4.20400e-01  -2.69000e-04
7.12773e+05  4.20600e-01  -3.40000e-05
7.12435e+05  4.20800e-01  3.36000e-04
7.12096e+05  4.21000e-01  1.01000e-04
7.11758e+05  4.21200e-01  2.36000e-04
7.11420e+05  4.21400e-01  0.00000e+00
7.11083e+05  4.21600e-01  0.00000e+00
7.10746e+05  4.21800e-01  -1.35000e-04
7.10409e+05  4.22000e-01  2.70000e-04
7.10072e+05  4.22200e-01  -6.70000e-05
7.09736e+05  4.22400e-01  -2.36000e-04
7.09400e+05  4.22600e-01  -3.40000e-05
7.09064e+05  4.22800e-01  -4.39000e-04
7.08729e+05  4.23000e-01  -1.69000e-04
7.08394e+05  4.23200e-01  4.06000e-04
7.08060e+05  4.23400e-01  -1.35000e-04
7.07725e+05  4.23600e-01  -3.40000e-05
7.07391e+05  4.23800e-01  0.00000e+00
7.07058e+05  4.24000e-01  2.37000e-04
7.06724e+05  4.24200e-01  3.73000e-04
7.06391e+05  4.24400e-01  5.08000e-04
7.06059e+05  4.24600e-01  -6.80000e-05
7.05726e+05  4.24800e-01  3.73000e-04
7.05394e+05  4.25000e-01  1.36000e-04
7.05062e+05  4.25200e-01  -1.70000e-04
7.04731e+05  4.25400e-01  -1.36000e-04
7.04400e+05  4.25600e-01  2.72000e-04
7.04069e+05  4.25800e-01  1.02000e-04
7.03738e+05  4.26000e-01  1.70000e-04
7.03408e+05  4.26200e-01  0.00000e+00
7.03078e+05  4.26400e-01  2.72000e-04
7.02748e+05  4.26600e-01  8.85000e-04
7.02419e+05  4.26800e-01  3.40000e-04
7.02090e+05  4.27000e-01  2.38000e-04
7.01761e+05  4.27200e-01  5.45000e-04
7.01433e+05  4.27400e-01  -6.80000e-05
7.01105e+05  4.27600e-01  -6.80000e-05
7.00777e+05  4.27800e-01  2.05000e-04
7.00450e+05  4.28000e-01  3.40000e-05
7.00123e+05  4.28200e-01  -1.71000e-04
6.99796e+05  4.28400e-01  -2.05000e-04
6.99469e+05  4.28600e-01  -2.73000e-04
6.99143e+05  4.28800e-01  3.08000e-04
6.98817e+05  4.29000e-01  3.08000e-04
6.98491e+05  4.29200e-01  4.10000e-04
6.98166e+05  4.29400e-01  3.40000e-05
6.97841e+05  4.29600e-01  -1.71000e-04
6.97516e+05  4.29800e-01  -1.03000e-04
6.97192e+05  4.30000e-01  -1.71000e-04
6.96868e+05  4.30200e-01  -1.71000e-04
6.96544e+05  4.30400e-01  -2.40000e-04
6.96220e+05  4.30600e-01  2.40000e-04
6.95897e+05  4.30800e-01  3.40000e-05
6.95574e+05  4.31000e-01  -1.03000e-04
6.95252e+05  4.31200e-01  -2.40000e-04
6.94929e+05  4.31400e-01  3.09000e-04
6.94607e+05  4.31600e-01  6.90000e-05
6.94285e+05  4.31800e-01  -3.40000e-05
6.93964e+05  4.32000e-01  0.00000e+00
6.93643e+05  4.32200e-01  6.90000e-05
6.93322e+05  4.32400e-01  3.44000e-04
6.93002e+05  4.32600e-01  6.90000e-05
6.92681e+05  4.32800e-01  4.13000e-04
6.92361e+05  4.33000e-01  4.13000e-04
6.92042e+05  4.33200e-01  2.07000e-04
6.91722e+05  4.33400e-01  1.03000e-04
6.91403e+05  4.33600e-01  -4.14000e-04
6.91085e+05  4.33800e-01  3.11000e-04
6.90766e+05  4.34000e-01  -1.38000e-04
6.90448e+05  4.34200e-01  -3.11000e-04
6.90130e+05  4.34400e-01  3.50000e-05
6.89812e+05  4.34600e-01  2.07000e-04
6.89495e+05  4.34800e-01  1.73000e-04
6.89178e+05  4.35000e-01  -2.07000e-04
6.88861e+05  4.35200e-01  -3.81000e-04
6.88545e+05  4.35400e-01  1.38000e-04
6.88229e+05  4.35600e-01  1.38000e-04
6.87913e+05  4.35800e-01  1.73000e-04
6.87597e+05  4.36000e-01  -2.77000e-04
6.87282e+05  4.36200e-01  3.50000e-05
6.86967e+05  4.36400e-01  -1.04000e-04
6.86652e+05  4.36600e-01  1.04000e-04
6.86338e+05  4.36800e-01  3.47000e-04
6.86024e+05  4.37000e-01  2.08000e-04
6.85710e+05  4.37200e-01  3.47000e-04
6.85397e+05  4.37400e-01  6.60000e-04
6.85083e+05  4.37600e-01  -3.50000e-05
6.84770e+05  4.37800e-01  1.39000e-04
6.84458e+05  4.38000e-01  3.83000e-04
6.84145e+05  4.38200e-01  2.78000e-04
6.83833e+05  4.38400e-01  1.74000e-04
6.83521e+05  4.38600e-01  1.74000e-04
6.83210e+05  4.38800e-01  -2.44000e-04
6.82899e+05  4.39000e-01  1.74000e-04
6.82588e+05  4.39200e-01  1.39000e-04
6.82277e+05  4.39400e-01  -3.50000e-05
6.81966e+05  4.39600e-01  3.50000e-05
6.81656e+05  4.39800e-01  -2.79000e-04
6.81346e+05  4.40000e-01  2.44000e-04
6.81037e+05  4.40200e-01  -3.49000e-04
6.80728e+05  4.40400e-01  1.05000e-04
6.80419e+05  4.40600e-01  4.19000e-04
6.80110e+05  4.40800e-01  2.45000e-04
6.79801e+05  4.41000e-01  0.00000e+00
6.79493e+05  4.41200e-01  -3.50000e-05
6.79185e+05  4.41400e-01  3.50000e-05
6.78878e+05  4.41600e-01  3.15000e-04
6.78571e+05  4.41800e-01  -2.10000e-04
6.78263e+05  4.42000e-01  1.40000e-04
6.77957e+05  4.42200e-01  -3.50000e-05
6.77650e+05  4.42400e-01  3.50000e-05
6.77344e+05  4.42600e-01  -1.40000e-04
6.77038e+05  4.42800e-01  2.11000e-04
6.76732e+05  4.43000e-01  -2.11000e-04
6.76427e+05  4.43200e-01  2.11000e-04
6.76122e+05  4.43400e-01  0.00000e+00
6.75817e+05  4.43600e-01  -2.11000e-04
6.75513e+05  4.43800e-01  7.00000e-05
6.75208e+05  4.44000e-01  7.00000e-05
6.74904e+05  4.44200e-01  1.06000e-04
6.74600e+05  4.44400e-01  7.00000e-05
6.74297e+05  4.44600e-01  -2.11000e-04
6.73994e+05  4.44800e-01  0.00000e+00
6.73691e+05  4.45000e-01  7.00000e-05
6.73388e+05  4.45200e-01  -1.41000e-04
6.73086e+05  4.45400e-01  -3.50000e-05
6.72784e+05  4.45600e-01  -2.12000e-04
6.72482e+05  4.45800e-01  1.41000e-04
6.72180e+05  4.46000e-01  1.77000e-04
6.71879e+05  4.46200e-01  1.41000e-04
6.71578e+05  4.46400e-01  3.50000e-05
6.71277e+05  4.46600e-01  -3.50000e-05
6.70977e+05  4.46800e-01  0.00000e+00
6.70677e+05  4.47000e-01  -3.50000e-05
6.70377e+05  4.47200e-01  -2.48000e-04
6.70077e+05  4.47400e-01  3.19000e-04
6.69778e+05  4.47600e-01  0.00000e+00
6.69478e+05  4.47800e-01  2.13000e-04
6.69180e+05  4.48000e-01  0.00000e+00
6.68881e+05  4.48200e-01  -3.50000e-05
6.68583e+05  4.48400e-01  1.06000e-04
6.68285e+05  4.48600e-01  1.42000e-04
6.67987e+05  4.48800e-01  -7.10000e-05
6.67689e+05  4.49000e-01  1.78000e-04
6.67392e+05  4.49200e-01  -1.07000e-04
6.67095e+05  4.49400e-01  -2.13000e-04
6.66798e+05  4.49600e-01  -7.10000e-05
6.66502e+05  4.49800e-01  7.10000e-05
6.66205e+05  4.50000e-01  1.42000e-04
