MAMBO_1200micron
frq          wvl          transmission
[GHz]        [micron]                 
9.92780e+01  3.01973e+03  2.07120e-02
1.00600e+02  2.98004e+03  3.37840e-02
1.01930e+02  2.94116e+03  2.64540e-02
1.03250e+02  2.90356e+03  7.52640e-02
1.04570e+02  2.86691e+03  5.13770e-02
1.05900e+02  2.83090e+03  -2.46270e-02
1.07220e+02  2.79605e+03  4.42680e-02
1.08540e+02  2.76205e+03  5.82340e-02
1.09870e+02  2.72861e+03  1.42510e-03
1.11190e+02  2.69622e+03  -4.18930e-03
1.12510e+02  2.66458e+03  1.63450e-02
1.13840e+02  2.63345e+03  3.75350e-02
1.15160e+02  2.60327e+03  3.53460e-02
1.16490e+02  2.57355e+03  5.00600e-03
1.17810e+02  2.54471e+03  9.61760e-03
1.19130e+02  2.51652e+03  3.93270e-02
1.20460e+02  2.48873e+03  1.38980e-02
1.21780e+02  2.46175e+03  4.60540e-02
1.23100e+02  2.43536e+03  4.76730e-02
1.24430e+02  2.40933e+03  1.79430e-02
1.25750e+02  2.38404e+03  3.59420e-02
1.27080e+02  2.35908e+03  -1.79490e-02
1.28400e+02  2.33483e+03  2.22060e-02
1.29720e+02  2.31107e+03  5.65980e-02
1.31050e+02  2.28762e+03  6.44690e-04
1.32370e+02  2.26481e+03  -3.05120e-03
1.33690e+02  2.24244e+03  1.90770e-02
1.35020e+02  2.22036e+03  1.04280e-02
1.36340e+02  2.19886e+03  2.39080e-02
1.37670e+02  2.17762e+03  2.28670e-02
1.38990e+02  2.15694e+03  -6.03090e-04
1.40310e+02  2.13664e+03  2.32100e-02
1.41640e+02  2.11658e+03  1.80030e-02
1.42960e+02  2.09704e+03  6.96090e-03
1.44280e+02  2.07785e+03  -9.79920e-04
1.45610e+02  2.05887e+03  6.70330e-03
1.46930e+02  2.04038e+03  3.10660e-03
1.48260e+02  2.02207e+03  6.17310e-03
1.49580e+02  2.00423e+03  3.81520e-02
1.50900e+02  1.98670e+03  3.87020e-02
1.52230e+02  1.96934e+03  1.73070e-02
1.53550e+02  1.95241e+03  5.21760e-03
1.54870e+02  1.93577e+03  3.06210e-02
1.56200e+02  1.91929e+03  4.34240e-02
1.57520e+02  1.90320e+03  1.29110e-02
1.58840e+02  1.88739e+03  4.42420e-03
1.60170e+02  1.87171e+03  1.43400e-02
1.61490e+02  1.85641e+03  -4.45390e-03
1.62820e+02  1.84125e+03  6.38190e-03
1.64140e+02  1.82644e+03  2.41760e-02
1.65460e+02  1.81187e+03  7.52660e-03
1.66790e+02  1.79742e+03  8.60440e-03
1.68110e+02  1.78331e+03  2.88630e-02
1.69430e+02  1.76942e+03  3.50580e-02
1.70760e+02  1.75564e+03  2.40680e-02
1.72080e+02  1.74217e+03  9.26150e-03
1.73410e+02  1.72881e+03  2.63060e-03
1.74730e+02  1.71575e+03  -7.93120e-03
1.76050e+02  1.70288e+03  3.95970e-03
1.77380e+02  1.69011e+03  2.11170e-02
1.78700e+02  1.67763e+03  1.18060e-02
1.80020e+02  1.66533e+03  -2.03640e-03
1.81350e+02  1.65312e+03  -3.07850e-04
1.82670e+02  1.64117e+03  9.69690e-03
1.84000e+02  1.62931e+03  3.28890e-02
1.85320e+02  1.61770e+03  5.13460e-02
1.86640e+02  1.60626e+03  3.16260e-02
1.87970e+02  1.59490e+03  3.01670e-02
1.89290e+02  1.58377e+03  5.49370e-02
1.90610e+02  1.57281e+03  4.68630e-02
1.91940e+02  1.56191e+03  9.73140e-02
1.93260e+02  1.55124e+03  1.33870e-01
1.94580e+02  1.54072e+03  1.38020e-01
1.95910e+02  1.53026e+03  1.67470e-01
1.97230e+02  1.52001e+03  2.08770e-01
1.98560e+02  1.50983e+03  3.56880e-01
1.99880e+02  1.49986e+03  4.20080e-01
2.01200e+02  1.49002e+03  5.06530e-01
2.02530e+02  1.48024e+03  6.58790e-01
2.03850e+02  1.47065e+03  5.89150e-01
2.05170e+02  1.46119e+03  7.36740e-01
2.06500e+02  1.45178e+03  9.23830e-01
2.07820e+02  1.44256e+03  6.08860e-01
2.09150e+02  1.43338e+03  4.66890e-01
2.10470e+02  1.42440e+03  6.84170e-01
2.11790e+02  1.41552e+03  6.92020e-01
2.13120e+02  1.40668e+03  6.52060e-01
2.14440e+02  1.39802e+03  6.85940e-01
2.15760e+02  1.38947e+03  7.77750e-01
2.17090e+02  1.38096e+03  6.90050e-01
2.18410e+02  1.37261e+03  5.96380e-01
2.19740e+02  1.36431e+03  8.68260e-01
2.21060e+02  1.35616e+03  9.53570e-01
2.22380e+02  1.34811e+03  8.21620e-01
2.23710e+02  1.34009e+03  8.47130e-01
2.25030e+02  1.33223e+03  9.39460e-01
2.26350e+02  1.32446e+03  8.64550e-01
2.27680e+02  1.31673e+03  7.45680e-01
2.29000e+02  1.30914e+03  6.67220e-01
2.30320e+02  1.30163e+03  7.37600e-01
2.31650e+02  1.29416e+03  9.32950e-01
2.32970e+02  1.28683e+03  9.54330e-01
2.34300e+02  1.27952e+03  8.82010e-01
2.35620e+02  1.27236e+03  8.52610e-01
2.36940e+02  1.26527e+03  8.42000e-01
2.38270e+02  1.25820e+03  9.01540e-01
2.39590e+02  1.25127e+03  9.39940e-01
2.40910e+02  1.24442e+03  8.50990e-01
2.42240e+02  1.23758e+03  8.09710e-01
2.43560e+02  1.23088e+03  8.51600e-01
2.44890e+02  1.22419e+03  9.36560e-01
2.46210e+02  1.21763e+03  1.00000e+00
2.47530e+02  1.21114e+03  9.52370e-01
2.48860e+02  1.20466e+03  8.77500e-01
2.50180e+02  1.19831e+03  8.57790e-01
2.51500e+02  1.19202e+03  7.61200e-01
2.52830e+02  1.18575e+03  5.69580e-01
2.54150e+02  1.17959e+03  5.94440e-01
2.55480e+02  1.17345e+03  8.16260e-01
2.56800e+02  1.16742e+03  9.84100e-01
2.58120e+02  1.16145e+03  9.33560e-01
2.59450e+02  1.15549e+03  7.20490e-01
2.60770e+02  1.14964e+03  6.92340e-01
2.62090e+02  1.14385e+03  7.83460e-01
2.63420e+02  1.13808e+03  7.47340e-01
2.64740e+02  1.13240e+03  7.71690e-01
2.66060e+02  1.12679e+03  8.40050e-01
2.67390e+02  1.12118e+03  7.58970e-01
2.68710e+02  1.11567e+03  7.79240e-01
2.70040e+02  1.11018e+03  8.54830e-01
2.71360e+02  1.10478e+03  7.61150e-01
2.72680e+02  1.09943e+03  7.26700e-01
2.74010e+02  1.09409e+03  7.29060e-01
2.75330e+02  1.08885e+03  6.84690e-01
2.76650e+02  1.08365e+03  5.69100e-01
2.77980e+02  1.07847e+03  5.13360e-01
2.79300e+02  1.07337e+03  6.53240e-01
2.80630e+02  1.06828e+03  6.45930e-01
2.81950e+02  1.06328e+03  5.50270e-01
2.83270e+02  1.05833e+03  6.28510e-01
2.84600e+02  1.05338e+03  6.19850e-01
2.85920e+02  1.04852e+03  5.92880e-01
2.87240e+02  1.04370e+03  7.14330e-01
2.88570e+02  1.03889e+03  6.39240e-01
2.89890e+02  1.03416e+03  4.88110e-01
2.91220e+02  1.02944e+03  5.28030e-01
2.92540e+02  1.02479e+03  6.25560e-01
2.93860e+02  1.02019e+03  6.52170e-01
2.95190e+02  1.01559e+03  5.56970e-01
2.96510e+02  1.01107e+03  4.97110e-01
2.97830e+02  1.00659e+03  5.17790e-01
2.99160e+02  1.00211e+03  5.23860e-01
3.00480e+02  9.97712e+02  5.99180e-01
3.01800e+02  9.93348e+02  5.40610e-01
3.03130e+02  9.88990e+02  4.32600e-01
3.04450e+02  9.84702e+02  5.30520e-01
3.05780e+02  9.80419e+02  4.86210e-01
3.07100e+02  9.76205e+02  3.17520e-01
3.08420e+02  9.72027e+02  3.48180e-01
3.09750e+02  9.67853e+02  4.18930e-01
3.11070e+02  9.63746e+02  3.06280e-01
3.12390e+02  9.59674e+02  1.75500e-01
3.13720e+02  9.55605e+02  2.65490e-01
3.15040e+02  9.51601e+02  3.80020e-01
3.16370e+02  9.47601e+02  2.58100e-01
3.17690e+02  9.43664e+02  2.04390e-01
3.19010e+02  9.39759e+02  2.40740e-01
3.20340e+02  9.35857e+02  3.28370e-01
3.21660e+02  9.32017e+02  3.68180e-01
3.22980e+02  9.28207e+02  2.78070e-01
3.24310e+02  9.24401e+02  2.56160e-01
3.25630e+02  9.20654e+02  3.31070e-01
3.26960e+02  9.16909e+02  3.54580e-01
3.28280e+02  9.13222e+02  1.97520e-01
3.29600e+02  9.09564e+02  8.47020e-02
3.30930e+02  9.05909e+02  1.19480e-01
3.32250e+02  9.02310e+02  1.71810e-01
3.33570e+02  8.98739e+02  1.84380e-01
3.34900e+02  8.95170e+02  3.09970e-01
3.36220e+02  8.91656e+02  3.95610e-01
3.37540e+02  8.88169e+02  2.84670e-01
3.38870e+02  8.84683e+02  1.16870e-01
3.40190e+02  8.81250e+02  4.70390e-02
3.41520e+02  8.77818e+02  5.60700e-02
3.42840e+02  8.74438e+02  3.41250e-02
3.44160e+02  8.71085e+02  3.55800e-02
3.45490e+02  8.67731e+02  4.89920e-02
3.46810e+02  8.64429e+02  3.10470e-02
3.48130e+02  8.61151e+02  2.59380e-02
3.49460e+02  8.57873e+02  2.64660e-02
3.50780e+02  8.54645e+02  2.28920e-02
3.52110e+02  8.51417e+02  1.90390e-02
3.53430e+02  8.48237e+02  1.16950e-02
3.54750e+02  8.45081e+02  3.09990e-02
3.56080e+02  8.41924e+02  4.66990e-02
3.57400e+02  8.38815e+02  2.43440e-02
3.58720e+02  8.35728e+02  7.75440e-03
3.60050e+02  8.32641e+02  7.86850e-03
3.61370e+02  8.29600e+02  4.48390e-03
3.62700e+02  8.26558e+02  3.15290e-03
3.64020e+02  8.23560e+02  4.55860e-03
3.65340e+02  8.20585e+02  4.15830e-03
3.66670e+02  8.17608e+02  4.00860e-03
3.67990e+02  8.14676e+02  1.07200e-02
3.69310e+02  8.11764e+02  6.63840e-03
3.70640e+02  8.08851e+02  5.37040e-04
3.71960e+02  8.05980e+02  2.83680e-03
3.73290e+02  8.03109e+02  1.75240e-04
3.74610e+02  8.00279e+02  -2.83650e-04
3.75930e+02  7.97469e+02  1.27980e-04
3.77260e+02  7.94657e+02  7.63070e-04
3.78580e+02  7.91887e+02  2.31240e-04
3.79900e+02  7.89135e+02  -2.98910e-03
3.81230e+02  7.86382e+02  -1.78790e-03
3.82550e+02  7.83669e+02  -1.39590e-03
3.83870e+02  7.80974e+02  -7.89060e-04
3.85200e+02  7.78277e+02  -2.72300e-03
3.86520e+02  7.75620e+02  -3.94370e-03
3.87850e+02  7.72960e+02  -9.65680e-04
3.89170e+02  7.70338e+02  -4.41520e-04
3.90490e+02  7.67734e+02  -2.93630e-03
3.91820e+02  7.65128e+02  -2.00760e-03
3.93140e+02  7.62559e+02  -1.35470e-03
3.94460e+02  7.60007e+02  -4.90970e-04
3.95790e+02  7.57453e+02  -5.83330e-04
3.97110e+02  7.54936e+02  -2.64660e-03
3.98440e+02  7.52416e+02  -6.55880e-04
3.99760e+02  7.49931e+02  -2.30650e-03
4.01080e+02  7.47463e+02  -3.11470e-03
4.02410e+02  7.44993e+02  -4.64640e-04
4.03730e+02  7.42557e+02  3.04410e-04
4.05050e+02  7.40137e+02  1.03610e-03
4.06380e+02  7.37715e+02  -1.02140e-03
4.07700e+02  7.35326e+02  -1.96340e-03
4.09030e+02  7.32935e+02  -2.20300e-04
4.10350e+02  7.30577e+02  -1.09000e-03
4.11670e+02  7.28235e+02  7.80840e-05
4.13000e+02  7.25890e+02  1.04330e-03
4.14320e+02  7.23577e+02  -3.86770e-04
4.15640e+02  7.21279e+02  -9.13710e-05
4.16970e+02  7.18978e+02  -1.12360e-03
4.18290e+02  7.16710e+02  -1.99040e-04
4.19610e+02  7.14455e+02  2.35350e-04
4.20940e+02  7.12198e+02  -1.75440e-04
4.22260e+02  7.09971e+02  -1.24770e-03
4.23590e+02  7.07742e+02  -2.25050e-03
4.24910e+02  7.05543e+02  1.77800e-04
4.26230e+02  7.03358e+02  -5.92000e-04
4.27560e+02  7.01170e+02  -2.21580e-03
4.28880e+02  6.99012e+02  -8.68110e-04
4.30200e+02  6.96868e+02  -6.47760e-04
4.31530e+02  6.94720e+02  -2.46950e-03
4.32850e+02  6.92601e+02  -3.37280e-03
4.34180e+02  6.90480e+02  -1.91320e-03
4.35500e+02  6.88387e+02  -2.51180e-03
4.36820e+02  6.86307e+02  -1.73720e-03
4.38150e+02  6.84223e+02  -2.30770e-03
4.39470e+02  6.82168e+02  -2.87070e-03
4.40790e+02  6.80125e+02  -1.27260e-03
4.42120e+02  6.78079e+02  -1.19760e-03
4.43440e+02  6.76061e+02  -1.66440e-03
4.44770e+02  6.74039e+02  -1.89530e-03
4.46090e+02  6.72045e+02  -1.17160e-03
4.47410e+02  6.70062e+02  -1.03960e-03
4.48740e+02  6.68076e+02  -1.85140e-03
4.50060e+02  6.66117e+02  -1.96360e-03
4.51380e+02  6.64169e+02  -3.20700e-04
4.52710e+02  6.62217e+02  -5.22130e-04
4.54030e+02  6.60292e+02  -1.70490e-03
4.55350e+02  6.58378e+02  -1.87990e-03
4.56680e+02  6.56461e+02  -1.45190e-03
4.58000e+02  6.54569e+02  -6.76500e-04
4.59330e+02  6.52673e+02  1.39220e-04
4.60650e+02  6.50803e+02  7.08020e-04
4.61970e+02  6.48944e+02  3.54530e-05
4.63300e+02  6.47081e+02  -1.02070e-03
4.64620e+02  6.45242e+02  -4.59260e-04
4.65940e+02  6.43414e+02  4.51670e-04
4.67270e+02  6.41583e+02  1.07570e-03
4.68590e+02  6.39776e+02  1.25510e-03
4.69920e+02  6.37965e+02  -2.80710e-04
4.71240e+02  6.36178e+02  -2.09080e-03
4.72560e+02  6.34401e+02  -1.12480e-03
4.73890e+02  6.32620e+02  -1.01830e-03
4.75210e+02  6.30863e+02  -1.18210e-03
4.76530e+02  6.29116e+02  -2.50890e-04
4.77860e+02  6.27365e+02  -1.14870e-03
4.79180e+02  6.25636e+02  -8.22870e-04
4.80510e+02  6.23905e+02  7.65340e-04
4.81830e+02  6.22196e+02  2.53320e-04
4.83150e+02  6.20496e+02  7.61400e-04
4.84480e+02  6.18792e+02  -3.94360e-05
4.85800e+02  6.17111e+02  -1.89450e-03
4.87120e+02  6.15439e+02  1.13940e-04
4.88450e+02  6.13763e+02  2.00830e-04
4.89770e+02  6.12109e+02  -1.78770e-04
4.91090e+02  6.10463e+02  5.06350e-04
4.92420e+02  6.08815e+02  -4.44660e-05
4.93740e+02  6.07187e+02  -1.35290e-03
4.95070e+02  6.05556e+02  -2.41550e-03
4.96390e+02  6.03945e+02  -6.87850e-04
4.97710e+02  6.02344e+02  3.95300e-04
4.99040e+02  6.00738e+02  4.57450e-04
