NICMOS_F160W
frq          wvl          transmission
[GHz]        [micron]                 
2.32487e+05  1.28950e+00  1.79838e-04
2.32397e+05  1.29000e+00  1.11713e-04
2.32307e+05  1.29050e+00  2.48480e-05
2.32217e+05  1.29100e+00  4.35876e-05
2.32127e+05  1.29150e+00  1.36664e-05
2.32038e+05  1.29200e+00  4.36912e-05
2.31948e+05  1.29250e+00  1.86775e-04
2.31858e+05  1.29300e+00  5.61152e-05
2.31768e+05  1.29350e+00  8.73823e-05
2.31679e+05  1.29400e+00  8.74858e-05
2.31589e+05  1.29450e+00  1.00013e-04
2.31500e+05  1.29500e+00  6.87463e-05
2.31411e+05  1.29550e+00  2.50551e-05
2.31321e+05  1.29600e+00  7.52689e-05
2.31232e+05  1.29650e+00  1.37907e-04
2.31143e+05  1.29700e+00  8.16880e-05
2.31054e+05  1.29750e+00  1.19374e-04
2.30965e+05  1.29800e+00  1.32005e-04
2.30876e+05  1.29850e+00  3.77897e-05
2.30787e+05  1.29900e+00  1.32316e-04
2.30698e+05  1.29950e+00  1.26104e-04
2.30610e+05  1.30000e+00  1.89363e-04
2.30521e+05  1.30050e+00  8.85212e-05
2.30432e+05  1.30100e+00  1.07571e-04
2.30344e+05  1.30150e+00  1.01359e-04
2.30255e+05  1.30200e+00  1.59235e-04
2.30167e+05  1.30250e+00  4.46230e-05
2.30079e+05  1.30300e+00  2.16696e-04
2.29990e+05  1.30350e+00  1.46603e-04
2.29902e+05  1.30400e+00  2.42372e-04
2.29814e+05  1.30450e+00  7.68219e-05
2.29726e+05  1.30500e+00  1.72901e-04
2.29638e+05  1.30550e+00  3.01490e-04
2.29550e+05  1.30600e+00  2.76538e-04
2.29462e+05  1.30650e+00  3.60711e-04
2.29374e+05  1.30700e+00  2.77056e-04
2.29287e+05  1.30750e+00  2.57591e-04
2.29199e+05  1.30800e+00  2.89687e-04
2.29112e+05  1.30850e+00  3.59779e-04
2.29024e+05  1.30900e+00  2.17627e-04
2.28937e+05  1.30950e+00  2.93207e-04
2.28849e+05  1.31000e+00  3.99639e-04
2.28762e+05  1.31050e+00  2.90722e-04
2.28675e+05  1.31100e+00  2.26635e-04
2.28587e+05  1.31150e+00  3.13500e-04
2.28500e+05  1.31200e+00  2.81094e-04
2.28413e+05  1.31250e+00  3.60918e-04
2.28326e+05  1.31300e+00  3.87630e-04
2.28239e+05  1.31350e+00  2.57074e-04
2.28153e+05  1.31400e+00  3.30376e-04
2.28066e+05  1.31450e+00  4.41985e-04
2.27979e+05  1.31500e+00  2.81715e-04
2.27892e+05  1.31550e+00  2.74882e-04
2.27806e+05  1.31600e+00  4.18793e-04
2.27719e+05  1.31650e+00  3.88872e-04
2.27633e+05  1.31700e+00  4.48404e-04
2.27546e+05  1.31750e+00  3.20643e-04
2.27460e+05  1.31800e+00  4.40639e-04
2.27374e+05  1.31850e+00  2.89480e-04
2.27288e+05  1.31900e+00  3.55017e-04
2.27202e+05  1.31950e+00  3.42592e-04
2.27115e+05  1.32000e+00  3.54292e-04
2.27030e+05  1.32050e+00  3.30065e-04
2.26944e+05  1.32100e+00  4.79153e-04
2.26858e+05  1.32150e+00  4.12892e-04
2.26772e+05  1.32200e+00  2.81301e-04
2.26686e+05  1.32250e+00  3.94670e-04
2.26600e+05  1.32300e+00  4.00468e-04
2.26515e+05  1.32350e+00  3.52739e-04
2.26429e+05  1.32400e+00  5.08557e-04
2.26344e+05  1.32450e+00  3.76344e-04
2.26258e+05  1.32500e+00  3.88251e-04
2.26173e+05  1.32550e+00  2.99833e-04
2.26088e+05  1.32600e+00  4.61345e-04
2.26003e+05  1.32650e+00  3.29030e-04
2.25917e+05  1.32700e+00  3.89183e-04
2.25832e+05  1.32750e+00  4.91163e-04
2.25747e+05  1.32800e+00  5.69434e-04
2.25662e+05  1.32850e+00  5.16115e-04
2.25577e+05  1.32900e+00  6.06603e-04
2.25493e+05  1.32950e+00  5.71195e-04
2.25408e+05  1.33000e+00  5.83722e-04
2.25323e+05  1.33050e+00  5.00171e-04
2.25239e+05  1.33100e+00  5.55147e-04
2.25154e+05  1.33150e+00  5.07418e-04
2.25069e+05  1.33200e+00  5.08039e-04
2.24985e+05  1.33250e+00  5.32784e-04
2.24901e+05  1.33300e+00  5.15183e-04
2.24816e+05  1.33350e+00  5.03898e-04
2.24732e+05  1.33400e+00  7.28876e-04
2.24648e+05  1.33450e+00  6.75763e-04
2.24564e+05  1.33500e+00  7.31464e-04
2.24480e+05  1.33550e+00  7.14485e-04
2.24396e+05  1.33600e+00  6.79076e-04
2.24312e+05  1.33650e+00  8.38829e-04
2.24228e+05  1.33700e+00  7.36227e-04
2.24144e+05  1.33750e+00  8.10668e-04
2.24060e+05  1.33800e+00  7.99797e-04
2.23976e+05  1.33850e+00  9.24244e-04
2.23893e+05  1.33900e+00  9.49817e-04
2.23809e+05  1.33950e+00  8.78171e-04
2.23726e+05  1.34000e+00  1.01608e-03
2.23642e+05  1.34050e+00  1.13473e-03
2.23559e+05  1.34100e+00  1.17500e-03
2.23476e+05  1.34150e+00  1.07768e-03
2.23392e+05  1.34200e+00  1.26073e-03
2.23309e+05  1.34250e+00  1.30732e-03
2.23226e+05  1.34300e+00  1.29241e-03
2.23143e+05  1.34350e+00  1.39056e-03
2.23060e+05  1.34400e+00  1.55890e-03
2.22977e+05  1.34450e+00  1.54431e-03
2.22894e+05  1.34500e+00  1.70696e-03
2.22811e+05  1.34550e+00  1.86091e-03
2.22728e+05  1.34600e+00  1.96010e-03
2.22646e+05  1.34650e+00  2.09749e-03
2.22563e+05  1.34700e+00  2.16033e-03
2.22480e+05  1.34750e+00  2.36947e-03
2.22398e+05  1.34800e+00  2.50002e-03
2.22316e+05  1.34850e+00  2.76745e-03
2.22233e+05  1.34900e+00  2.86664e-03
2.22151e+05  1.34950e+00  3.07733e-03
2.22068e+05  1.35000e+00  3.22321e-03
2.21986e+05  1.35050e+00  3.46889e-03
2.21904e+05  1.35100e+00  3.83923e-03
2.21822e+05  1.35150e+00  4.03253e-03
2.21740e+05  1.35200e+00  4.31735e-03
2.21658e+05  1.35250e+00  4.64099e-03
2.21576e+05  1.35300e+00  5.03442e-03
2.21494e+05  1.35350e+00  5.35382e-03
2.21412e+05  1.35400e+00  5.85886e-03
2.21331e+05  1.35450e+00  6.30581e-03
2.21249e+05  1.35500e+00  6.88074e-03
2.21167e+05  1.35550e+00  7.47450e-03
2.21086e+05  1.35600e+00  7.94734e-03
2.21004e+05  1.35650e+00  8.58510e-03
2.20923e+05  1.35700e+00  9.31284e-03
2.20842e+05  1.35750e+00  9.92835e-03
2.20760e+05  1.35800e+00  1.07681e-02
2.20679e+05  1.35850e+00  1.16122e-02
2.20598e+05  1.35900e+00  1.24929e-02
2.20517e+05  1.35950e+00  1.35576e-02
2.20436e+05  1.36000e+00  1.45435e-02
2.20355e+05  1.36050e+00  1.57300e-02
2.20274e+05  1.36100e+00  1.68507e-02
2.20193e+05  1.36150e+00  1.83151e-02
2.20112e+05  1.36200e+00  1.97444e-02
2.20031e+05  1.36250e+00  2.12221e-02
2.19950e+05  1.36300e+00  2.27172e-02
2.19870e+05  1.36350e+00  2.42331e-02
2.19789e+05  1.36400e+00  2.58466e-02
2.19709e+05  1.36450e+00  2.73817e-02
2.19628e+05  1.36500e+00  2.93990e-02
2.19548e+05  1.36550e+00  3.12781e-02
2.19467e+05  1.36600e+00  3.30138e-02
2.19387e+05  1.36650e+00  3.50079e-02
2.19307e+05  1.36700e+00  3.69057e-02
2.19227e+05  1.36750e+00  3.90445e-02
2.19147e+05  1.36800e+00  4.11689e-02
2.19066e+05  1.36850e+00  4.34171e-02
2.18986e+05  1.36900e+00  4.57056e-02
2.18907e+05  1.36950e+00  4.79837e-02
2.18827e+05  1.37000e+00  5.00444e-02
2.18747e+05  1.37050e+00  5.23485e-02
2.18667e+05  1.37100e+00  5.48163e-02
2.18587e+05  1.37150e+00  5.72335e-02
2.18508e+05  1.37200e+00  5.97792e-02
2.18428e+05  1.37250e+00  6.25715e-02
2.18348e+05  1.37300e+00  6.51995e-02
2.18269e+05  1.37350e+00  6.76834e-02
2.18190e+05  1.37400e+00  7.04994e-02
2.18110e+05  1.37450e+00  7.31250e-02
2.18031e+05  1.37500e+00  7.62990e-02
2.17952e+05  1.37550e+00  7.96689e-02
2.17872e+05  1.37600e+00  8.33819e-02
2.17793e+05  1.37650e+00  8.68001e-02
2.17714e+05  1.37700e+00  9.06162e-02
2.17635e+05  1.37750e+00  9.46097e-02
2.17556e+05  1.37800e+00  9.87766e-02
2.17477e+05  1.37850e+00  1.03216e-01
2.17398e+05  1.37900e+00  1.08297e-01
2.17320e+05  1.37950e+00  1.13606e-01
2.17241e+05  1.38000e+00  1.19822e-01
2.17162e+05  1.38050e+00  1.25483e-01
2.17084e+05  1.38100e+00  1.31920e-01
2.17005e+05  1.38150e+00  1.39459e-01
2.16927e+05  1.38200e+00  1.47898e-01
2.16848e+05  1.38250e+00  1.57102e-01
2.16770e+05  1.38300e+00  1.66109e-01
2.16691e+05  1.38350e+00  1.76225e-01
2.16613e+05  1.38400e+00  1.86469e-01
2.16535e+05  1.38450e+00  1.97683e-01
2.16457e+05  1.38500e+00  2.09864e-01
2.16379e+05  1.38550e+00  2.24029e-01
2.16300e+05  1.38600e+00  2.38184e-01
2.16222e+05  1.38650e+00  2.53214e-01
2.16145e+05  1.38700e+00  2.69144e-01
2.16067e+05  1.38750e+00  2.87201e-01
2.15989e+05  1.38800e+00  3.07202e-01
2.15911e+05  1.38850e+00  3.29770e-01
2.15833e+05  1.38900e+00  3.53055e-01
2.15756e+05  1.38950e+00  3.75788e-01
2.15678e+05  1.39000e+00  3.98832e-01
2.15600e+05  1.39050e+00  4.21305e-01
2.15523e+05  1.39100e+00  4.48014e-01
2.15446e+05  1.39150e+00  4.78147e-01
2.15368e+05  1.39200e+00  5.10471e-01
2.15291e+05  1.39250e+00  5.40091e-01
2.15214e+05  1.39300e+00  5.69355e-01
2.15136e+05  1.39350e+00  5.97401e-01
2.15059e+05  1.39400e+00  6.26014e-01
2.14982e+05  1.39450e+00  6.54241e-01
2.14905e+05  1.39500e+00  6.85924e-01
2.14828e+05  1.39550e+00  7.15178e-01
2.14751e+05  1.39600e+00  7.40629e-01
2.14674e+05  1.39650e+00  7.64793e-01
2.14597e+05  1.39700e+00  7.85285e-01
2.14521e+05  1.39750e+00  8.03071e-01
2.14444e+05  1.39800e+00  8.19387e-01
2.14367e+05  1.39850e+00  8.32003e-01
2.14291e+05  1.39900e+00  8.42444e-01
2.14214e+05  1.39950e+00  8.51190e-01
2.14137e+05  1.40000e+00  8.57830e-01
2.14061e+05  1.40050e+00  8.62152e-01
2.13985e+05  1.40100e+00  8.64298e-01
2.13908e+05  1.40150e+00  8.64719e-01
2.13832e+05  1.40200e+00  8.63572e-01
2.13756e+05  1.40250e+00  8.61511e-01
2.13680e+05  1.40300e+00  8.58425e-01
2.13603e+05  1.40350e+00  8.54293e-01
2.13527e+05  1.40400e+00  8.49246e-01
2.13451e+05  1.40450e+00  8.43878e-01
2.13375e+05  1.40500e+00  8.38652e-01
2.13300e+05  1.40550e+00  8.33612e-01
2.13224e+05  1.40600e+00  8.28494e-01
2.13148e+05  1.40650e+00  8.23696e-01
2.13072e+05  1.40700e+00  8.19035e-01
2.12996e+05  1.40750e+00  8.14750e-01
2.12921e+05  1.40800e+00  8.11072e-01
2.12845e+05  1.40850e+00  8.07539e-01
2.12770e+05  1.40900e+00  8.04498e-01
2.12694e+05  1.40950e+00  8.02255e-01
2.12619e+05  1.41000e+00  8.00413e-01
2.12543e+05  1.41050e+00  7.98642e-01
2.12468e+05  1.41100e+00  7.98023e-01
2.12393e+05  1.41150e+00  7.97974e-01
2.12318e+05  1.41200e+00  7.98084e-01
2.12242e+05  1.41250e+00  7.98887e-01
2.12167e+05  1.41300e+00  8.00014e-01
2.12092e+05  1.41350e+00  8.01952e-01
2.12017e+05  1.41400e+00  8.04362e-01
2.11942e+05  1.41450e+00  8.07212e-01
2.11867e+05  1.41500e+00  8.10249e-01
2.11793e+05  1.41550e+00  8.13715e-01
2.11718e+05  1.41600e+00  8.17118e-01
2.11643e+05  1.41650e+00  8.21451e-01
2.11568e+05  1.41700e+00  8.26170e-01
2.11494e+05  1.41750e+00  8.30750e-01
2.11419e+05  1.41800e+00  8.35767e-01
2.11345e+05  1.41850e+00  8.41150e-01
2.11270e+05  1.41900e+00  8.46567e-01
2.11196e+05  1.41950e+00  8.52389e-01
2.11121e+05  1.42000e+00  8.58200e-01
2.11047e+05  1.42050e+00  8.64266e-01
2.10973e+05  1.42100e+00  8.69566e-01
2.10899e+05  1.42150e+00  8.75411e-01
2.10825e+05  1.42200e+00  8.81150e-01
2.10750e+05  1.42250e+00  8.87260e-01
2.10676e+05  1.42300e+00  8.93337e-01
2.10602e+05  1.42350e+00  8.98912e-01
2.10528e+05  1.42400e+00  9.04332e-01
2.10455e+05  1.42450e+00  9.09665e-01
2.10381e+05  1.42500e+00  9.14911e-01
2.10307e+05  1.42550e+00  9.19901e-01
2.10233e+05  1.42600e+00  9.24835e-01
2.10159e+05  1.42650e+00  9.29605e-01
2.10086e+05  1.42700e+00  9.33940e-01
2.10012e+05  1.42750e+00  9.38021e-01
2.09939e+05  1.42800e+00  9.41936e-01
2.09865e+05  1.42850e+00  9.45566e-01
2.09792e+05  1.42900e+00  9.48984e-01
2.09718e+05  1.42950e+00  9.52132e-01
2.09645e+05  1.43000e+00  9.54755e-01
2.09572e+05  1.43050e+00  9.57304e-01
2.09499e+05  1.43100e+00  9.59553e-01
2.09425e+05  1.43150e+00  9.61710e-01
2.09352e+05  1.43200e+00  9.63460e-01
2.09279e+05  1.43250e+00  9.65044e-01
2.09206e+05  1.43300e+00  9.66393e-01
2.09133e+05  1.43350e+00  9.67451e-01
2.09060e+05  1.43400e+00  9.68375e-01
2.08987e+05  1.43450e+00  9.69116e-01
2.08915e+05  1.43500e+00  9.69634e-01
2.08842e+05  1.43550e+00  9.70045e-01
2.08769e+05  1.43600e+00  9.70432e-01
2.08696e+05  1.43650e+00  9.70232e-01
2.08624e+05  1.43700e+00  9.70490e-01
2.08551e+05  1.43750e+00  9.70352e-01
2.08479e+05  1.43800e+00  9.70126e-01
2.08406e+05  1.43850e+00  9.69801e-01
2.08334e+05  1.43900e+00  9.69434e-01
2.08262e+05  1.43950e+00  9.68846e-01
2.08189e+05  1.44000e+00  9.68451e-01
2.08117e+05  1.44050e+00  9.68090e-01
2.08045e+05  1.44100e+00  9.67404e-01
2.07973e+05  1.44150e+00  9.66791e-01
2.07900e+05  1.44200e+00  9.66158e-01
2.07828e+05  1.44250e+00  9.65676e-01
2.07756e+05  1.44300e+00  9.65096e-01
2.07684e+05  1.44350e+00  9.64498e-01
2.07613e+05  1.44400e+00  9.63999e-01
2.07541e+05  1.44450e+00  9.63544e-01
2.07469e+05  1.44500e+00  9.63177e-01
2.07397e+05  1.44550e+00  9.62436e-01
2.07325e+05  1.44600e+00  9.62116e-01
2.07254e+05  1.44650e+00  9.61529e-01
2.07182e+05  1.44700e+00  9.61282e-01
2.07111e+05  1.44750e+00  9.60823e-01
2.07039e+05  1.44800e+00  9.60477e-01
2.06968e+05  1.44850e+00  9.60079e-01
2.06896e+05  1.44900e+00  9.59772e-01
2.06825e+05  1.44950e+00  9.59667e-01
2.06753e+05  1.45000e+00  9.59284e-01
2.06682e+05  1.45050e+00  9.59073e-01
2.06611e+05  1.45100e+00  9.58888e-01
2.06540e+05  1.45150e+00  9.58820e-01
2.06469e+05  1.45200e+00  9.58566e-01
2.06398e+05  1.45250e+00  9.58466e-01
2.06327e+05  1.45300e+00  9.58574e-01
2.06256e+05  1.45350e+00  9.58338e-01
2.06185e+05  1.45400e+00  9.58333e-01
2.06114e+05  1.45450e+00  9.58578e-01
2.06043e+05  1.45500e+00  9.58728e-01
2.05972e+05  1.45550e+00  9.58791e-01
2.05901e+05  1.45600e+00  9.58924e-01
2.05831e+05  1.45650e+00  9.59085e-01
2.05760e+05  1.45700e+00  9.59562e-01
2.05690e+05  1.45750e+00  9.59585e-01
2.05619e+05  1.45800e+00  9.59996e-01
2.05548e+05  1.45850e+00  9.60131e-01
2.05478e+05  1.45900e+00  9.60536e-01
2.05408e+05  1.45950e+00  9.60915e-01
2.05337e+05  1.46000e+00  9.61181e-01
2.05267e+05  1.46050e+00  9.61398e-01
2.05197e+05  1.46100e+00  9.61878e-01
2.05127e+05  1.46150e+00  9.62493e-01
2.05056e+05  1.46200e+00  9.62788e-01
2.04986e+05  1.46250e+00  9.63375e-01
2.04916e+05  1.46300e+00  9.63846e-01
2.04846e+05  1.46350e+00  9.64454e-01
2.04776e+05  1.46400e+00  9.65234e-01
2.04706e+05  1.46450e+00  9.65785e-01
2.04636e+05  1.46500e+00  9.66194e-01
2.04567e+05  1.46550e+00  9.67014e-01
2.04497e+05  1.46600e+00  9.67496e-01
2.04427e+05  1.46650e+00  9.68354e-01
2.04358e+05  1.46700e+00  9.69067e-01
2.04288e+05  1.46750e+00  9.69712e-01
2.04218e+05  1.46800e+00  9.70404e-01
2.04149e+05  1.46850e+00  9.71455e-01
2.04079e+05  1.46900e+00  9.72177e-01
2.04010e+05  1.46950e+00  9.73060e-01
2.03940e+05  1.47000e+00  9.74088e-01
2.03871e+05  1.47050e+00  9.74770e-01
2.03802e+05  1.47100e+00  9.75694e-01
2.03733e+05  1.47150e+00  9.76888e-01
2.03663e+05  1.47200e+00  9.77577e-01
2.03594e+05  1.47250e+00  9.78726e-01
2.03525e+05  1.47300e+00  9.79603e-01
2.03456e+05  1.47350e+00  9.80390e-01
2.03387e+05  1.47400e+00  9.81235e-01
2.03318e+05  1.47450e+00  9.82129e-01
2.03249e+05  1.47500e+00  9.83204e-01
2.03180e+05  1.47550e+00  9.83833e-01
2.03111e+05  1.47600e+00  9.84797e-01
2.03043e+05  1.47650e+00  9.85657e-01
2.02974e+05  1.47700e+00  9.86569e-01
2.02905e+05  1.47750e+00  9.87408e-01
2.02837e+05  1.47800e+00  9.88476e-01
2.02768e+05  1.47850e+00  9.89056e-01
2.02699e+05  1.47900e+00  9.90041e-01
2.02631e+05  1.47950e+00  9.90846e-01
2.02562e+05  1.48000e+00  9.91695e-01
2.02494e+05  1.48050e+00  9.92097e-01
2.02426e+05  1.48100e+00  9.92741e-01
2.02357e+05  1.48150e+00  9.93643e-01
2.02289e+05  1.48200e+00  9.93984e-01
2.02221e+05  1.48250e+00  9.94462e-01
2.02153e+05  1.48300e+00  9.95065e-01
2.02085e+05  1.48350e+00  9.95594e-01
2.02016e+05  1.48400e+00  9.95951e-01
2.01948e+05  1.48450e+00  9.96318e-01
2.01880e+05  1.48500e+00  9.96730e-01
2.01812e+05  1.48550e+00  9.97166e-01
2.01745e+05  1.48600e+00  9.97274e-01
2.01677e+05  1.48650e+00  9.97464e-01
2.01609e+05  1.48700e+00  9.97596e-01
2.01541e+05  1.48750e+00  9.97800e-01
2.01473e+05  1.48800e+00  9.97652e-01
2.01406e+05  1.48850e+00  9.97832e-01
2.01338e+05  1.48900e+00  9.97652e-01
2.01271e+05  1.48950e+00  9.97606e-01
2.01203e+05  1.49000e+00  9.97722e-01
2.01135e+05  1.49050e+00  9.97368e-01
2.01068e+05  1.49100e+00  9.97454e-01
2.01001e+05  1.49150e+00  9.97216e-01
2.00933e+05  1.49200e+00  9.96702e-01
2.00866e+05  1.49250e+00  9.96488e-01
2.00799e+05  1.49300e+00  9.95999e-01
2.00731e+05  1.49350e+00  9.95804e-01
2.00664e+05  1.49400e+00  9.95395e-01
2.00597e+05  1.49450e+00  9.95150e-01
2.00530e+05  1.49500e+00  9.94265e-01
2.00463e+05  1.49550e+00  9.94010e-01
2.00396e+05  1.49600e+00  9.93445e-01
2.00329e+05  1.49650e+00  9.92814e-01
2.00262e+05  1.49700e+00  9.92375e-01
2.00195e+05  1.49750e+00  9.91777e-01
2.00128e+05  1.49800e+00  9.91290e-01
2.00062e+05  1.49850e+00  9.90654e-01
1.99995e+05  1.49900e+00  9.90320e-01
1.99928e+05  1.49950e+00  9.89656e-01
1.99862e+05  1.50000e+00  9.89129e-01
1.99795e+05  1.50050e+00  9.88544e-01
1.99728e+05  1.50100e+00  9.88031e-01
1.99662e+05  1.50150e+00  9.87328e-01
1.99596e+05  1.50200e+00  9.86684e-01
1.99529e+05  1.50250e+00  9.86225e-01
1.99463e+05  1.50300e+00  9.85747e-01
1.99396e+05  1.50350e+00  9.85356e-01
1.99330e+05  1.50400e+00  9.84642e-01
1.99264e+05  1.50450e+00  9.84171e-01
1.99198e+05  1.50500e+00  9.83844e-01
1.99131e+05  1.50550e+00  9.83067e-01
1.99065e+05  1.50600e+00  9.82667e-01
1.98999e+05  1.50650e+00  9.82465e-01
1.98933e+05  1.50700e+00  9.81887e-01
1.98867e+05  1.50750e+00  9.81528e-01
1.98801e+05  1.50800e+00  9.81232e-01
1.98735e+05  1.50850e+00  9.80752e-01
1.98670e+05  1.50900e+00  9.80503e-01
1.98604e+05  1.50950e+00  9.80371e-01
1.98538e+05  1.51000e+00  9.80010e-01
1.98472e+05  1.51050e+00  9.79812e-01
1.98407e+05  1.51100e+00  9.79565e-01
1.98341e+05  1.51150e+00  9.79338e-01
1.98275e+05  1.51200e+00  9.79097e-01
1.98210e+05  1.51250e+00  9.79130e-01
1.98144e+05  1.51300e+00  9.78884e-01
1.98079e+05  1.51350e+00  9.78799e-01
1.98014e+05  1.51400e+00  9.78644e-01
1.97948e+05  1.51450e+00  9.78541e-01
1.97883e+05  1.51500e+00  9.78615e-01
1.97818e+05  1.51550e+00  9.78264e-01
1.97752e+05  1.51600e+00  9.78422e-01
1.97687e+05  1.51650e+00  9.78191e-01
1.97622e+05  1.51700e+00  9.78093e-01
1.97557e+05  1.51750e+00  9.78239e-01
1.97492e+05  1.51800e+00  9.78149e-01
1.97427e+05  1.51850e+00  9.78274e-01
1.97362e+05  1.51900e+00  9.78382e-01
1.97297e+05  1.51950e+00  9.78323e-01
1.97232e+05  1.52000e+00  9.78422e-01
1.97167e+05  1.52050e+00  9.78356e-01
1.97102e+05  1.52100e+00  9.78475e-01
1.97037e+05  1.52150e+00  9.78305e-01
1.96973e+05  1.52200e+00  9.78632e-01
1.96908e+05  1.52250e+00  9.78562e-01
1.96843e+05  1.52300e+00  9.78531e-01
1.96779e+05  1.52350e+00  9.78391e-01
1.96714e+05  1.52400e+00  9.78425e-01
1.96650e+05  1.52450e+00  9.78570e-01
1.96585e+05  1.52500e+00  9.78423e-01
1.96521e+05  1.52550e+00  9.78210e-01
1.96456e+05  1.52600e+00  9.78302e-01
1.96392e+05  1.52650e+00  9.78288e-01
1.96328e+05  1.52700e+00  9.78344e-01
1.96263e+05  1.52750e+00  9.78221e-01
1.96199e+05  1.52800e+00  9.78293e-01
1.96135e+05  1.52850e+00  9.77763e-01
1.96071e+05  1.52900e+00  9.77685e-01
1.96007e+05  1.52950e+00  9.77503e-01
1.95943e+05  1.53000e+00  9.77675e-01
1.95879e+05  1.53050e+00  9.77171e-01
1.95815e+05  1.53100e+00  9.77176e-01
1.95751e+05  1.53150e+00  9.76634e-01
1.95687e+05  1.53200e+00  9.76630e-01
1.95623e+05  1.53250e+00  9.76163e-01
1.95559e+05  1.53300e+00  9.75906e-01
1.95496e+05  1.53350e+00  9.75731e-01
1.95432e+05  1.53400e+00  9.75594e-01
1.95368e+05  1.53450e+00  9.75126e-01
1.95305e+05  1.53500e+00  9.74516e-01
1.95241e+05  1.53550e+00  9.74398e-01
1.95177e+05  1.53600e+00  9.73816e-01
1.95114e+05  1.53650e+00  9.73762e-01
1.95050e+05  1.53700e+00  9.73027e-01
1.94987e+05  1.53750e+00  9.72517e-01
1.94924e+05  1.53800e+00  9.72378e-01
1.94860e+05  1.53850e+00  9.71985e-01
1.94797e+05  1.53900e+00  9.71441e-01
1.94734e+05  1.53950e+00  9.71430e-01
1.94670e+05  1.54000e+00  9.70878e-01
1.94607e+05  1.54050e+00  9.70463e-01
1.94544e+05  1.54100e+00  9.69945e-01
1.94481e+05  1.54150e+00  9.69885e-01
1.94418e+05  1.54200e+00  9.68988e-01
1.94355e+05  1.54250e+00  9.68857e-01
1.94292e+05  1.54300e+00  9.68338e-01
1.94229e+05  1.54350e+00  9.68003e-01
1.94166e+05  1.54400e+00  9.67739e-01
1.94103e+05  1.54450e+00  9.67167e-01
1.94040e+05  1.54500e+00  9.66935e-01
1.93978e+05  1.54550e+00  9.66552e-01
1.93915e+05  1.54600e+00  9.66441e-01
1.93852e+05  1.54650e+00  9.66001e-01
1.93790e+05  1.54700e+00  9.65785e-01
1.93727e+05  1.54750e+00  9.65647e-01
1.93664e+05  1.54800e+00  9.65323e-01
1.93602e+05  1.54850e+00  9.65176e-01
1.93539e+05  1.54900e+00  9.65202e-01
1.93477e+05  1.54950e+00  9.64872e-01
1.93414e+05  1.55000e+00  9.64796e-01
1.93352e+05  1.55050e+00  9.64819e-01
1.93290e+05  1.55100e+00  9.64578e-01
1.93227e+05  1.55150e+00  9.64459e-01
1.93165e+05  1.55200e+00  9.64248e-01
1.93103e+05  1.55250e+00  9.64389e-01
1.93041e+05  1.55300e+00  9.64800e-01
1.92979e+05  1.55350e+00  9.64684e-01
1.92917e+05  1.55400e+00  9.64885e-01
1.92855e+05  1.55450e+00  9.65065e-01
1.92793e+05  1.55500e+00  9.65233e-01
1.92731e+05  1.55550e+00  9.65387e-01
1.92669e+05  1.55600e+00  9.65760e-01
1.92607e+05  1.55650e+00  9.66040e-01
1.92545e+05  1.55700e+00  9.66576e-01
1.92483e+05  1.55750e+00  9.66799e-01
1.92421e+05  1.55800e+00  9.67247e-01
1.92360e+05  1.55850e+00  9.67846e-01
1.92298e+05  1.55900e+00  9.68338e-01
1.92236e+05  1.55950e+00  9.68817e-01
1.92175e+05  1.56000e+00  9.69301e-01
1.92113e+05  1.56050e+00  9.70033e-01
1.92052e+05  1.56100e+00  9.70819e-01
1.91990e+05  1.56150e+00  9.71500e-01
1.91929e+05  1.56200e+00  9.71941e-01
1.91867e+05  1.56250e+00  9.72910e-01
1.91806e+05  1.56300e+00  9.73443e-01
1.91744e+05  1.56350e+00  9.74445e-01
1.91683e+05  1.56400e+00  9.75116e-01
1.91622e+05  1.56450e+00  9.75856e-01
1.91561e+05  1.56500e+00  9.76773e-01
1.91499e+05  1.56550e+00  9.77639e-01
1.91438e+05  1.56600e+00  9.78539e-01
1.91377e+05  1.56650e+00  9.79267e-01
1.91316e+05  1.56700e+00  9.80507e-01
1.91255e+05  1.56750e+00  9.81251e-01
1.91194e+05  1.56800e+00  9.82328e-01
1.91133e+05  1.56850e+00  9.83474e-01
1.91072e+05  1.56900e+00  9.84648e-01
1.91011e+05  1.56950e+00  9.84989e-01
1.90951e+05  1.57000e+00  9.85961e-01
1.90890e+05  1.57050e+00  9.86846e-01
1.90829e+05  1.57100e+00  9.88110e-01
1.90768e+05  1.57150e+00  9.88961e-01
1.90708e+05  1.57200e+00  9.89826e-01
1.90647e+05  1.57250e+00  9.90357e-01
1.90586e+05  1.57300e+00  9.91319e-01
1.90526e+05  1.57350e+00  9.91834e-01
1.90465e+05  1.57400e+00  9.92806e-01
1.90405e+05  1.57450e+00  9.93762e-01
1.90344e+05  1.57500e+00  9.94377e-01
1.90284e+05  1.57550e+00  9.95109e-01
1.90224e+05  1.57600e+00  9.95698e-01
1.90163e+05  1.57650e+00  9.96477e-01
1.90103e+05  1.57700e+00  9.96841e-01
1.90043e+05  1.57750e+00  9.97493e-01
1.89983e+05  1.57800e+00  9.98060e-01
1.89922e+05  1.57850e+00  9.98332e-01
1.89862e+05  1.57900e+00  9.98730e-01
1.89802e+05  1.57950e+00  9.99261e-01
1.89742e+05  1.58000e+00  9.99536e-01
1.89682e+05  1.58050e+00  9.99675e-01
1.89622e+05  1.58100e+00  9.99961e-01
1.89562e+05  1.58150e+00  9.99969e-01
1.89502e+05  1.58200e+00  1.00000e+00
1.89442e+05  1.58250e+00  9.99983e-01
1.89382e+05  1.58300e+00  9.99897e-01
1.89323e+05  1.58350e+00  9.99780e-01
1.89263e+05  1.58400e+00  9.99661e-01
1.89203e+05  1.58450e+00  9.99134e-01
1.89144e+05  1.58500e+00  9.99076e-01
1.89084e+05  1.58550e+00  9.98180e-01
1.89024e+05  1.58600e+00  9.98110e-01
1.88965e+05  1.58650e+00  9.97403e-01
1.88905e+05  1.58700e+00  9.96676e-01
1.88846e+05  1.58750e+00  9.95973e-01
1.88786e+05  1.58800e+00  9.95398e-01
1.88727e+05  1.58850e+00  9.94385e-01
1.88667e+05  1.58900e+00  9.93619e-01
1.88608e+05  1.58950e+00  9.92805e-01
1.88549e+05  1.59000e+00  9.91948e-01
1.88489e+05  1.59050e+00  9.90926e-01
1.88430e+05  1.59100e+00  9.89709e-01
1.88371e+05  1.59150e+00  9.88779e-01
1.88312e+05  1.59200e+00  9.87519e-01
1.88253e+05  1.59250e+00  9.86602e-01
1.88194e+05  1.59300e+00  9.84886e-01
1.88135e+05  1.59350e+00  9.83689e-01
1.88076e+05  1.59400e+00  9.82293e-01
1.88017e+05  1.59450e+00  9.81552e-01
1.87958e+05  1.59500e+00  9.79261e-01
1.87899e+05  1.59550e+00  9.78861e-01
1.87840e+05  1.59600e+00  9.76709e-01
1.87781e+05  1.59650e+00  9.75998e-01
1.87722e+05  1.59700e+00  9.74297e-01
1.87664e+05  1.59750e+00  9.72607e-01
1.87605e+05  1.59800e+00  9.71752e-01
1.87546e+05  1.59850e+00  9.70068e-01
1.87487e+05  1.59900e+00  9.68263e-01
1.87429e+05  1.59950e+00  9.67211e-01
1.87370e+05  1.60000e+00  9.65301e-01
1.87312e+05  1.60050e+00  9.64079e-01
1.87253e+05  1.60100e+00  9.62483e-01
1.87195e+05  1.60150e+00  9.60918e-01
1.87136e+05  1.60200e+00  9.59937e-01
1.87078e+05  1.60250e+00  9.58508e-01
1.87020e+05  1.60300e+00  9.56804e-01
1.86961e+05  1.60350e+00  9.56233e-01
1.86903e+05  1.60400e+00  9.54802e-01
1.86845e+05  1.60450e+00  9.53577e-01
1.86787e+05  1.60500e+00  9.52827e-01
1.86728e+05  1.60550e+00  9.51467e-01
1.86670e+05  1.60600e+00  9.50428e-01
1.86612e+05  1.60650e+00  9.49143e-01
1.86554e+05  1.60700e+00  9.48273e-01
1.86496e+05  1.60750e+00  9.47359e-01
1.86438e+05  1.60800e+00  9.46416e-01
1.86380e+05  1.60850e+00  9.45259e-01
1.86322e+05  1.60900e+00  9.44653e-01
1.86264e+05  1.60950e+00  9.43556e-01
1.86206e+05  1.61000e+00  9.42864e-01
1.86149e+05  1.61050e+00  9.42486e-01
1.86091e+05  1.61100e+00  9.41751e-01
1.86033e+05  1.61150e+00  9.41634e-01
1.85975e+05  1.61200e+00  9.41063e-01
1.85918e+05  1.61250e+00  9.40785e-01
1.85860e+05  1.61300e+00  9.40625e-01
1.85803e+05  1.61350e+00  9.40409e-01
1.85745e+05  1.61400e+00  9.40127e-01
1.85687e+05  1.61450e+00  9.40557e-01
1.85630e+05  1.61500e+00  9.40145e-01
1.85573e+05  1.61550e+00  9.40127e-01
1.85515e+05  1.61600e+00  9.40298e-01
1.85458e+05  1.61650e+00  9.40216e-01
1.85400e+05  1.61700e+00  9.40196e-01
1.85343e+05  1.61750e+00  9.40681e-01
1.85286e+05  1.61800e+00  9.40906e-01
1.85229e+05  1.61850e+00  9.41284e-01
1.85171e+05  1.61900e+00  9.41786e-01
1.85114e+05  1.61950e+00  9.42133e-01
1.85057e+05  1.62000e+00  9.42661e-01
1.85000e+05  1.62050e+00  9.43229e-01
1.84943e+05  1.62100e+00  9.43988e-01
1.84886e+05  1.62150e+00  9.44805e-01
1.84829e+05  1.62200e+00  9.45659e-01
1.84772e+05  1.62250e+00  9.46582e-01
1.84715e+05  1.62300e+00  9.47561e-01
1.84658e+05  1.62350e+00  9.48281e-01
1.84601e+05  1.62400e+00  9.49348e-01
1.84544e+05  1.62450e+00  9.50282e-01
1.84488e+05  1.62500e+00  9.51310e-01
1.84431e+05  1.62550e+00  9.52273e-01
1.84374e+05  1.62600e+00  9.52969e-01
1.84318e+05  1.62650e+00  9.54543e-01
1.84261e+05  1.62700e+00  9.54973e-01
1.84204e+05  1.62750e+00  9.56030e-01
1.84148e+05  1.62800e+00  9.57654e-01
1.84091e+05  1.62850e+00  9.58557e-01
1.84035e+05  1.62900e+00  9.59785e-01
1.83978e+05  1.62950e+00  9.61393e-01
1.83922e+05  1.63000e+00  9.62532e-01
1.83865e+05  1.63050e+00  9.63717e-01
1.83809e+05  1.63100e+00  9.65150e-01
1.83753e+05  1.63150e+00  9.66701e-01
1.83696e+05  1.63200e+00  9.67808e-01
1.83640e+05  1.63250e+00  9.68974e-01
1.83584e+05  1.63300e+00  9.70208e-01
1.83528e+05  1.63350e+00  9.71044e-01
1.83472e+05  1.63400e+00  9.72468e-01
1.83415e+05  1.63450e+00  9.73328e-01
1.83359e+05  1.63500e+00  9.74587e-01
1.83303e+05  1.63550e+00  9.75804e-01
1.83247e+05  1.63600e+00  9.76878e-01
1.83191e+05  1.63650e+00  9.77911e-01
1.83135e+05  1.63700e+00  9.78871e-01
1.83079e+05  1.63750e+00  9.80326e-01
1.83023e+05  1.63800e+00  9.81112e-01
1.82968e+05  1.63850e+00  9.82181e-01
1.82912e+05  1.63900e+00  9.83716e-01
1.82856e+05  1.63950e+00  9.84512e-01
1.82800e+05  1.64000e+00  9.85459e-01
1.82745e+05  1.64050e+00  9.86644e-01
1.82689e+05  1.64100e+00  9.87368e-01
1.82633e+05  1.64150e+00  9.88046e-01
1.82578e+05  1.64200e+00  9.89153e-01
1.82522e+05  1.64250e+00  9.89720e-01
1.82466e+05  1.64300e+00  9.90136e-01
1.82411e+05  1.64350e+00  9.90794e-01
1.82356e+05  1.64400e+00  9.91360e-01
1.82300e+05  1.64450e+00  9.92445e-01
1.82245e+05  1.64500e+00  9.92340e-01
1.82189e+05  1.64550e+00  9.92970e-01
1.82134e+05  1.64600e+00  9.94038e-01
1.82079e+05  1.64650e+00  9.93984e-01
1.82023e+05  1.64700e+00  9.94854e-01
1.81968e+05  1.64750e+00  9.95699e-01
1.81913e+05  1.64800e+00  9.95789e-01
1.81858e+05  1.64850e+00  9.96542e-01
1.81803e+05  1.64900e+00  9.96861e-01
1.81747e+05  1.64950e+00  9.96995e-01
1.81692e+05  1.65000e+00  9.97385e-01
1.81637e+05  1.65050e+00  9.97351e-01
1.81582e+05  1.65100e+00  9.97768e-01
1.81527e+05  1.65150e+00  9.97853e-01
1.81472e+05  1.65200e+00  9.97724e-01
1.81418e+05  1.65250e+00  9.98074e-01
1.81363e+05  1.65300e+00  9.97986e-01
1.81308e+05  1.65350e+00  9.97869e-01
1.81253e+05  1.65400e+00  9.98151e-01
1.81198e+05  1.65450e+00  9.98444e-01
1.81143e+05  1.65500e+00  9.98317e-01
1.81089e+05  1.65550e+00  9.98536e-01
1.81034e+05  1.65600e+00  9.98680e-01
1.80979e+05  1.65650e+00  9.98549e-01
1.80925e+05  1.65700e+00  9.98959e-01
1.80870e+05  1.65750e+00  9.98623e-01
1.80816e+05  1.65800e+00  9.98806e-01
1.80761e+05  1.65850e+00  9.98857e-01
1.80707e+05  1.65900e+00  9.98379e-01
1.80652e+05  1.65950e+00  9.98658e-01
1.80598e+05  1.66000e+00  9.98190e-01
1.80543e+05  1.66050e+00  9.98281e-01
1.80489e+05  1.66100e+00  9.98223e-01
1.80435e+05  1.66150e+00  9.98065e-01
1.80381e+05  1.66200e+00  9.97932e-01
1.80326e+05  1.66250e+00  9.97634e-01
1.80272e+05  1.66300e+00  9.97458e-01
1.80218e+05  1.66350e+00  9.97691e-01
1.80164e+05  1.66400e+00  9.97676e-01
1.80110e+05  1.66450e+00  9.97507e-01
1.80056e+05  1.66500e+00  9.97667e-01
1.80001e+05  1.66550e+00  9.97763e-01
1.79947e+05  1.66600e+00  9.97566e-01
1.79893e+05  1.66650e+00  9.97800e-01
1.79840e+05  1.66700e+00  9.97185e-01
1.79786e+05  1.66750e+00  9.97330e-01
1.79732e+05  1.66800e+00  9.97062e-01
1.79678e+05  1.66850e+00  9.97007e-01
1.79624e+05  1.66900e+00  9.97037e-01
1.79570e+05  1.66950e+00  9.96364e-01
1.79516e+05  1.67000e+00  9.96356e-01
1.79463e+05  1.67050e+00  9.96356e-01
1.79409e+05  1.67100e+00  9.96037e-01
1.79355e+05  1.67150e+00  9.95896e-01
1.79302e+05  1.67200e+00  9.95909e-01
1.79248e+05  1.67250e+00  9.95825e-01
1.79195e+05  1.67300e+00  9.95550e-01
1.79141e+05  1.67350e+00  9.95513e-01
1.79087e+05  1.67400e+00  9.95569e-01
1.79034e+05  1.67450e+00  9.95784e-01
1.78981e+05  1.67500e+00  9.95332e-01
1.78927e+05  1.67550e+00  9.95204e-01
1.78874e+05  1.67600e+00  9.95278e-01
1.78820e+05  1.67650e+00  9.94836e-01
1.78767e+05  1.67700e+00  9.94289e-01
1.78714e+05  1.67750e+00  9.93997e-01
1.78661e+05  1.67800e+00  9.93535e-01
1.78607e+05  1.67850e+00  9.93514e-01
1.78554e+05  1.67900e+00  9.92810e-01
1.78501e+05  1.67950e+00  9.92236e-01
1.78448e+05  1.68000e+00  9.92105e-01
1.78395e+05  1.68050e+00  9.91805e-01
1.78342e+05  1.68100e+00  9.91401e-01
1.78289e+05  1.68150e+00  9.91113e-01
1.78236e+05  1.68200e+00  9.90487e-01
1.78183e+05  1.68250e+00  9.90128e-01
1.78130e+05  1.68300e+00  9.89851e-01
1.78077e+05  1.68350e+00  9.89496e-01
1.78024e+05  1.68400e+00  9.89063e-01
1.77971e+05  1.68450e+00  9.88215e-01
1.77918e+05  1.68500e+00  9.87528e-01
1.77866e+05  1.68550e+00  9.86941e-01
1.77813e+05  1.68600e+00  9.85840e-01
1.77760e+05  1.68650e+00  9.85066e-01
1.77707e+05  1.68700e+00  9.84369e-01
1.77655e+05  1.68750e+00  9.83243e-01
1.77602e+05  1.68800e+00  9.82415e-01
1.77550e+05  1.68850e+00  9.81584e-01
1.77497e+05  1.68900e+00  9.80620e-01
1.77444e+05  1.68950e+00  9.79696e-01
1.77392e+05  1.69000e+00  9.78829e-01
1.77340e+05  1.69050e+00  9.77834e-01
1.77287e+05  1.69100e+00  9.76893e-01
1.77235e+05  1.69150e+00  9.75815e-01
1.77182e+05  1.69200e+00  9.74613e-01
1.77130e+05  1.69250e+00  9.73639e-01
1.77078e+05  1.69300e+00  9.72222e-01
1.77025e+05  1.69350e+00  9.71246e-01
1.76973e+05  1.69400e+00  9.69979e-01
1.76921e+05  1.69450e+00  9.68207e-01
1.76869e+05  1.69500e+00  9.67148e-01
1.76817e+05  1.69550e+00  9.65551e-01
1.76764e+05  1.69600e+00  9.63834e-01
1.76712e+05  1.69650e+00  9.62480e-01
1.76660e+05  1.69700e+00  9.60810e-01
1.76608e+05  1.69750e+00  9.59439e-01
1.76556e+05  1.69800e+00  9.57704e-01
1.76504e+05  1.69850e+00  9.55740e-01
1.76452e+05  1.69900e+00  9.54663e-01
1.76400e+05  1.69950e+00  9.53141e-01
1.76349e+05  1.70000e+00  9.51331e-01
1.76297e+05  1.70050e+00  9.50274e-01
1.76245e+05  1.70100e+00  9.48230e-01
1.76193e+05  1.70150e+00  9.46188e-01
1.76141e+05  1.70200e+00  9.44645e-01
1.76090e+05  1.70250e+00  9.42633e-01
1.76038e+05  1.70300e+00  9.40957e-01
1.75986e+05  1.70350e+00  9.38858e-01
1.75935e+05  1.70400e+00  9.36939e-01
1.75883e+05  1.70450e+00  9.34977e-01
1.75831e+05  1.70500e+00  9.32718e-01
1.75780e+05  1.70550e+00  9.30754e-01
1.75728e+05  1.70600e+00  9.29019e-01
1.75677e+05  1.70650e+00  9.26553e-01
1.75625e+05  1.70700e+00  9.24567e-01
1.75574e+05  1.70750e+00  9.22508e-01
1.75523e+05  1.70800e+00  9.20513e-01
1.75471e+05  1.70850e+00  9.18792e-01
1.75420e+05  1.70900e+00  9.16586e-01
1.75369e+05  1.70950e+00  9.14638e-01
1.75317e+05  1.71000e+00  9.12418e-01
1.75266e+05  1.71050e+00  9.10575e-01
1.75215e+05  1.71100e+00  9.07730e-01
1.75164e+05  1.71150e+00  9.06032e-01
1.75112e+05  1.71200e+00  9.03736e-01
1.75061e+05  1.71250e+00  9.01227e-01
1.75010e+05  1.71300e+00  8.98961e-01
1.74959e+05  1.71350e+00  8.96648e-01
1.74908e+05  1.71400e+00  8.94178e-01
1.74857e+05  1.71450e+00  8.92292e-01
1.74806e+05  1.71500e+00  8.90013e-01
1.74755e+05  1.71550e+00  8.88187e-01
1.74704e+05  1.71600e+00  8.85718e-01
1.74653e+05  1.71650e+00  8.83632e-01
1.74602e+05  1.71700e+00  8.81530e-01
1.74552e+05  1.71750e+00  8.79554e-01
1.74501e+05  1.71800e+00  8.77360e-01
1.74450e+05  1.71850e+00  8.75431e-01
1.74399e+05  1.71900e+00  8.73304e-01
1.74349e+05  1.71950e+00  8.70934e-01
1.74298e+05  1.72000e+00  8.68886e-01
1.74247e+05  1.72050e+00  8.66818e-01
1.74197e+05  1.72100e+00  8.64522e-01
1.74146e+05  1.72150e+00  8.62543e-01
1.74096e+05  1.72200e+00  8.60165e-01
1.74045e+05  1.72250e+00  8.58636e-01
1.73994e+05  1.72300e+00  8.56379e-01
1.73944e+05  1.72350e+00  8.54094e-01
1.73894e+05  1.72400e+00  8.52651e-01
1.73843e+05  1.72450e+00  8.50672e-01
1.73793e+05  1.72500e+00  8.48936e-01
1.73742e+05  1.72550e+00  8.47350e-01
1.73692e+05  1.72600e+00  8.45442e-01
1.73642e+05  1.72650e+00  8.44186e-01
1.73591e+05  1.72700e+00  8.42226e-01
1.73541e+05  1.72750e+00  8.40441e-01
1.73491e+05  1.72800e+00  8.39496e-01
1.73441e+05  1.72850e+00  8.37705e-01
1.73391e+05  1.72900e+00  8.36389e-01
1.73341e+05  1.72950e+00  8.34681e-01
1.73290e+05  1.73000e+00  8.33239e-01
1.73240e+05  1.73050e+00  8.31732e-01
1.73190e+05  1.73100e+00  8.30790e-01
1.73140e+05  1.73150e+00  8.29400e-01
1.73090e+05  1.73200e+00  8.28523e-01
1.73040e+05  1.73250e+00  8.27380e-01
1.72990e+05  1.73300e+00  8.26265e-01
1.72941e+05  1.73350e+00  8.25606e-01
1.72891e+05  1.73400e+00  8.25012e-01
1.72841e+05  1.73450e+00  8.24219e-01
1.72791e+05  1.73500e+00  8.23714e-01
1.72741e+05  1.73550e+00  8.23006e-01
1.72692e+05  1.73600e+00  8.22753e-01
1.72642e+05  1.73650e+00  8.22705e-01
1.72592e+05  1.73700e+00  8.22142e-01
1.72542e+05  1.73750e+00  8.22199e-01
1.72493e+05  1.73800e+00  8.21959e-01
1.72443e+05  1.73850e+00  8.21783e-01
1.72394e+05  1.73900e+00  8.21871e-01
1.72344e+05  1.73950e+00  8.21855e-01
1.72295e+05  1.74000e+00  8.21876e-01
1.72245e+05  1.74050e+00  8.22422e-01
1.72196e+05  1.74100e+00  8.22482e-01
1.72146e+05  1.74150e+00  8.23162e-01
1.72097e+05  1.74200e+00  8.24132e-01
1.72047e+05  1.74250e+00  8.24463e-01
1.71998e+05  1.74300e+00  8.26099e-01
1.71949e+05  1.74350e+00  8.26683e-01
1.71899e+05  1.74400e+00  8.27789e-01
1.71850e+05  1.74450e+00  8.29510e-01
1.71801e+05  1.74500e+00  8.30420e-01
1.71752e+05  1.74550e+00  8.32166e-01
1.71702e+05  1.74600e+00  8.33418e-01
1.71653e+05  1.74650e+00  8.34797e-01
1.71604e+05  1.74700e+00  8.36780e-01
1.71555e+05  1.74750e+00  8.38532e-01
1.71506e+05  1.74800e+00  8.39704e-01
1.71457e+05  1.74850e+00  8.42196e-01
1.71408e+05  1.74900e+00  8.44231e-01
1.71359e+05  1.74950e+00  8.46003e-01
1.71310e+05  1.75000e+00  8.48727e-01
1.71261e+05  1.75050e+00  8.50601e-01
1.71212e+05  1.75100e+00  8.53159e-01
1.71163e+05  1.75150e+00  8.55825e-01
1.71114e+05  1.75200e+00  8.58774e-01
1.71066e+05  1.75250e+00  8.61533e-01
1.71017e+05  1.75300e+00  8.64021e-01
1.70968e+05  1.75350e+00  8.66782e-01
1.70919e+05  1.75400e+00  8.70228e-01
1.70871e+05  1.75450e+00  8.73099e-01
1.70822e+05  1.75500e+00  8.76222e-01
1.70773e+05  1.75550e+00  8.79282e-01
1.70725e+05  1.75600e+00  8.82363e-01
1.70676e+05  1.75650e+00  8.85551e-01
1.70627e+05  1.75700e+00  8.88514e-01
1.70579e+05  1.75750e+00  8.91759e-01
1.70530e+05  1.75800e+00  8.95276e-01
1.70482e+05  1.75850e+00  8.98561e-01
1.70433e+05  1.75900e+00  9.01838e-01
1.70385e+05  1.75950e+00  9.04956e-01
1.70337e+05  1.76000e+00  9.08508e-01
1.70288e+05  1.76050e+00  9.11268e-01
1.70240e+05  1.76100e+00  9.15332e-01
1.70192e+05  1.76150e+00  9.18750e-01
1.70143e+05  1.76200e+00  9.22177e-01
1.70095e+05  1.76250e+00  9.24988e-01
1.70047e+05  1.76300e+00  9.28026e-01
1.69999e+05  1.76350e+00  9.31251e-01
1.69950e+05  1.76400e+00  9.33844e-01
1.69902e+05  1.76450e+00  9.36704e-01
1.69854e+05  1.76500e+00  9.39589e-01
1.69806e+05  1.76550e+00  9.42034e-01
1.69758e+05  1.76600e+00  9.44491e-01
1.69710e+05  1.76650e+00  9.46933e-01
1.69662e+05  1.76700e+00  9.49059e-01
1.69614e+05  1.76750e+00  9.51046e-01
1.69566e+05  1.76800e+00  9.52938e-01
1.69518e+05  1.76850e+00  9.54223e-01
1.69470e+05  1.76900e+00  9.56051e-01
1.69422e+05  1.76950e+00  9.57157e-01
1.69374e+05  1.77000e+00  9.58015e-01
1.69326e+05  1.77050e+00  9.59731e-01
1.69279e+05  1.77100e+00  9.59840e-01
1.69231e+05  1.77150e+00  9.60065e-01
1.69183e+05  1.77200e+00  9.60471e-01
1.69135e+05  1.77250e+00  9.59821e-01
1.69088e+05  1.77300e+00  9.59011e-01
1.69040e+05  1.77350e+00  9.58130e-01
1.68992e+05  1.77400e+00  9.56332e-01
1.68945e+05  1.77450e+00  9.54552e-01
1.68897e+05  1.77500e+00  9.52866e-01
1.68850e+05  1.77550e+00  9.50221e-01
1.68802e+05  1.77600e+00  9.47479e-01
1.68755e+05  1.77650e+00  9.43982e-01
1.68707e+05  1.77700e+00  9.39988e-01
1.68660e+05  1.77750e+00  9.37071e-01
1.68612e+05  1.77800e+00  9.31942e-01
1.68565e+05  1.77850e+00  9.27643e-01
1.68517e+05  1.77900e+00  9.22987e-01
1.68470e+05  1.77950e+00  9.17016e-01
1.68423e+05  1.78000e+00  9.10898e-01
1.68375e+05  1.78050e+00  9.03773e-01
1.68328e+05  1.78100e+00  8.97154e-01
1.68281e+05  1.78150e+00  8.89713e-01
1.68234e+05  1.78200e+00  8.81402e-01
1.68187e+05  1.78250e+00  8.73132e-01
1.68139e+05  1.78300e+00  8.63676e-01
1.68092e+05  1.78350e+00  8.53949e-01
1.68045e+05  1.78400e+00  8.43670e-01
1.67998e+05  1.78450e+00  8.33910e-01
1.67951e+05  1.78500e+00  8.22648e-01
1.67904e+05  1.78550e+00  8.11595e-01
1.67857e+05  1.78600e+00  8.00077e-01
1.67810e+05  1.78650e+00  7.86696e-01
1.67763e+05  1.78700e+00  7.74517e-01
1.67716e+05  1.78750e+00  7.61131e-01
1.67669e+05  1.78800e+00  7.48456e-01
1.67622e+05  1.78850e+00  7.34884e-01
1.67575e+05  1.78900e+00  7.20335e-01
1.67529e+05  1.78950e+00  7.05152e-01
1.67482e+05  1.79000e+00  6.90026e-01
1.67435e+05  1.79050e+00  6.74530e-01
1.67388e+05  1.79100e+00  6.59717e-01
1.67342e+05  1.79150e+00  6.44654e-01
1.67295e+05  1.79200e+00  6.27950e-01
1.67248e+05  1.79250e+00  6.10854e-01
1.67202e+05  1.79300e+00  5.94494e-01
1.67155e+05  1.79350e+00  5.77835e-01
1.67108e+05  1.79400e+00  5.61505e-01
1.67062e+05  1.79450e+00  5.44770e-01
1.67015e+05  1.79500e+00  5.29462e-01
1.66969e+05  1.79550e+00  5.12293e-01
1.66922e+05  1.79600e+00  4.95023e-01
1.66876e+05  1.79650e+00  4.78358e-01
1.66829e+05  1.79700e+00  4.62547e-01
1.66783e+05  1.79750e+00  4.46866e-01
1.66737e+05  1.79800e+00  4.31599e-01
1.66690e+05  1.79850e+00  4.15255e-01
1.66644e+05  1.79900e+00  3.99513e-01
1.66598e+05  1.79950e+00  3.83674e-01
1.66551e+05  1.80000e+00  3.68845e-01
1.66505e+05  1.80050e+00  3.54700e-01
1.66459e+05  1.80100e+00  3.40135e-01
1.66413e+05  1.80150e+00  3.26025e-01
1.66367e+05  1.80200e+00  3.12297e-01
1.66320e+05  1.80250e+00  2.98522e-01
1.66274e+05  1.80300e+00  2.85464e-01
1.66228e+05  1.80350e+00  2.73974e-01
1.66182e+05  1.80400e+00  2.62355e-01
1.66136e+05  1.80450e+00  2.50805e-01
1.66090e+05  1.80500e+00  2.39767e-01
1.66044e+05  1.80550e+00  2.28595e-01
1.65998e+05  1.80600e+00  2.17701e-01
1.65952e+05  1.80650e+00  2.07574e-01
1.65906e+05  1.80700e+00  1.98321e-01
1.65860e+05  1.80750e+00  1.89554e-01
1.65814e+05  1.80800e+00  1.80440e-01
1.65769e+05  1.80850e+00  1.72356e-01
1.65723e+05  1.80900e+00  1.64011e-01
1.65677e+05  1.80950e+00  1.56404e-01
1.65631e+05  1.81000e+00  1.49176e-01
1.65585e+05  1.81050e+00  1.42463e-01
1.65540e+05  1.81100e+00  1.35063e-01
1.65494e+05  1.81150e+00  1.28889e-01
1.65448e+05  1.81200e+00  1.22024e-01
1.65403e+05  1.81250e+00  1.16198e-01
1.65357e+05  1.81300e+00  1.11222e-01
1.65312e+05  1.81350e+00  1.06544e-01
1.65266e+05  1.81400e+00  1.01252e-01
1.65220e+05  1.81450e+00  9.66363e-02
1.65175e+05  1.81500e+00  9.16730e-02
1.65129e+05  1.81550e+00  8.71164e-02
1.65084e+05  1.81600e+00  8.30336e-02
1.65039e+05  1.81650e+00  7.96303e-02
1.64993e+05  1.81700e+00  7.58128e-02
1.64948e+05  1.81750e+00  7.25306e-02
1.64902e+05  1.81800e+00  6.89657e-02
1.64857e+05  1.81850e+00  6.57837e-02
1.64812e+05  1.81900e+00  6.30357e-02
1.64766e+05  1.81950e+00  5.99529e-02
1.64721e+05  1.82000e+00  5.74573e-02
1.64676e+05  1.82050e+00  5.45382e-02
1.64631e+05  1.82100e+00  5.20072e-02
1.64585e+05  1.82150e+00  4.90248e-02
1.64540e+05  1.82200e+00  4.68327e-02
1.64495e+05  1.82250e+00  4.48471e-02
1.64450e+05  1.82300e+00  4.28607e-02
1.64405e+05  1.82350e+00  4.12440e-02
1.64360e+05  1.82400e+00  3.95718e-02
1.64315e+05  1.82450e+00  3.78224e-02
1.64270e+05  1.82500e+00  3.61238e-02
1.64225e+05  1.82550e+00  3.50841e-02
1.64180e+05  1.82600e+00  3.33435e-02
1.64135e+05  1.82650e+00  3.18198e-02
1.64090e+05  1.82700e+00  3.00067e-02
1.64045e+05  1.82750e+00  2.93262e-02
1.64000e+05  1.82800e+00  2.77960e-02
1.63955e+05  1.82850e+00  2.71841e-02
1.63911e+05  1.82900e+00  2.56649e-02
1.63866e+05  1.82950e+00  2.48485e-02
1.63821e+05  1.83000e+00  2.38421e-02
1.63776e+05  1.83050e+00  2.28257e-02
1.63732e+05  1.83100e+00  2.15923e-02
1.63687e+05  1.83150e+00  2.05789e-02
1.63642e+05  1.83200e+00  1.98515e-02
1.63598e+05  1.83250e+00  1.92692e-02
1.63553e+05  1.83300e+00  1.91644e-02
1.63508e+05  1.83350e+00  1.78415e-02
1.63464e+05  1.83400e+00  1.74001e-02
1.63419e+05  1.83450e+00  1.72384e-02
1.63375e+05  1.83500e+00  1.59986e-02
1.63330e+05  1.83550e+00  1.54737e-02
1.63286e+05  1.83600e+00  1.45806e-02
1.63241e+05  1.83650e+00  1.42407e-02
1.63197e+05  1.83700e+00  1.36829e-02
1.63152e+05  1.83750e+00  1.32958e-02
1.63108e+05  1.83800e+00  1.29949e-02
1.63064e+05  1.83850e+00  1.24132e-02
1.63019e+05  1.83900e+00  1.19789e-02
1.62975e+05  1.83950e+00  1.17432e-02
1.62931e+05  1.84000e+00  1.10172e-02
1.62886e+05  1.84050e+00  1.04618e-02
1.62842e+05  1.84100e+00  1.04497e-02
1.62798e+05  1.84150e+00  1.01598e-02
1.62754e+05  1.84200e+00  9.61123e-03
1.62710e+05  1.84250e+00  9.10505e-03
1.62665e+05  1.84300e+00  8.85812e-03
1.62621e+05  1.84350e+00  8.92304e-03
1.62577e+05  1.84400e+00  8.38922e-03
1.62533e+05  1.84450e+00  8.35391e-03
1.62489e+05  1.84500e+00  8.11682e-03
1.62445e+05  1.84550e+00  7.96463e-03
1.62401e+05  1.84600e+00  7.77765e-03
1.62357e+05  1.84650e+00  7.19030e-03
1.62313e+05  1.84700e+00  7.06285e-03
1.62269e+05  1.84750e+00  6.71891e-03
1.62225e+05  1.84800e+00  6.20694e-03
1.62181e+05  1.84850e+00  6.42923e-03
1.62138e+05  1.84900e+00  6.28490e-03
1.62094e+05  1.84950e+00  5.90959e-03
1.62050e+05  1.85000e+00  5.75615e-03
1.62006e+05  1.85050e+00  5.70625e-03
1.61962e+05  1.85100e+00  5.32701e-03
1.61919e+05  1.85150e+00  5.17761e-03
1.61875e+05  1.85200e+00  5.00574e-03
1.61831e+05  1.85250e+00  5.01858e-03
1.61788e+05  1.85300e+00  5.25950e-03
1.61744e+05  1.85350e+00  4.41084e-03
1.61700e+05  1.85400e+00  4.57246e-03
1.61657e+05  1.85450e+00  4.51323e-03
1.61613e+05  1.85500e+00  4.50392e-03
1.61570e+05  1.85550e+00  4.15956e-03
1.61526e+05  1.85600e+00  4.42709e-03
1.61483e+05  1.85650e+00  4.36653e-03
1.61439e+05  1.85700e+00  4.05427e-03
1.61396e+05  1.85750e+00  3.94080e-03
1.61352e+05  1.85800e+00  3.94835e-03
1.61309e+05  1.85850e+00  3.83726e-03
1.61265e+05  1.85900e+00  3.50616e-03
1.61222e+05  1.85950e+00  3.50875e-03
1.61179e+05  1.86000e+00  3.47614e-03
1.61135e+05  1.86050e+00  2.99005e-03
1.61092e+05  1.86100e+00  3.38109e-03
1.61049e+05  1.86150e+00  3.25157e-03
1.61006e+05  1.86200e+00  3.20136e-03
1.60962e+05  1.86250e+00  2.66133e-03
1.60919e+05  1.86300e+00  2.62551e-03
1.60876e+05  1.86350e+00  2.26366e-03
1.60833e+05  1.86400e+00  2.54620e-03
1.60790e+05  1.86450e+00  2.79189e-03
1.60747e+05  1.86500e+00  2.73608e-03
1.60704e+05  1.86550e+00  2.75886e-03
1.60660e+05  1.86600e+00  2.87823e-03
1.60617e+05  1.86650e+00  2.46431e-03
1.60574e+05  1.86700e+00  2.61350e-03
1.60531e+05  1.86750e+00  2.49361e-03
1.60488e+05  1.86800e+00  2.00327e-03
1.60446e+05  1.86850e+00  1.71234e-03
1.60403e+05  1.86900e+00  1.86567e-03
1.60360e+05  1.86950e+00  1.74671e-03
1.60317e+05  1.87000e+00  2.30269e-03
1.60274e+05  1.87050e+00  2.08030e-03
1.60231e+05  1.87100e+00  1.60311e-03
1.60188e+05  1.87150e+00  2.34338e-03
1.60146e+05  1.87200e+00  1.82954e-03
1.60103e+05  1.87250e+00  3.19308e-03
1.60060e+05  1.87300e+00  1.27595e-03
1.60017e+05  1.87350e+00  2.34969e-03
1.59975e+05  1.87400e+00  1.80055e-03
1.59932e+05  1.87450e+00  1.70375e-03
1.59889e+05  1.87500e+00  1.49057e-03
1.59847e+05  1.87550e+00  1.52236e-03
1.59804e+05  1.87600e+00  1.13359e-03
1.59762e+05  1.87650e+00  1.11236e-03
1.59719e+05  1.87700e+00  1.64359e-03
1.59676e+05  1.87750e+00  2.14294e-03
1.59634e+05  1.87800e+00  1.64856e-03
1.59591e+05  1.87850e+00  1.61864e-03
1.59549e+05  1.87900e+00  1.64535e-03
1.59506e+05  1.87950e+00  1.56305e-03
1.59464e+05  1.88000e+00  1.49078e-03
1.59422e+05  1.88050e+00  1.52567e-03
1.59379e+05  1.88100e+00  1.46427e-03
1.59337e+05  1.88150e+00  1.31208e-03
1.59295e+05  1.88200e+00  1.04952e-03
1.59252e+05  1.88250e+00  1.13297e-03
1.59210e+05  1.88300e+00  1.40992e-03
1.59168e+05  1.88350e+00  1.48032e-03
1.59126e+05  1.88400e+00  1.29448e-03
1.59083e+05  1.88450e+00  1.40226e-03
1.59041e+05  1.88500e+00  1.59224e-03
1.58999e+05  1.88550e+00  4.25212e-04
1.58957e+05  1.88600e+00  1.14436e-03
1.58915e+05  1.88650e+00  1.02136e-03
1.58873e+05  1.88700e+00  8.77240e-04
1.58830e+05  1.88750e+00  1.70737e-03
1.58788e+05  1.88800e+00  1.30918e-03
1.58746e+05  1.88850e+00  1.00666e-03
1.58704e+05  1.88900e+00  1.27605e-03
1.58662e+05  1.88950e+00  1.07074e-03
1.58620e+05  1.89000e+00  6.28449e-04
1.58578e+05  1.89050e+00  4.48197e-04
1.58536e+05  1.89100e+00  1.48519e-03
1.58495e+05  1.89150e+00  1.40019e-03
1.58453e+05  1.89200e+00  7.99382e-04
1.58411e+05  1.89250e+00  7.32500e-04
1.58369e+05  1.89300e+00  1.10833e-03
1.58327e+05  1.89350e+00  1.01670e-03
1.58285e+05  1.89400e+00  1.16951e-03
1.58244e+05  1.89450e+00  1.20927e-03
1.58202e+05  1.89500e+00  1.02809e-03
1.58160e+05  1.89550e+00  7.86544e-04
1.58118e+05  1.89600e+00  3.96016e-04
1.58077e+05  1.89650e+00  8.33238e-04
1.58035e+05  1.89700e+00  1.06629e-03
1.57993e+05  1.89750e+00  6.76178e-04
1.57952e+05  1.89800e+00  6.97505e-04
1.57910e+05  1.89850e+00  8.19882e-04
1.57869e+05  1.89900e+00  9.07782e-04
1.57827e+05  1.89950e+00  1.30929e-03
1.57786e+05  1.90000e+00  9.19895e-04
1.57744e+05  1.90050e+00  7.51861e-04
1.57703e+05  1.90100e+00  5.39824e-04
1.57661e+05  1.90150e+00  7.51343e-04
1.57620e+05  1.90200e+00  9.35322e-04
1.57578e+05  1.90250e+00  8.82520e-04
1.57537e+05  1.90300e+00  5.10006e-04
1.57495e+05  1.90350e+00  8.04766e-04
1.57454e+05  1.90400e+00  6.93675e-04
1.57413e+05  1.90450e+00  7.45959e-04
1.57371e+05  1.90500e+00  2.78919e-04
1.57330e+05  1.90550e+00  7.20593e-05
1.57289e+05  1.90600e+00  1.07447e-03
1.57248e+05  1.90650e+00  4.09993e-04
1.57206e+05  1.90700e+00  6.16335e-04
1.57165e+05  1.90750e+00  6.51847e-04
1.57124e+05  1.90800e+00  7.73603e-04
1.57083e+05  1.90850e+00  5.71298e-04
1.57042e+05  1.90900e+00  7.18730e-04
1.57001e+05  1.90950e+00  7.43060e-04
1.56959e+05  1.91000e+00  1.28299e-03
1.56918e+05  1.91050e+00  6.91397e-04
1.56877e+05  1.91100e+00  2.57384e-04
1.56836e+05  1.91150e+00  7.90271e-04
1.56795e+05  1.91200e+00  3.96948e-04
1.56754e+05  1.91250e+00  2.01890e-04
1.56713e+05  1.91300e+00  5.08557e-04
1.56672e+05  1.91350e+00  7.07238e-04
1.56631e+05  1.91400e+00  3.65266e-04
1.56590e+05  1.91450e+00  5.89934e-04
1.56550e+05  1.91500e+00  7.08066e-04
