      75.0000        3997.23        0.00000
      76.0000        3944.64        0.00000
      77.0000        3893.41        0.00000
      78.0000        3843.49        0.00000
      79.0000        3794.84        0.00000
      80.0000        3747.41        0.00000
      81.0000        3701.14        0.00000
      82.0000        3656.01        0.00000
      83.0000        3611.96        0.00000
      84.0000        3568.96        0.00000
      85.0000        3526.97        0.00000
      86.0000        3485.96        0.00000
      87.0000        3445.89        0.00000
      88.0000        3406.73        0.00000
      89.0000        3368.45        0.00000
      90.0000        3331.03        0.00000
      91.0000        3294.42        0.00000
      92.0000        3258.61        0.00000
      93.0000        3223.57        0.00000
      94.0000        3189.28        0.00000
      95.0000        3155.71        0.00000
      96.0000        3122.84        0.00000
      97.0000        3090.64        0.00000
      98.0000        3059.11        0.00000
      99.0000        3028.21        0.00000
      100.000        2997.92        0.00000
      101.000        2968.24        0.00000
      102.000        2939.14        0.00000
      103.000        2910.61        0.00000
      104.000        2882.62        0.00000
      105.000        2855.17        0.00000
      106.000        2828.23        0.00000
      107.000        2801.80        0.00000
      108.000        2775.86        0.00000
      109.000        2750.39        0.00000
      110.000        2725.39        0.00000
      111.000        2700.83        0.00000
      112.000        2676.72        0.00000
      113.000        2653.03        0.00000
      114.000        2629.76        0.00000
      115.000        2606.89        0.00000
      116.000        2584.42        0.00000
      117.000        2562.33        0.00000
      118.000        2540.61        0.00000
      119.000        2519.26        0.00000
      120.000        2498.27        0.00000
      121.000        2477.62        0.00000
      122.000        2457.32        0.00000
      123.000        2437.34        0.00000
      124.000        2417.68        0.00000
      125.000        2398.34        1.00000
      126.000        2379.31        1.00000
      127.000        2360.57        1.00000
      128.000        2342.13        1.00000
      129.000        2323.97        1.00000
      130.000        2306.10        1.00000
      131.000        2288.49        1.00000
      132.000        2271.15        1.00000
      133.000        2254.08        1.00000
      134.000        2237.26        1.00000
      135.000        2220.68        1.00000
      136.000        2204.36        1.00000
      137.000        2188.27        1.00000
      138.000        2172.41        1.00000
      139.000        2156.78        1.00000
      140.000        2141.37        1.00000
      141.000        2126.19        1.00000
      142.000        2111.21        1.00000
      143.000        2096.45        1.00000
      144.000        2081.89        1.00000
      145.000        2067.53        1.00000
      146.000        2053.37        1.00000
      147.000        2039.40        1.00000
      148.000        2025.62        1.00000
      149.000        2012.03        1.00000
      150.000        1998.62        1.00000
      151.000        1985.38        1.00000
      152.000        1972.32        1.00000
      153.000        1959.43        1.00000
      154.000        1946.70        1.00000
      155.000        1934.14        1.00000
      156.000        1921.75        1.00000
      157.000        1909.51        1.00000
      158.000        1897.42        1.00000
      159.000        1885.49        1.00000
      160.000        1873.70        1.00000
      161.000        1862.06        1.00000
      162.000        1850.57        1.00000
      163.000        1839.22        1.00000
      164.000        1828.00        1.00000
      165.000        1816.92        1.00000
      166.000        1805.98        1.00000
      167.000        1795.16        1.00000
      168.000        1784.48        1.00000
      169.000        1773.92        1.00000
      170.000        1763.48        1.00000
      171.000        1753.17        1.00000
      172.000        1742.98        1.00000
      173.000        1732.90        1.00000
      174.000        1722.95        1.00000
      175.000        1713.10        1.00000
      176.000        1703.37        0.00000
      177.000        1693.74        0.00000
      178.000        1684.23        0.00000
      179.000        1674.82        0.00000
      180.000        1665.51        0.00000
      181.000        1656.31        0.00000
      182.000        1647.21        0.00000
      183.000        1638.21        0.00000
      184.000        1629.31        0.00000
      185.000        1620.50        0.00000
      186.000        1611.79        0.00000
      187.000        1603.17        0.00000
      188.000        1594.64        0.00000
      189.000        1586.20        0.00000
      190.000        1577.85        0.00000
      191.000        1569.59        0.00000
      192.000        1561.42        0.00000
      193.000        1553.33        0.00000
      194.000        1545.32        0.00000
      195.000        1537.40        0.00000
      196.000        1529.55        0.00000
      197.000        1521.79        0.00000
      198.000        1514.10        0.00000
      199.000        1506.49        0.00000
      200.000        1498.96        0.00000
      201.000        1491.50        0.00000
      202.000        1484.12        0.00000
      203.000        1476.81        0.00000
      204.000        1469.57        0.00000
      205.000        1462.40        0.00000
      206.000        1455.30        0.00000
      207.000        1448.27        0.00000
      208.000        1441.31        0.00000
      209.000        1434.41        0.00000
      210.000        1427.58        0.00000
      211.000        1420.82        0.00000
      212.000        1414.12        0.00000
      213.000        1407.48        0.00000
      214.000        1400.90        0.00000
      215.000        1394.38        0.00000
      216.000        1387.93        0.00000
      217.000        1381.53        0.00000
      218.000        1375.19        0.00000
      219.000        1368.92        0.00000
      220.000        1362.69        0.00000
      221.000        1356.53        0.00000
      222.000        1350.42        0.00000
      223.000        1344.36        0.00000
      224.000        1338.36        0.00000
