      185.000        1620.50        0.00000
      186.000        1611.79        0.00000
      187.000        1603.17        0.00000
      188.000        1594.64        0.00000
      189.000        1586.20        0.00000
      190.000        1577.85        0.00000
      191.000        1569.59        0.00000
      192.000        1561.42        0.00000
      193.000        1553.33        0.00000
      194.000        1545.32        0.00000
      195.000        1537.40        0.00000
      196.000        1529.55        0.00000
      197.000        1521.79        0.00000
      198.000        1514.10        0.00000
      199.000        1506.49        0.00000
      200.000        1498.96        0.00000
      201.000        1491.50        0.00000
      202.000        1484.12        0.00000
      203.000        1476.81        0.00000
      204.000        1469.57        0.00000
      205.000        1462.40        0.00000
      206.000        1455.30        0.00000
      207.000        1448.27        0.00000
      208.000        1441.31        0.00000
      209.000        1434.41        0.00000
      210.000        1427.58        0.00000
      211.000        1420.82        0.00000
      212.000        1414.12        0.00000
      213.000        1407.48        0.00000
      214.000        1400.90        0.00000
      215.000        1394.38        0.00000
      216.000        1387.93        0.00000
      217.000        1381.53        0.00000
      218.000        1375.19        0.00000
      219.000        1368.92        0.00000
      220.000        1362.69        0.00000
      221.000        1356.53        0.00000
      222.000        1350.42        0.00000
      223.000        1344.36        0.00000
      224.000        1338.36        0.00000
      225.000        1332.41        0.00000
      226.000        1326.52        0.00000
      227.000        1320.67        0.00000
      228.000        1314.88        0.00000
      229.000        1309.14        0.00000
      230.000        1303.45        0.00000
      231.000        1297.80        0.00000
      232.000        1292.21        0.00000
      233.000        1286.66        0.00000
      234.000        1281.16        0.00000
      235.000        1275.71        1.00000
      236.000        1270.31        1.00000
      237.000        1264.95        1.00000
      238.000        1259.63        1.00000
      239.000        1254.36        1.00000
      240.000        1249.14        1.00000
      241.000        1243.95        1.00000
      242.000        1238.81        1.00000
      243.000        1233.71        1.00000
      244.000        1228.66        1.00000
      245.000        1223.64        1.00000
      246.000        1218.67        1.00000
      247.000        1213.73        1.00000
      248.000        1208.84        1.00000
      249.000        1203.99        1.00000
      250.000        1199.17        1.00000
      251.000        1194.39        1.00000
      252.000        1189.65        1.00000
      253.000        1184.95        1.00000
      254.000        1180.29        1.00000
      255.000        1175.66        1.00000
      256.000        1171.06        1.00000
      257.000        1166.51        1.00000
      258.000        1161.99        1.00000
      259.000        1157.50        1.00000
      260.000        1153.05        1.00000
      261.000        1148.63        1.00000
      262.000        1144.25        1.00000
      263.000        1139.90        1.00000
      264.000        1135.58        1.00000
      265.000        1131.29        1.00000
      266.000        1127.04        1.00000
      267.000        1122.82        1.00000
      268.000        1118.63        1.00000
      269.000        1114.47        1.00000
      270.000        1110.34        1.00000
      271.000        1106.25        1.00000
      272.000        1102.18        1.00000
      273.000        1098.14        1.00000
      274.000        1094.13        1.00000
      275.000        1090.15        1.00000
      276.000        1086.20        1.00000
      277.000        1082.28        1.00000
      278.000        1078.39        1.00000
      279.000        1074.52        1.00000
      280.000        1070.69        1.00000
      281.000        1066.88        1.00000
      282.000        1063.09        1.00000
      283.000        1059.34        1.00000
      284.000        1055.61        1.00000
      285.000        1051.90        1.00000
      286.000        1048.23        0.00000
      287.000        1044.57        0.00000
      288.000        1040.95        0.00000
      289.000        1037.34        0.00000
      290.000        1033.77        0.00000
      291.000        1030.21        0.00000
      292.000        1026.69        0.00000
      293.000        1023.18        0.00000
      294.000        1019.70        0.00000
      295.000        1016.25        0.00000
      296.000        1012.81        0.00000
      297.000        1009.40        0.00000
      298.000        1006.02        0.00000
      299.000        1002.65        0.00000
      300.000        999.308        0.00000
      301.000        995.988        0.00000
      302.000        992.690        0.00000
      303.000        989.414        0.00000
      304.000        986.159        0.00000
      305.000        982.926        0.00000
      306.000        979.714        0.00000
      307.000        976.523        0.00000
      308.000        973.352        0.00000
      309.000        970.202        0.00000
      310.000        967.072        0.00000
      311.000        963.963        0.00000
      312.000        960.873        0.00000
      313.000        957.803        0.00000
      314.000        954.753        0.00000
      315.000        951.722        0.00000
      316.000        948.710        0.00000
      317.000        945.718        0.00000
      318.000        942.744        0.00000
      319.000        939.788        0.00000
      320.000        936.851        0.00000
      321.000        933.933        0.00000
      322.000        931.032        0.00000
      323.000        928.150        0.00000
      324.000        925.285        0.00000
      325.000        922.438        0.00000
      326.000        919.609        0.00000
      327.000        916.797        0.00000
      328.000        914.001        0.00000
      329.000        911.223        0.00000
      330.000        908.462        0.00000
      331.000        905.717        0.00000
      332.000        902.989        0.00000
      333.000        900.278        0.00000
      334.000        897.582        0.00000
