PDBI_149.2GHz
frq          wvl          transmission
[GHz]        [micron]                 
1.45200e+02  2.06469e+03  0.00000e+00
1.45210e+02  2.06454e+03  0.00000e+00
1.45220e+02  2.06440e+03  0.00000e+00
1.45230e+02  2.06426e+03  0.00000e+00
1.45240e+02  2.06412e+03  0.00000e+00
1.45250e+02  2.06398e+03  0.00000e+00
1.45260e+02  2.06383e+03  0.00000e+00
1.45270e+02  2.06369e+03  0.00000e+00
1.45280e+02  2.06355e+03  0.00000e+00
1.45290e+02  2.06341e+03  0.00000e+00
1.45300e+02  2.06327e+03  0.00000e+00
1.45310e+02  2.06312e+03  0.00000e+00
1.45320e+02  2.06298e+03  0.00000e+00
1.45330e+02  2.06284e+03  0.00000e+00
1.45340e+02  2.06270e+03  0.00000e+00
1.45350e+02  2.06256e+03  0.00000e+00
1.45360e+02  2.06241e+03  0.00000e+00
1.45370e+02  2.06227e+03  0.00000e+00
1.45380e+02  2.06213e+03  0.00000e+00
1.45390e+02  2.06199e+03  0.00000e+00
1.45400e+02  2.06185e+03  0.00000e+00
1.45410e+02  2.06170e+03  0.00000e+00
1.45420e+02  2.06156e+03  0.00000e+00
1.45430e+02  2.06142e+03  0.00000e+00
1.45440e+02  2.06128e+03  0.00000e+00
1.45450e+02  2.06114e+03  0.00000e+00
1.45460e+02  2.06100e+03  0.00000e+00
1.45470e+02  2.06085e+03  0.00000e+00
1.45480e+02  2.06071e+03  0.00000e+00
1.45490e+02  2.06057e+03  0.00000e+00
1.45500e+02  2.06043e+03  0.00000e+00
1.45510e+02  2.06029e+03  0.00000e+00
1.45520e+02  2.06015e+03  0.00000e+00
1.45530e+02  2.06000e+03  0.00000e+00
1.45540e+02  2.05986e+03  0.00000e+00
1.45550e+02  2.05972e+03  0.00000e+00
1.45560e+02  2.05958e+03  0.00000e+00
1.45570e+02  2.05944e+03  0.00000e+00
1.45580e+02  2.05930e+03  0.00000e+00
1.45590e+02  2.05916e+03  0.00000e+00
1.45600e+02  2.05901e+03  0.00000e+00
1.45610e+02  2.05887e+03  0.00000e+00
1.45620e+02  2.05873e+03  0.00000e+00
1.45630e+02  2.05859e+03  0.00000e+00
1.45640e+02  2.05845e+03  0.00000e+00
1.45650e+02  2.05831e+03  0.00000e+00
1.45660e+02  2.05817e+03  0.00000e+00
1.45670e+02  2.05802e+03  0.00000e+00
1.45680e+02  2.05788e+03  0.00000e+00
1.45690e+02  2.05774e+03  0.00000e+00
1.45700e+02  2.05760e+03  0.00000e+00
1.45710e+02  2.05746e+03  0.00000e+00
1.45720e+02  2.05732e+03  0.00000e+00
1.45730e+02  2.05718e+03  0.00000e+00
1.45740e+02  2.05704e+03  0.00000e+00
1.45750e+02  2.05690e+03  0.00000e+00
1.45760e+02  2.05675e+03  0.00000e+00
1.45770e+02  2.05661e+03  0.00000e+00
1.45780e+02  2.05647e+03  0.00000e+00
1.45790e+02  2.05633e+03  0.00000e+00
1.45800e+02  2.05619e+03  0.00000e+00
1.45810e+02  2.05605e+03  0.00000e+00
1.45820e+02  2.05591e+03  0.00000e+00
1.45830e+02  2.05577e+03  0.00000e+00
1.45840e+02  2.05563e+03  0.00000e+00
1.45850e+02  2.05548e+03  0.00000e+00
1.45860e+02  2.05534e+03  0.00000e+00
1.45870e+02  2.05520e+03  0.00000e+00
1.45880e+02  2.05506e+03  0.00000e+00
1.45890e+02  2.05492e+03  0.00000e+00
1.45900e+02  2.05478e+03  0.00000e+00
1.45910e+02  2.05464e+03  0.00000e+00
1.45920e+02  2.05450e+03  0.00000e+00
1.45930e+02  2.05436e+03  0.00000e+00
1.45940e+02  2.05422e+03  0.00000e+00
1.45950e+02  2.05408e+03  0.00000e+00
1.45960e+02  2.05394e+03  0.00000e+00
1.45970e+02  2.05380e+03  0.00000e+00
1.45980e+02  2.05365e+03  0.00000e+00
1.45990e+02  2.05351e+03  0.00000e+00
1.46000e+02  2.05337e+03  0.00000e+00
1.46010e+02  2.05323e+03  0.00000e+00
1.46020e+02  2.05309e+03  0.00000e+00
1.46030e+02  2.05295e+03  0.00000e+00
1.46040e+02  2.05281e+03  0.00000e+00
1.46050e+02  2.05267e+03  0.00000e+00
1.46060e+02  2.05253e+03  0.00000e+00
1.46070e+02  2.05239e+03  0.00000e+00
1.46080e+02  2.05225e+03  0.00000e+00
1.46090e+02  2.05211e+03  0.00000e+00
1.46100e+02  2.05197e+03  0.00000e+00
1.46110e+02  2.05183e+03  0.00000e+00
1.46120e+02  2.05169e+03  0.00000e+00
1.46130e+02  2.05155e+03  0.00000e+00
1.46140e+02  2.05141e+03  0.00000e+00
1.46150e+02  2.05127e+03  0.00000e+00
1.46160e+02  2.05113e+03  0.00000e+00
1.46170e+02  2.05098e+03  0.00000e+00
1.46180e+02  2.05084e+03  0.00000e+00
1.46190e+02  2.05070e+03  0.00000e+00
1.46200e+02  2.05056e+03  0.00000e+00
1.46210e+02  2.05042e+03  0.00000e+00
1.46220e+02  2.05028e+03  0.00000e+00
1.46230e+02  2.05014e+03  0.00000e+00
1.46240e+02  2.05000e+03  0.00000e+00
1.46250e+02  2.04986e+03  0.00000e+00
1.46260e+02  2.04972e+03  0.00000e+00
1.46270e+02  2.04958e+03  0.00000e+00
1.46280e+02  2.04944e+03  0.00000e+00
1.46290e+02  2.04930e+03  0.00000e+00
1.46300e+02  2.04916e+03  0.00000e+00
1.46310e+02  2.04902e+03  0.00000e+00
1.46320e+02  2.04888e+03  0.00000e+00
1.46330e+02  2.04874e+03  0.00000e+00
1.46340e+02  2.04860e+03  0.00000e+00
1.46350e+02  2.04846e+03  0.00000e+00
1.46360e+02  2.04832e+03  0.00000e+00
1.46370e+02  2.04818e+03  0.00000e+00
1.46380e+02  2.04804e+03  0.00000e+00
1.46390e+02  2.04790e+03  0.00000e+00
1.46400e+02  2.04776e+03  0.00000e+00
1.46410e+02  2.04762e+03  0.00000e+00
1.46420e+02  2.04748e+03  0.00000e+00
1.46430e+02  2.04734e+03  0.00000e+00
1.46440e+02  2.04720e+03  0.00000e+00
1.46450e+02  2.04706e+03  0.00000e+00
1.46460e+02  2.04692e+03  0.00000e+00
1.46470e+02  2.04678e+03  0.00000e+00
1.46480e+02  2.04664e+03  0.00000e+00
1.46490e+02  2.04650e+03  0.00000e+00
1.46500e+02  2.04636e+03  0.00000e+00
1.46510e+02  2.04623e+03  0.00000e+00
1.46520e+02  2.04609e+03  0.00000e+00
1.46530e+02  2.04595e+03  0.00000e+00
1.46540e+02  2.04581e+03  0.00000e+00
1.46550e+02  2.04567e+03  0.00000e+00
1.46560e+02  2.04553e+03  0.00000e+00
1.46570e+02  2.04539e+03  0.00000e+00
1.46580e+02  2.04525e+03  0.00000e+00
1.46590e+02  2.04511e+03  0.00000e+00
1.46600e+02  2.04497e+03  0.00000e+00
1.46610e+02  2.04483e+03  0.00000e+00
1.46620e+02  2.04469e+03  0.00000e+00
1.46630e+02  2.04455e+03  0.00000e+00
1.46640e+02  2.04441e+03  0.00000e+00
1.46650e+02  2.04427e+03  0.00000e+00
1.46660e+02  2.04413e+03  0.00000e+00
1.46670e+02  2.04399e+03  0.00000e+00
1.46680e+02  2.04385e+03  0.00000e+00
1.46690e+02  2.04371e+03  0.00000e+00
1.46700e+02  2.04358e+03  0.00000e+00
1.46710e+02  2.04344e+03  0.00000e+00
1.46720e+02  2.04330e+03  0.00000e+00
1.46730e+02  2.04316e+03  0.00000e+00
1.46740e+02  2.04302e+03  0.00000e+00
1.46750e+02  2.04288e+03  0.00000e+00
1.46760e+02  2.04274e+03  0.00000e+00
1.46770e+02  2.04260e+03  0.00000e+00
1.46780e+02  2.04246e+03  0.00000e+00
1.46790e+02  2.04232e+03  0.00000e+00
1.46800e+02  2.04218e+03  0.00000e+00
1.46810e+02  2.04204e+03  0.00000e+00
1.46820e+02  2.04190e+03  0.00000e+00
1.46830e+02  2.04177e+03  0.00000e+00
1.46840e+02  2.04163e+03  0.00000e+00
1.46850e+02  2.04149e+03  0.00000e+00
1.46860e+02  2.04135e+03  0.00000e+00
1.46870e+02  2.04121e+03  0.00000e+00
1.46880e+02  2.04107e+03  0.00000e+00
1.46890e+02  2.04093e+03  0.00000e+00
1.46900e+02  2.04079e+03  0.00000e+00
1.46910e+02  2.04065e+03  0.00000e+00
1.46920e+02  2.04051e+03  0.00000e+00
1.46930e+02  2.04038e+03  0.00000e+00
1.46940e+02  2.04024e+03  0.00000e+00
1.46950e+02  2.04010e+03  0.00000e+00
1.46960e+02  2.03996e+03  0.00000e+00
1.46970e+02  2.03982e+03  0.00000e+00
1.46980e+02  2.03968e+03  0.00000e+00
1.46990e+02  2.03954e+03  0.00000e+00
1.47000e+02  2.03940e+03  0.00000e+00
1.47010e+02  2.03927e+03  0.00000e+00
1.47020e+02  2.03913e+03  0.00000e+00
1.47030e+02  2.03899e+03  0.00000e+00
1.47040e+02  2.03885e+03  0.00000e+00
1.47050e+02  2.03871e+03  0.00000e+00
1.47060e+02  2.03857e+03  0.00000e+00
1.47070e+02  2.03843e+03  0.00000e+00
1.47080e+02  2.03830e+03  0.00000e+00
1.47090e+02  2.03816e+03  0.00000e+00
1.47100e+02  2.03802e+03  0.00000e+00
1.47110e+02  2.03788e+03  0.00000e+00
1.47120e+02  2.03774e+03  0.00000e+00
1.47130e+02  2.03760e+03  0.00000e+00
1.47140e+02  2.03746e+03  0.00000e+00
1.47150e+02  2.03733e+03  0.00000e+00
1.47160e+02  2.03719e+03  0.00000e+00
1.47170e+02  2.03705e+03  0.00000e+00
1.47180e+02  2.03691e+03  0.00000e+00
1.47190e+02  2.03677e+03  0.00000e+00
1.47200e+02  2.03663e+03  0.00000e+00
1.47210e+02  2.03650e+03  1.00000e+00
1.47220e+02  2.03636e+03  1.00000e+00
1.47230e+02  2.03622e+03  1.00000e+00
1.47240e+02  2.03608e+03  1.00000e+00
1.47250e+02  2.03594e+03  1.00000e+00
1.47260e+02  2.03580e+03  1.00000e+00
1.47270e+02  2.03567e+03  1.00000e+00
1.47280e+02  2.03553e+03  1.00000e+00
1.47290e+02  2.03539e+03  1.00000e+00
1.47300e+02  2.03525e+03  1.00000e+00
1.47310e+02  2.03511e+03  1.00000e+00
1.47320e+02  2.03497e+03  1.00000e+00
1.47330e+02  2.03484e+03  1.00000e+00
1.47340e+02  2.03470e+03  1.00000e+00
1.47350e+02  2.03456e+03  1.00000e+00
1.47360e+02  2.03442e+03  1.00000e+00
1.47370e+02  2.03428e+03  1.00000e+00
1.47380e+02  2.03415e+03  1.00000e+00
1.47390e+02  2.03401e+03  1.00000e+00
1.47400e+02  2.03387e+03  1.00000e+00
1.47410e+02  2.03373e+03  1.00000e+00
1.47420e+02  2.03359e+03  1.00000e+00
1.47430e+02  2.03346e+03  1.00000e+00
1.47440e+02  2.03332e+03  1.00000e+00
1.47450e+02  2.03318e+03  1.00000e+00
1.47460e+02  2.03304e+03  1.00000e+00
1.47470e+02  2.03290e+03  1.00000e+00
1.47480e+02  2.03277e+03  1.00000e+00
1.47490e+02  2.03263e+03  1.00000e+00
1.47500e+02  2.03249e+03  1.00000e+00
1.47510e+02  2.03235e+03  1.00000e+00
1.47520e+02  2.03222e+03  1.00000e+00
1.47530e+02  2.03208e+03  1.00000e+00
1.47540e+02  2.03194e+03  1.00000e+00
1.47550e+02  2.03180e+03  1.00000e+00
1.47560e+02  2.03166e+03  1.00000e+00
1.47570e+02  2.03153e+03  1.00000e+00
1.47580e+02  2.03139e+03  1.00000e+00
1.47590e+02  2.03125e+03  1.00000e+00
1.47600e+02  2.03111e+03  1.00000e+00
1.47610e+02  2.03098e+03  1.00000e+00
1.47620e+02  2.03084e+03  1.00000e+00
1.47630e+02  2.03070e+03  1.00000e+00
1.47640e+02  2.03056e+03  1.00000e+00
1.47650e+02  2.03043e+03  1.00000e+00
1.47660e+02  2.03029e+03  1.00000e+00
1.47670e+02  2.03015e+03  1.00000e+00
1.47680e+02  2.03001e+03  1.00000e+00
1.47690e+02  2.02988e+03  1.00000e+00
1.47700e+02  2.02974e+03  1.00000e+00
1.47710e+02  2.02960e+03  1.00000e+00
1.47720e+02  2.02946e+03  1.00000e+00
1.47730e+02  2.02933e+03  1.00000e+00
1.47740e+02  2.02919e+03  1.00000e+00
1.47750e+02  2.02905e+03  1.00000e+00
1.47760e+02  2.02891e+03  1.00000e+00
1.47770e+02  2.02878e+03  1.00000e+00
1.47780e+02  2.02864e+03  1.00000e+00
1.47790e+02  2.02850e+03  1.00000e+00
1.47800e+02  2.02837e+03  1.00000e+00
1.47810e+02  2.02823e+03  1.00000e+00
1.47820e+02  2.02809e+03  1.00000e+00
1.47830e+02  2.02795e+03  1.00000e+00
1.47840e+02  2.02782e+03  1.00000e+00
1.47850e+02  2.02768e+03  1.00000e+00
1.47860e+02  2.02754e+03  1.00000e+00
1.47870e+02  2.02741e+03  1.00000e+00
1.47880e+02  2.02727e+03  1.00000e+00
1.47890e+02  2.02713e+03  1.00000e+00
1.47900e+02  2.02699e+03  1.00000e+00
1.47910e+02  2.02686e+03  1.00000e+00
1.47920e+02  2.02672e+03  1.00000e+00
1.47930e+02  2.02658e+03  1.00000e+00
1.47940e+02  2.02645e+03  1.00000e+00
1.47950e+02  2.02631e+03  1.00000e+00
1.47960e+02  2.02617e+03  1.00000e+00
1.47970e+02  2.02604e+03  1.00000e+00
1.47980e+02  2.02590e+03  1.00000e+00
1.47990e+02  2.02576e+03  1.00000e+00
1.48000e+02  2.02562e+03  1.00000e+00
1.48010e+02  2.02549e+03  1.00000e+00
1.48020e+02  2.02535e+03  1.00000e+00
1.48030e+02  2.02521e+03  1.00000e+00
1.48040e+02  2.02508e+03  1.00000e+00
1.48050e+02  2.02494e+03  1.00000e+00
1.48060e+02  2.02480e+03  1.00000e+00
1.48070e+02  2.02467e+03  1.00000e+00
1.48080e+02  2.02453e+03  1.00000e+00
1.48090e+02  2.02439e+03  1.00000e+00
1.48100e+02  2.02426e+03  1.00000e+00
1.48110e+02  2.02412e+03  1.00000e+00
1.48120e+02  2.02398e+03  1.00000e+00
1.48130e+02  2.02385e+03  1.00000e+00
1.48140e+02  2.02371e+03  1.00000e+00
1.48150e+02  2.02357e+03  1.00000e+00
1.48160e+02  2.02344e+03  1.00000e+00
1.48170e+02  2.02330e+03  1.00000e+00
1.48180e+02  2.02316e+03  1.00000e+00
1.48190e+02  2.02303e+03  1.00000e+00
1.48200e+02  2.02289e+03  1.00000e+00
1.48210e+02  2.02275e+03  1.00000e+00
1.48220e+02  2.02262e+03  1.00000e+00
1.48230e+02  2.02248e+03  1.00000e+00
1.48240e+02  2.02235e+03  1.00000e+00
1.48250e+02  2.02221e+03  1.00000e+00
1.48260e+02  2.02207e+03  1.00000e+00
1.48270e+02  2.02194e+03  1.00000e+00
1.48280e+02  2.02180e+03  1.00000e+00
1.48290e+02  2.02166e+03  1.00000e+00
1.48300e+02  2.02153e+03  1.00000e+00
1.48310e+02  2.02139e+03  1.00000e+00
1.48320e+02  2.02125e+03  1.00000e+00
1.48330e+02  2.02112e+03  1.00000e+00
1.48340e+02  2.02098e+03  1.00000e+00
1.48350e+02  2.02085e+03  1.00000e+00
1.48360e+02  2.02071e+03  1.00000e+00
1.48370e+02  2.02057e+03  1.00000e+00
1.48380e+02  2.02044e+03  1.00000e+00
1.48390e+02  2.02030e+03  1.00000e+00
1.48400e+02  2.02016e+03  1.00000e+00
1.48410e+02  2.02003e+03  1.00000e+00
1.48420e+02  2.01989e+03  1.00000e+00
1.48430e+02  2.01976e+03  1.00000e+00
1.48440e+02  2.01962e+03  1.00000e+00
1.48450e+02  2.01948e+03  1.00000e+00
1.48460e+02  2.01935e+03  1.00000e+00
1.48470e+02  2.01921e+03  1.00000e+00
1.48480e+02  2.01908e+03  1.00000e+00
1.48490e+02  2.01894e+03  1.00000e+00
1.48500e+02  2.01880e+03  1.00000e+00
1.48510e+02  2.01867e+03  1.00000e+00
1.48520e+02  2.01853e+03  1.00000e+00
1.48530e+02  2.01840e+03  1.00000e+00
1.48540e+02  2.01826e+03  1.00000e+00
1.48550e+02  2.01812e+03  1.00000e+00
1.48560e+02  2.01799e+03  1.00000e+00
1.48570e+02  2.01785e+03  1.00000e+00
1.48580e+02  2.01772e+03  1.00000e+00
1.48590e+02  2.01758e+03  1.00000e+00
1.48600e+02  2.01745e+03  1.00000e+00
1.48610e+02  2.01731e+03  1.00000e+00
1.48620e+02  2.01717e+03  1.00000e+00
1.48630e+02  2.01704e+03  1.00000e+00
1.48640e+02  2.01690e+03  1.00000e+00
1.48650e+02  2.01677e+03  1.00000e+00
1.48660e+02  2.01663e+03  1.00000e+00
1.48670e+02  2.01650e+03  1.00000e+00
1.48680e+02  2.01636e+03  1.00000e+00
1.48690e+02  2.01622e+03  1.00000e+00
1.48700e+02  2.01609e+03  1.00000e+00
1.48710e+02  2.01595e+03  1.00000e+00
1.48720e+02  2.01582e+03  1.00000e+00
1.48730e+02  2.01568e+03  1.00000e+00
1.48740e+02  2.01555e+03  1.00000e+00
1.48750e+02  2.01541e+03  1.00000e+00
1.48760e+02  2.01528e+03  1.00000e+00
1.48770e+02  2.01514e+03  1.00000e+00
1.48780e+02  2.01501e+03  1.00000e+00
1.48790e+02  2.01487e+03  1.00000e+00
1.48800e+02  2.01473e+03  1.00000e+00
1.48810e+02  2.01460e+03  1.00000e+00
1.48820e+02  2.01446e+03  1.00000e+00
1.48830e+02  2.01433e+03  1.00000e+00
1.48840e+02  2.01419e+03  1.00000e+00
1.48850e+02  2.01406e+03  1.00000e+00
1.48860e+02  2.01392e+03  1.00000e+00
1.48870e+02  2.01379e+03  1.00000e+00
1.48880e+02  2.01365e+03  1.00000e+00
1.48890e+02  2.01352e+03  1.00000e+00
1.48900e+02  2.01338e+03  1.00000e+00
1.48910e+02  2.01325e+03  1.00000e+00
1.48920e+02  2.01311e+03  1.00000e+00
1.48930e+02  2.01298e+03  1.00000e+00
1.48940e+02  2.01284e+03  1.00000e+00
1.48950e+02  2.01271e+03  1.00000e+00
1.48960e+02  2.01257e+03  1.00000e+00
1.48970e+02  2.01244e+03  1.00000e+00
1.48980e+02  2.01230e+03  1.00000e+00
1.48990e+02  2.01216e+03  1.00000e+00
1.49000e+02  2.01203e+03  1.00000e+00
1.49010e+02  2.01189e+03  1.00000e+00
1.49020e+02  2.01176e+03  1.00000e+00
1.49030e+02  2.01162e+03  1.00000e+00
1.49040e+02  2.01149e+03  1.00000e+00
1.49050e+02  2.01135e+03  1.00000e+00
1.49060e+02  2.01122e+03  1.00000e+00
1.49070e+02  2.01109e+03  1.00000e+00
1.49080e+02  2.01095e+03  1.00000e+00
1.49090e+02  2.01082e+03  1.00000e+00
1.49100e+02  2.01068e+03  1.00000e+00
1.49110e+02  2.01055e+03  1.00000e+00
1.49120e+02  2.01041e+03  1.00000e+00
1.49130e+02  2.01028e+03  1.00000e+00
1.49140e+02  2.01014e+03  1.00000e+00
1.49150e+02  2.01001e+03  1.00000e+00
1.49160e+02  2.00987e+03  1.00000e+00
1.49170e+02  2.00974e+03  1.00000e+00
1.49180e+02  2.00960e+03  1.00000e+00
1.49190e+02  2.00947e+03  1.00000e+00
1.49200e+02  2.00933e+03  1.00000e+00
1.49210e+02  2.00920e+03  1.00000e+00
1.49220e+02  2.00906e+03  1.00000e+00
1.49230e+02  2.00893e+03  1.00000e+00
1.49240e+02  2.00879e+03  1.00000e+00
1.49250e+02  2.00866e+03  1.00000e+00
1.49260e+02  2.00853e+03  1.00000e+00
1.49270e+02  2.00839e+03  1.00000e+00
1.49280e+02  2.00826e+03  1.00000e+00
1.49290e+02  2.00812e+03  1.00000e+00
1.49300e+02  2.00799e+03  1.00000e+00
1.49310e+02  2.00785e+03  1.00000e+00
1.49320e+02  2.00772e+03  1.00000e+00
1.49330e+02  2.00758e+03  1.00000e+00
1.49340e+02  2.00745e+03  1.00000e+00
1.49350e+02  2.00731e+03  1.00000e+00
1.49360e+02  2.00718e+03  1.00000e+00
1.49370e+02  2.00705e+03  1.00000e+00
1.49380e+02  2.00691e+03  1.00000e+00
1.49390e+02  2.00678e+03  1.00000e+00
1.49400e+02  2.00664e+03  1.00000e+00
1.49410e+02  2.00651e+03  1.00000e+00
1.49420e+02  2.00637e+03  1.00000e+00
1.49430e+02  2.00624e+03  1.00000e+00
1.49440e+02  2.00611e+03  1.00000e+00
1.49450e+02  2.00597e+03  1.00000e+00
1.49460e+02  2.00584e+03  1.00000e+00
1.49470e+02  2.00570e+03  1.00000e+00
1.49480e+02  2.00557e+03  1.00000e+00
1.49490e+02  2.00543e+03  1.00000e+00
1.49500e+02  2.00530e+03  1.00000e+00
1.49510e+02  2.00517e+03  1.00000e+00
1.49520e+02  2.00503e+03  1.00000e+00
1.49530e+02  2.00490e+03  1.00000e+00
1.49540e+02  2.00476e+03  1.00000e+00
1.49550e+02  2.00463e+03  1.00000e+00
1.49560e+02  2.00450e+03  1.00000e+00
1.49570e+02  2.00436e+03  1.00000e+00
1.49580e+02  2.00423e+03  1.00000e+00
1.49590e+02  2.00409e+03  1.00000e+00
1.49600e+02  2.00396e+03  1.00000e+00
1.49610e+02  2.00383e+03  1.00000e+00
1.49620e+02  2.00369e+03  1.00000e+00
1.49630e+02  2.00356e+03  1.00000e+00
1.49640e+02  2.00342e+03  1.00000e+00
1.49650e+02  2.00329e+03  1.00000e+00
1.49660e+02  2.00316e+03  1.00000e+00
1.49670e+02  2.00302e+03  1.00000e+00
1.49680e+02  2.00289e+03  1.00000e+00
1.49690e+02  2.00276e+03  1.00000e+00
1.49700e+02  2.00262e+03  1.00000e+00
1.49710e+02  2.00249e+03  1.00000e+00
1.49720e+02  2.00235e+03  1.00000e+00
1.49730e+02  2.00222e+03  1.00000e+00
1.49740e+02  2.00209e+03  1.00000e+00
1.49750e+02  2.00195e+03  1.00000e+00
1.49760e+02  2.00182e+03  1.00000e+00
1.49770e+02  2.00169e+03  1.00000e+00
1.49780e+02  2.00155e+03  1.00000e+00
1.49790e+02  2.00142e+03  1.00000e+00
1.49800e+02  2.00128e+03  1.00000e+00
1.49810e+02  2.00115e+03  1.00000e+00
1.49820e+02  2.00102e+03  1.00000e+00
1.49830e+02  2.00088e+03  1.00000e+00
1.49840e+02  2.00075e+03  1.00000e+00
1.49850e+02  2.00062e+03  1.00000e+00
1.49860e+02  2.00048e+03  1.00000e+00
1.49870e+02  2.00035e+03  1.00000e+00
1.49880e+02  2.00022e+03  1.00000e+00
1.49890e+02  2.00008e+03  1.00000e+00
1.49900e+02  1.99995e+03  1.00000e+00
1.49910e+02  1.99982e+03  1.00000e+00
1.49920e+02  1.99968e+03  1.00000e+00
1.49930e+02  1.99955e+03  1.00000e+00
1.49940e+02  1.99942e+03  1.00000e+00
1.49950e+02  1.99928e+03  1.00000e+00
1.49960e+02  1.99915e+03  1.00000e+00
1.49970e+02  1.99902e+03  1.00000e+00
1.49980e+02  1.99888e+03  1.00000e+00
1.49990e+02  1.99875e+03  1.00000e+00
1.50000e+02  1.99862e+03  1.00000e+00
1.50010e+02  1.99848e+03  1.00000e+00
1.50020e+02  1.99835e+03  1.00000e+00
1.50030e+02  1.99822e+03  1.00000e+00
1.50040e+02  1.99808e+03  1.00000e+00
1.50050e+02  1.99795e+03  1.00000e+00
1.50060e+02  1.99782e+03  1.00000e+00
1.50070e+02  1.99768e+03  1.00000e+00
1.50080e+02  1.99755e+03  1.00000e+00
1.50090e+02  1.99742e+03  1.00000e+00
1.50100e+02  1.99728e+03  1.00000e+00
1.50110e+02  1.99715e+03  1.00000e+00
1.50120e+02  1.99702e+03  1.00000e+00
1.50130e+02  1.99689e+03  1.00000e+00
1.50140e+02  1.99675e+03  1.00000e+00
1.50150e+02  1.99662e+03  1.00000e+00
1.50160e+02  1.99649e+03  1.00000e+00
1.50170e+02  1.99635e+03  1.00000e+00
1.50180e+02  1.99622e+03  1.00000e+00
1.50190e+02  1.99609e+03  1.00000e+00
1.50200e+02  1.99596e+03  1.00000e+00
1.50210e+02  1.99582e+03  1.00000e+00
1.50220e+02  1.99569e+03  1.00000e+00
1.50230e+02  1.99556e+03  1.00000e+00
1.50240e+02  1.99542e+03  1.00000e+00
1.50250e+02  1.99529e+03  1.00000e+00
1.50260e+02  1.99516e+03  1.00000e+00
1.50270e+02  1.99503e+03  1.00000e+00
1.50280e+02  1.99489e+03  1.00000e+00
1.50290e+02  1.99476e+03  1.00000e+00
1.50300e+02  1.99463e+03  1.00000e+00
1.50310e+02  1.99449e+03  1.00000e+00
1.50320e+02  1.99436e+03  1.00000e+00
1.50330e+02  1.99423e+03  1.00000e+00
1.50340e+02  1.99410e+03  1.00000e+00
1.50350e+02  1.99396e+03  1.00000e+00
1.50360e+02  1.99383e+03  1.00000e+00
1.50370e+02  1.99370e+03  1.00000e+00
1.50380e+02  1.99357e+03  1.00000e+00
1.50390e+02  1.99343e+03  1.00000e+00
1.50400e+02  1.99330e+03  1.00000e+00
1.50410e+02  1.99317e+03  1.00000e+00
1.50420e+02  1.99304e+03  1.00000e+00
1.50430e+02  1.99290e+03  1.00000e+00
1.50440e+02  1.99277e+03  1.00000e+00
1.50450e+02  1.99264e+03  1.00000e+00
1.50460e+02  1.99251e+03  1.00000e+00
1.50470e+02  1.99237e+03  1.00000e+00
1.50480e+02  1.99224e+03  1.00000e+00
1.50490e+02  1.99211e+03  1.00000e+00
1.50500e+02  1.99198e+03  1.00000e+00
1.50510e+02  1.99184e+03  1.00000e+00
1.50520e+02  1.99171e+03  1.00000e+00
1.50530e+02  1.99158e+03  1.00000e+00
1.50540e+02  1.99145e+03  1.00000e+00
1.50550e+02  1.99131e+03  1.00000e+00
1.50560e+02  1.99118e+03  1.00000e+00
1.50570e+02  1.99105e+03  1.00000e+00
1.50580e+02  1.99092e+03  1.00000e+00
1.50590e+02  1.99079e+03  1.00000e+00
1.50600e+02  1.99065e+03  1.00000e+00
1.50610e+02  1.99052e+03  1.00000e+00
1.50620e+02  1.99039e+03  1.00000e+00
1.50630e+02  1.99026e+03  1.00000e+00
1.50640e+02  1.99013e+03  1.00000e+00
1.50650e+02  1.98999e+03  1.00000e+00
1.50660e+02  1.98986e+03  1.00000e+00
1.50670e+02  1.98973e+03  1.00000e+00
1.50680e+02  1.98960e+03  1.00000e+00
1.50690e+02  1.98946e+03  1.00000e+00
1.50700e+02  1.98933e+03  1.00000e+00
1.50710e+02  1.98920e+03  1.00000e+00
1.50720e+02  1.98907e+03  1.00000e+00
1.50730e+02  1.98894e+03  1.00000e+00
1.50740e+02  1.98880e+03  1.00000e+00
1.50750e+02  1.98867e+03  1.00000e+00
1.50760e+02  1.98854e+03  1.00000e+00
1.50770e+02  1.98841e+03  1.00000e+00
1.50780e+02  1.98828e+03  1.00000e+00
1.50790e+02  1.98815e+03  1.00000e+00
1.50800e+02  1.98801e+03  1.00000e+00
1.50810e+02  1.98788e+03  1.00000e+00
1.50820e+02  1.98775e+03  1.00000e+00
1.50830e+02  1.98762e+03  1.00000e+00
1.50840e+02  1.98749e+03  1.00000e+00
1.50850e+02  1.98735e+03  1.00000e+00
1.50860e+02  1.98722e+03  1.00000e+00
1.50870e+02  1.98709e+03  1.00000e+00
1.50880e+02  1.98696e+03  1.00000e+00
1.50890e+02  1.98683e+03  1.00000e+00
1.50900e+02  1.98670e+03  1.00000e+00
1.50910e+02  1.98656e+03  1.00000e+00
1.50920e+02  1.98643e+03  1.00000e+00
1.50930e+02  1.98630e+03  1.00000e+00
1.50940e+02  1.98617e+03  1.00000e+00
1.50950e+02  1.98604e+03  1.00000e+00
1.50960e+02  1.98591e+03  1.00000e+00
1.50970e+02  1.98578e+03  1.00000e+00
1.50980e+02  1.98564e+03  1.00000e+00
1.50990e+02  1.98551e+03  1.00000e+00
1.51000e+02  1.98538e+03  1.00000e+00
1.51010e+02  1.98525e+03  1.00000e+00
1.51020e+02  1.98512e+03  1.00000e+00
1.51030e+02  1.98499e+03  1.00000e+00
1.51040e+02  1.98485e+03  1.00000e+00
1.51050e+02  1.98472e+03  1.00000e+00
1.51060e+02  1.98459e+03  1.00000e+00
1.51070e+02  1.98446e+03  1.00000e+00
1.51080e+02  1.98433e+03  1.00000e+00
1.51090e+02  1.98420e+03  1.00000e+00
1.51100e+02  1.98407e+03  1.00000e+00
1.51110e+02  1.98394e+03  1.00000e+00
1.51120e+02  1.98380e+03  1.00000e+00
1.51130e+02  1.98367e+03  1.00000e+00
1.51140e+02  1.98354e+03  1.00000e+00
1.51150e+02  1.98341e+03  1.00000e+00
1.51160e+02  1.98328e+03  1.00000e+00
1.51170e+02  1.98315e+03  1.00000e+00
1.51180e+02  1.98302e+03  1.00000e+00
1.51190e+02  1.98289e+03  1.00000e+00
1.51200e+02  1.98275e+03  1.00000e+00
1.51210e+02  1.98262e+03  0.00000e+00
1.51220e+02  1.98249e+03  0.00000e+00
1.51230e+02  1.98236e+03  0.00000e+00
1.51240e+02  1.98223e+03  0.00000e+00
1.51250e+02  1.98210e+03  0.00000e+00
1.51260e+02  1.98197e+03  0.00000e+00
1.51270e+02  1.98184e+03  0.00000e+00
1.51280e+02  1.98171e+03  0.00000e+00
1.51290e+02  1.98157e+03  0.00000e+00
1.51300e+02  1.98144e+03  0.00000e+00
1.51310e+02  1.98131e+03  0.00000e+00
1.51320e+02  1.98118e+03  0.00000e+00
1.51330e+02  1.98105e+03  0.00000e+00
1.51340e+02  1.98092e+03  0.00000e+00
1.51350e+02  1.98079e+03  0.00000e+00
1.51360e+02  1.98066e+03  0.00000e+00
1.51370e+02  1.98053e+03  0.00000e+00
1.51380e+02  1.98040e+03  0.00000e+00
1.51390e+02  1.98027e+03  0.00000e+00
1.51400e+02  1.98014e+03  0.00000e+00
1.51410e+02  1.98000e+03  0.00000e+00
1.51420e+02  1.97987e+03  0.00000e+00
1.51430e+02  1.97974e+03  0.00000e+00
1.51440e+02  1.97961e+03  0.00000e+00
1.51450e+02  1.97948e+03  0.00000e+00
1.51460e+02  1.97935e+03  0.00000e+00
1.51470e+02  1.97922e+03  0.00000e+00
1.51480e+02  1.97909e+03  0.00000e+00
1.51490e+02  1.97896e+03  0.00000e+00
1.51500e+02  1.97883e+03  0.00000e+00
1.51510e+02  1.97870e+03  0.00000e+00
1.51520e+02  1.97857e+03  0.00000e+00
1.51530e+02  1.97844e+03  0.00000e+00
1.51540e+02  1.97831e+03  0.00000e+00
1.51550e+02  1.97818e+03  0.00000e+00
1.51560e+02  1.97804e+03  0.00000e+00
1.51570e+02  1.97791e+03  0.00000e+00
1.51580e+02  1.97778e+03  0.00000e+00
1.51590e+02  1.97765e+03  0.00000e+00
1.51600e+02  1.97752e+03  0.00000e+00
1.51610e+02  1.97739e+03  0.00000e+00
1.51620e+02  1.97726e+03  0.00000e+00
1.51630e+02  1.97713e+03  0.00000e+00
1.51640e+02  1.97700e+03  0.00000e+00
1.51650e+02  1.97687e+03  0.00000e+00
1.51660e+02  1.97674e+03  0.00000e+00
1.51670e+02  1.97661e+03  0.00000e+00
1.51680e+02  1.97648e+03  0.00000e+00
1.51690e+02  1.97635e+03  0.00000e+00
1.51700e+02  1.97622e+03  0.00000e+00
1.51710e+02  1.97609e+03  0.00000e+00
1.51720e+02  1.97596e+03  0.00000e+00
1.51730e+02  1.97583e+03  0.00000e+00
1.51740e+02  1.97570e+03  0.00000e+00
1.51750e+02  1.97557e+03  0.00000e+00
1.51760e+02  1.97544e+03  0.00000e+00
1.51770e+02  1.97531e+03  0.00000e+00
1.51780e+02  1.97518e+03  0.00000e+00
1.51790e+02  1.97505e+03  0.00000e+00
1.51800e+02  1.97492e+03  0.00000e+00
1.51810e+02  1.97479e+03  0.00000e+00
1.51820e+02  1.97466e+03  0.00000e+00
1.51830e+02  1.97453e+03  0.00000e+00
1.51840e+02  1.97440e+03  0.00000e+00
1.51850e+02  1.97427e+03  0.00000e+00
1.51860e+02  1.97414e+03  0.00000e+00
1.51870e+02  1.97401e+03  0.00000e+00
1.51880e+02  1.97388e+03  0.00000e+00
1.51890e+02  1.97375e+03  0.00000e+00
1.51900e+02  1.97362e+03  0.00000e+00
1.51910e+02  1.97349e+03  0.00000e+00
1.51920e+02  1.97336e+03  0.00000e+00
1.51930e+02  1.97323e+03  0.00000e+00
1.51940e+02  1.97310e+03  0.00000e+00
1.51950e+02  1.97297e+03  0.00000e+00
1.51960e+02  1.97284e+03  0.00000e+00
1.51970e+02  1.97271e+03  0.00000e+00
1.51980e+02  1.97258e+03  0.00000e+00
1.51990e+02  1.97245e+03  0.00000e+00
1.52000e+02  1.97232e+03  0.00000e+00
1.52010e+02  1.97219e+03  0.00000e+00
1.52020e+02  1.97206e+03  0.00000e+00
1.52030e+02  1.97193e+03  0.00000e+00
1.52040e+02  1.97180e+03  0.00000e+00
1.52050e+02  1.97167e+03  0.00000e+00
1.52060e+02  1.97154e+03  0.00000e+00
1.52070e+02  1.97141e+03  0.00000e+00
1.52080e+02  1.97128e+03  0.00000e+00
1.52090e+02  1.97115e+03  0.00000e+00
1.52100e+02  1.97102e+03  0.00000e+00
1.52110e+02  1.97089e+03  0.00000e+00
1.52120e+02  1.97076e+03  0.00000e+00
1.52130e+02  1.97063e+03  0.00000e+00
1.52140e+02  1.97050e+03  0.00000e+00
1.52150e+02  1.97037e+03  0.00000e+00
1.52160e+02  1.97024e+03  0.00000e+00
1.52170e+02  1.97012e+03  0.00000e+00
1.52180e+02  1.96999e+03  0.00000e+00
1.52190e+02  1.96986e+03  0.00000e+00
1.52200e+02  1.96973e+03  0.00000e+00
1.52210e+02  1.96960e+03  0.00000e+00
1.52220e+02  1.96947e+03  0.00000e+00
1.52230e+02  1.96934e+03  0.00000e+00
1.52240e+02  1.96921e+03  0.00000e+00
1.52250e+02  1.96908e+03  0.00000e+00
1.52260e+02  1.96895e+03  0.00000e+00
1.52270e+02  1.96882e+03  0.00000e+00
1.52280e+02  1.96869e+03  0.00000e+00
1.52290e+02  1.96856e+03  0.00000e+00
1.52300e+02  1.96843e+03  0.00000e+00
1.52310e+02  1.96830e+03  0.00000e+00
1.52320e+02  1.96818e+03  0.00000e+00
1.52330e+02  1.96805e+03  0.00000e+00
1.52340e+02  1.96792e+03  0.00000e+00
1.52350e+02  1.96779e+03  0.00000e+00
1.52360e+02  1.96766e+03  0.00000e+00
1.52370e+02  1.96753e+03  0.00000e+00
1.52380e+02  1.96740e+03  0.00000e+00
1.52390e+02  1.96727e+03  0.00000e+00
1.52400e+02  1.96714e+03  0.00000e+00
1.52410e+02  1.96701e+03  0.00000e+00
1.52420e+02  1.96688e+03  0.00000e+00
1.52430e+02  1.96675e+03  0.00000e+00
1.52440e+02  1.96663e+03  0.00000e+00
1.52450e+02  1.96650e+03  0.00000e+00
1.52460e+02  1.96637e+03  0.00000e+00
1.52470e+02  1.96624e+03  0.00000e+00
1.52480e+02  1.96611e+03  0.00000e+00
1.52490e+02  1.96598e+03  0.00000e+00
1.52500e+02  1.96585e+03  0.00000e+00
1.52510e+02  1.96572e+03  0.00000e+00
1.52520e+02  1.96559e+03  0.00000e+00
1.52530e+02  1.96547e+03  0.00000e+00
1.52540e+02  1.96534e+03  0.00000e+00
1.52550e+02  1.96521e+03  0.00000e+00
1.52560e+02  1.96508e+03  0.00000e+00
1.52570e+02  1.96495e+03  0.00000e+00
1.52580e+02  1.96482e+03  0.00000e+00
1.52590e+02  1.96469e+03  0.00000e+00
1.52600e+02  1.96456e+03  0.00000e+00
1.52610e+02  1.96444e+03  0.00000e+00
1.52620e+02  1.96431e+03  0.00000e+00
1.52630e+02  1.96418e+03  0.00000e+00
1.52640e+02  1.96405e+03  0.00000e+00
1.52650e+02  1.96392e+03  0.00000e+00
1.52660e+02  1.96379e+03  0.00000e+00
1.52670e+02  1.96366e+03  0.00000e+00
1.52680e+02  1.96353e+03  0.00000e+00
1.52690e+02  1.96341e+03  0.00000e+00
1.52700e+02  1.96328e+03  0.00000e+00
1.52710e+02  1.96315e+03  0.00000e+00
1.52720e+02  1.96302e+03  0.00000e+00
1.52730e+02  1.96289e+03  0.00000e+00
1.52740e+02  1.96276e+03  0.00000e+00
1.52750e+02  1.96263e+03  0.00000e+00
1.52760e+02  1.96251e+03  0.00000e+00
1.52770e+02  1.96238e+03  0.00000e+00
1.52780e+02  1.96225e+03  0.00000e+00
1.52790e+02  1.96212e+03  0.00000e+00
1.52800e+02  1.96199e+03  0.00000e+00
1.52810e+02  1.96186e+03  0.00000e+00
1.52820e+02  1.96174e+03  0.00000e+00
1.52830e+02  1.96161e+03  0.00000e+00
1.52840e+02  1.96148e+03  0.00000e+00
1.52850e+02  1.96135e+03  0.00000e+00
1.52860e+02  1.96122e+03  0.00000e+00
1.52870e+02  1.96109e+03  0.00000e+00
1.52880e+02  1.96097e+03  0.00000e+00
1.52890e+02  1.96084e+03  0.00000e+00
1.52900e+02  1.96071e+03  0.00000e+00
1.52910e+02  1.96058e+03  0.00000e+00
1.52920e+02  1.96045e+03  0.00000e+00
1.52930e+02  1.96032e+03  0.00000e+00
1.52940e+02  1.96020e+03  0.00000e+00
1.52950e+02  1.96007e+03  0.00000e+00
1.52960e+02  1.95994e+03  0.00000e+00
1.52970e+02  1.95981e+03  0.00000e+00
1.52980e+02  1.95968e+03  0.00000e+00
1.52990e+02  1.95956e+03  0.00000e+00
1.53000e+02  1.95943e+03  0.00000e+00
1.53010e+02  1.95930e+03  0.00000e+00
1.53020e+02  1.95917e+03  0.00000e+00
1.53030e+02  1.95904e+03  0.00000e+00
1.53040e+02  1.95892e+03  0.00000e+00
1.53050e+02  1.95879e+03  0.00000e+00
1.53060e+02  1.95866e+03  0.00000e+00
1.53070e+02  1.95853e+03  0.00000e+00
1.53080e+02  1.95840e+03  0.00000e+00
1.53090e+02  1.95828e+03  0.00000e+00
1.53100e+02  1.95815e+03  0.00000e+00
1.53110e+02  1.95802e+03  0.00000e+00
1.53120e+02  1.95789e+03  0.00000e+00
1.53130e+02  1.95776e+03  0.00000e+00
1.53140e+02  1.95764e+03  0.00000e+00
1.53150e+02  1.95751e+03  0.00000e+00
1.53160e+02  1.95738e+03  0.00000e+00
1.53170e+02  1.95725e+03  0.00000e+00
1.53180e+02  1.95713e+03  0.00000e+00
1.53190e+02  1.95700e+03  0.00000e+00
