PDBI_94.6GHz
frq          wvl          transmission
[GHz]        [micron]                 
9.09831e+01  3.29503e+03  0.00000e+00
9.09931e+01  3.29467e+03  0.00000e+00
9.10031e+01  3.29431e+03  0.00000e+00
9.10131e+01  3.29395e+03  0.00000e+00
9.10231e+01  3.29359e+03  0.00000e+00
9.10331e+01  3.29322e+03  0.00000e+00
9.10431e+01  3.29286e+03  0.00000e+00
9.10531e+01  3.29250e+03  0.00000e+00
9.10631e+01  3.29214e+03  0.00000e+00
9.10731e+01  3.29178e+03  0.00000e+00
9.10831e+01  3.29142e+03  0.00000e+00
9.10931e+01  3.29106e+03  0.00000e+00
9.11031e+01  3.29069e+03  0.00000e+00
9.11131e+01  3.29033e+03  0.00000e+00
9.11231e+01  3.28997e+03  0.00000e+00
9.11331e+01  3.28961e+03  0.00000e+00
9.11431e+01  3.28925e+03  0.00000e+00
9.11531e+01  3.28889e+03  0.00000e+00
9.11631e+01  3.28853e+03  0.00000e+00
9.11731e+01  3.28817e+03  0.00000e+00
9.11831e+01  3.28781e+03  0.00000e+00
9.11931e+01  3.28745e+03  0.00000e+00
9.12031e+01  3.28709e+03  0.00000e+00
9.12131e+01  3.28673e+03  0.00000e+00
9.12231e+01  3.28637e+03  0.00000e+00
9.12331e+01  3.28601e+03  0.00000e+00
9.12431e+01  3.28565e+03  0.00000e+00
9.12531e+01  3.28529e+03  0.00000e+00
9.12631e+01  3.28493e+03  0.00000e+00
9.12731e+01  3.28457e+03  0.00000e+00
9.12831e+01  3.28421e+03  0.00000e+00
9.12931e+01  3.28385e+03  0.00000e+00
9.13031e+01  3.28349e+03  0.00000e+00
9.13131e+01  3.28313e+03  0.00000e+00
9.13231e+01  3.28277e+03  0.00000e+00
9.13331e+01  3.28241e+03  0.00000e+00
9.13431e+01  3.28205e+03  0.00000e+00
9.13531e+01  3.28169e+03  0.00000e+00
9.13631e+01  3.28133e+03  0.00000e+00
9.13731e+01  3.28097e+03  0.00000e+00
9.13831e+01  3.28061e+03  0.00000e+00
9.13931e+01  3.28025e+03  0.00000e+00
9.14031e+01  3.27989e+03  0.00000e+00
9.14131e+01  3.27953e+03  0.00000e+00
9.14231e+01  3.27918e+03  0.00000e+00
9.14331e+01  3.27882e+03  0.00000e+00
9.14431e+01  3.27846e+03  0.00000e+00
9.14531e+01  3.27810e+03  0.00000e+00
9.14631e+01  3.27774e+03  0.00000e+00
9.14731e+01  3.27738e+03  0.00000e+00
9.14831e+01  3.27703e+03  0.00000e+00
9.14931e+01  3.27667e+03  0.00000e+00
9.15031e+01  3.27631e+03  0.00000e+00
9.15131e+01  3.27595e+03  0.00000e+00
9.15231e+01  3.27559e+03  0.00000e+00
9.15331e+01  3.27524e+03  0.00000e+00
9.15431e+01  3.27488e+03  0.00000e+00
9.15531e+01  3.27452e+03  0.00000e+00
9.15631e+01  3.27416e+03  0.00000e+00
9.15731e+01  3.27380e+03  0.00000e+00
9.15831e+01  3.27345e+03  0.00000e+00
9.15931e+01  3.27309e+03  0.00000e+00
9.16031e+01  3.27273e+03  0.00000e+00
9.16131e+01  3.27238e+03  0.00000e+00
9.16231e+01  3.27202e+03  0.00000e+00
9.16331e+01  3.27166e+03  0.00000e+00
9.16431e+01  3.27130e+03  0.00000e+00
9.16531e+01  3.27095e+03  0.00000e+00
9.16631e+01  3.27059e+03  0.00000e+00
9.16731e+01  3.27023e+03  0.00000e+00
9.16831e+01  3.26988e+03  0.00000e+00
9.16931e+01  3.26952e+03  0.00000e+00
9.17031e+01  3.26916e+03  0.00000e+00
9.17131e+01  3.26881e+03  0.00000e+00
9.17231e+01  3.26845e+03  0.00000e+00
9.17331e+01  3.26809e+03  0.00000e+00
9.17431e+01  3.26774e+03  0.00000e+00
9.17531e+01  3.26738e+03  0.00000e+00
9.17631e+01  3.26703e+03  0.00000e+00
9.17731e+01  3.26667e+03  0.00000e+00
9.17831e+01  3.26631e+03  0.00000e+00
9.17931e+01  3.26596e+03  0.00000e+00
9.18031e+01  3.26560e+03  0.00000e+00
9.18131e+01  3.26525e+03  0.00000e+00
9.18231e+01  3.26489e+03  0.00000e+00
9.18331e+01  3.26454e+03  0.00000e+00
9.18431e+01  3.26418e+03  0.00000e+00
9.18531e+01  3.26383e+03  0.00000e+00
9.18631e+01  3.26347e+03  0.00000e+00
9.18731e+01  3.26311e+03  0.00000e+00
9.18831e+01  3.26276e+03  0.00000e+00
9.18931e+01  3.26240e+03  0.00000e+00
9.19031e+01  3.26205e+03  0.00000e+00
9.19131e+01  3.26169e+03  0.00000e+00
9.19231e+01  3.26134e+03  0.00000e+00
9.19331e+01  3.26098e+03  0.00000e+00
9.19431e+01  3.26063e+03  0.00000e+00
9.19531e+01  3.26028e+03  0.00000e+00
9.19631e+01  3.25992e+03  0.00000e+00
9.19731e+01  3.25957e+03  0.00000e+00
9.19831e+01  3.25921e+03  0.00000e+00
9.19931e+01  3.25886e+03  0.00000e+00
9.20031e+01  3.25850e+03  0.00000e+00
9.20131e+01  3.25815e+03  0.00000e+00
9.20231e+01  3.25780e+03  0.00000e+00
9.20331e+01  3.25744e+03  0.00000e+00
9.20431e+01  3.25709e+03  0.00000e+00
9.20531e+01  3.25673e+03  0.00000e+00
9.20631e+01  3.25638e+03  0.00000e+00
9.20731e+01  3.25603e+03  0.00000e+00
9.20831e+01  3.25567e+03  0.00000e+00
9.20931e+01  3.25532e+03  0.00000e+00
9.21031e+01  3.25497e+03  0.00000e+00
9.21131e+01  3.25461e+03  0.00000e+00
9.21231e+01  3.25426e+03  0.00000e+00
9.21331e+01  3.25391e+03  0.00000e+00
9.21431e+01  3.25355e+03  0.00000e+00
9.21531e+01  3.25320e+03  0.00000e+00
9.21631e+01  3.25285e+03  0.00000e+00
9.21731e+01  3.25249e+03  0.00000e+00
9.21831e+01  3.25214e+03  0.00000e+00
9.21931e+01  3.25179e+03  0.00000e+00
9.22031e+01  3.25144e+03  0.00000e+00
9.22131e+01  3.25108e+03  0.00000e+00
9.22231e+01  3.25073e+03  0.00000e+00
9.22331e+01  3.25038e+03  0.00000e+00
9.22431e+01  3.25003e+03  0.00000e+00
9.22531e+01  3.24967e+03  0.00000e+00
9.22631e+01  3.24932e+03  0.00000e+00
9.22731e+01  3.24897e+03  0.00000e+00
9.22831e+01  3.24862e+03  0.00000e+00
9.22931e+01  3.24827e+03  0.00000e+00
9.23031e+01  3.24791e+03  0.00000e+00
9.23131e+01  3.24756e+03  0.00000e+00
9.23231e+01  3.24721e+03  0.00000e+00
9.23331e+01  3.24686e+03  0.00000e+00
9.23431e+01  3.24651e+03  0.00000e+00
9.23531e+01  3.24615e+03  0.00000e+00
9.23631e+01  3.24580e+03  0.00000e+00
9.23731e+01  3.24545e+03  0.00000e+00
9.23831e+01  3.24510e+03  0.00000e+00
9.23931e+01  3.24475e+03  0.00000e+00
9.24031e+01  3.24440e+03  0.00000e+00
9.24131e+01  3.24405e+03  0.00000e+00
9.24231e+01  3.24370e+03  0.00000e+00
9.24331e+01  3.24335e+03  0.00000e+00
9.24431e+01  3.24299e+03  0.00000e+00
9.24531e+01  3.24264e+03  0.00000e+00
9.24631e+01  3.24229e+03  0.00000e+00
9.24731e+01  3.24194e+03  0.00000e+00
9.24831e+01  3.24159e+03  0.00000e+00
9.24931e+01  3.24124e+03  0.00000e+00
9.25031e+01  3.24089e+03  0.00000e+00
9.25131e+01  3.24054e+03  0.00000e+00
9.25231e+01  3.24019e+03  0.00000e+00
9.25331e+01  3.23984e+03  0.00000e+00
9.25431e+01  3.23949e+03  0.00000e+00
9.25531e+01  3.23914e+03  0.00000e+00
9.25631e+01  3.23879e+03  0.00000e+00
9.25731e+01  3.23844e+03  0.00000e+00
9.25831e+01  3.23809e+03  1.00000e+00
9.25931e+01  3.23774e+03  1.00000e+00
9.26031e+01  3.23739e+03  1.00000e+00
9.26131e+01  3.23704e+03  1.00000e+00
9.26231e+01  3.23669e+03  1.00000e+00
9.26331e+01  3.23634e+03  1.00000e+00
9.26431e+01  3.23599e+03  1.00000e+00
9.26531e+01  3.23564e+03  1.00000e+00
9.26631e+01  3.23529e+03  1.00000e+00
9.26731e+01  3.23495e+03  1.00000e+00
9.26831e+01  3.23460e+03  1.00000e+00
9.26931e+01  3.23425e+03  1.00000e+00
9.27031e+01  3.23390e+03  1.00000e+00
9.27131e+01  3.23355e+03  1.00000e+00
9.27231e+01  3.23320e+03  1.00000e+00
9.27331e+01  3.23285e+03  1.00000e+00
9.27431e+01  3.23250e+03  1.00000e+00
9.27531e+01  3.23216e+03  1.00000e+00
9.27631e+01  3.23181e+03  1.00000e+00
9.27731e+01  3.23146e+03  1.00000e+00
9.27831e+01  3.23111e+03  1.00000e+00
9.27931e+01  3.23076e+03  1.00000e+00
9.28031e+01  3.23041e+03  1.00000e+00
9.28131e+01  3.23007e+03  1.00000e+00
9.28231e+01  3.22972e+03  1.00000e+00
9.28331e+01  3.22937e+03  1.00000e+00
9.28431e+01  3.22902e+03  1.00000e+00
9.28531e+01  3.22867e+03  1.00000e+00
9.28631e+01  3.22833e+03  1.00000e+00
9.28731e+01  3.22798e+03  1.00000e+00
9.28831e+01  3.22763e+03  1.00000e+00
9.28931e+01  3.22728e+03  1.00000e+00
9.29031e+01  3.22694e+03  1.00000e+00
9.29131e+01  3.22659e+03  1.00000e+00
9.29231e+01  3.22624e+03  1.00000e+00
9.29331e+01  3.22590e+03  1.00000e+00
9.29431e+01  3.22555e+03  1.00000e+00
9.29531e+01  3.22520e+03  1.00000e+00
9.29631e+01  3.22485e+03  1.00000e+00
9.29731e+01  3.22451e+03  1.00000e+00
9.29831e+01  3.22416e+03  1.00000e+00
9.29931e+01  3.22381e+03  1.00000e+00
9.30031e+01  3.22347e+03  1.00000e+00
9.30131e+01  3.22312e+03  1.00000e+00
9.30231e+01  3.22277e+03  1.00000e+00
9.30331e+01  3.22243e+03  1.00000e+00
9.30431e+01  3.22208e+03  1.00000e+00
9.30531e+01  3.22174e+03  1.00000e+00
9.30631e+01  3.22139e+03  1.00000e+00
9.30731e+01  3.22104e+03  1.00000e+00
9.30831e+01  3.22070e+03  1.00000e+00
9.30931e+01  3.22035e+03  1.00000e+00
9.31031e+01  3.22001e+03  1.00000e+00
9.31131e+01  3.21966e+03  1.00000e+00
9.31231e+01  3.21931e+03  1.00000e+00
9.31331e+01  3.21897e+03  1.00000e+00
9.31431e+01  3.21862e+03  1.00000e+00
9.31531e+01  3.21828e+03  1.00000e+00
9.31631e+01  3.21793e+03  1.00000e+00
9.31731e+01  3.21759e+03  1.00000e+00
9.31831e+01  3.21724e+03  1.00000e+00
9.31931e+01  3.21690e+03  1.00000e+00
9.32031e+01  3.21655e+03  1.00000e+00
9.32131e+01  3.21621e+03  1.00000e+00
9.32231e+01  3.21586e+03  1.00000e+00
9.32331e+01  3.21552e+03  1.00000e+00
9.32431e+01  3.21517e+03  1.00000e+00
9.32531e+01  3.21483e+03  1.00000e+00
9.32631e+01  3.21448e+03  1.00000e+00
9.32731e+01  3.21414e+03  1.00000e+00
9.32831e+01  3.21379e+03  1.00000e+00
9.32931e+01  3.21345e+03  1.00000e+00
9.33031e+01  3.21310e+03  1.00000e+00
9.33131e+01  3.21276e+03  1.00000e+00
9.33231e+01  3.21241e+03  1.00000e+00
9.33331e+01  3.21207e+03  1.00000e+00
9.33431e+01  3.21173e+03  1.00000e+00
9.33531e+01  3.21138e+03  1.00000e+00
9.33631e+01  3.21104e+03  1.00000e+00
9.33731e+01  3.21069e+03  1.00000e+00
9.33831e+01  3.21035e+03  1.00000e+00
9.33931e+01  3.21001e+03  1.00000e+00
9.34031e+01  3.20966e+03  1.00000e+00
9.34131e+01  3.20932e+03  1.00000e+00
9.34231e+01  3.20898e+03  1.00000e+00
9.34331e+01  3.20863e+03  1.00000e+00
9.34431e+01  3.20829e+03  1.00000e+00
9.34531e+01  3.20795e+03  1.00000e+00
9.34631e+01  3.20760e+03  1.00000e+00
9.34731e+01  3.20726e+03  1.00000e+00
9.34831e+01  3.20692e+03  1.00000e+00
9.34931e+01  3.20657e+03  1.00000e+00
9.35031e+01  3.20623e+03  1.00000e+00
9.35131e+01  3.20589e+03  1.00000e+00
9.35231e+01  3.20554e+03  1.00000e+00
9.35331e+01  3.20520e+03  1.00000e+00
9.35431e+01  3.20486e+03  1.00000e+00
9.35531e+01  3.20452e+03  1.00000e+00
9.35631e+01  3.20417e+03  1.00000e+00
9.35731e+01  3.20383e+03  1.00000e+00
9.35831e+01  3.20349e+03  1.00000e+00
9.35931e+01  3.20315e+03  1.00000e+00
9.36031e+01  3.20280e+03  1.00000e+00
9.36131e+01  3.20246e+03  1.00000e+00
9.36231e+01  3.20212e+03  1.00000e+00
9.36331e+01  3.20178e+03  1.00000e+00
9.36431e+01  3.20144e+03  1.00000e+00
9.36531e+01  3.20109e+03  1.00000e+00
9.36631e+01  3.20075e+03  1.00000e+00
9.36731e+01  3.20041e+03  1.00000e+00
9.36831e+01  3.20007e+03  1.00000e+00
9.36931e+01  3.19973e+03  1.00000e+00
9.37031e+01  3.19939e+03  1.00000e+00
9.37131e+01  3.19905e+03  1.00000e+00
9.37231e+01  3.19870e+03  1.00000e+00
9.37331e+01  3.19836e+03  1.00000e+00
9.37431e+01  3.19802e+03  1.00000e+00
9.37531e+01  3.19768e+03  1.00000e+00
9.37631e+01  3.19734e+03  1.00000e+00
9.37731e+01  3.19700e+03  1.00000e+00
9.37831e+01  3.19666e+03  1.00000e+00
9.37931e+01  3.19632e+03  1.00000e+00
9.38031e+01  3.19598e+03  1.00000e+00
9.38131e+01  3.19564e+03  1.00000e+00
9.38231e+01  3.19529e+03  1.00000e+00
9.38331e+01  3.19495e+03  1.00000e+00
9.38431e+01  3.19461e+03  1.00000e+00
9.38531e+01  3.19427e+03  1.00000e+00
9.38631e+01  3.19393e+03  1.00000e+00
9.38731e+01  3.19359e+03  1.00000e+00
9.38831e+01  3.19325e+03  1.00000e+00
9.38931e+01  3.19291e+03  1.00000e+00
9.39031e+01  3.19257e+03  1.00000e+00
9.39131e+01  3.19223e+03  1.00000e+00
9.39231e+01  3.19189e+03  1.00000e+00
9.39331e+01  3.19155e+03  1.00000e+00
9.39431e+01  3.19121e+03  1.00000e+00
9.39531e+01  3.19087e+03  1.00000e+00
9.39631e+01  3.19053e+03  1.00000e+00
9.39731e+01  3.19019e+03  1.00000e+00
9.39831e+01  3.18985e+03  1.00000e+00
9.39931e+01  3.18952e+03  1.00000e+00
9.40031e+01  3.18918e+03  1.00000e+00
9.40131e+01  3.18884e+03  1.00000e+00
9.40231e+01  3.18850e+03  1.00000e+00
9.40331e+01  3.18816e+03  1.00000e+00
9.40431e+01  3.18782e+03  1.00000e+00
9.40531e+01  3.18748e+03  1.00000e+00
9.40631e+01  3.18714e+03  1.00000e+00
9.40731e+01  3.18680e+03  1.00000e+00
9.40831e+01  3.18646e+03  1.00000e+00
9.40931e+01  3.18613e+03  1.00000e+00
9.41031e+01  3.18579e+03  1.00000e+00
9.41131e+01  3.18545e+03  1.00000e+00
9.41231e+01  3.18511e+03  1.00000e+00
9.41331e+01  3.18477e+03  1.00000e+00
9.41431e+01  3.18443e+03  1.00000e+00
9.41531e+01  3.18410e+03  1.00000e+00
9.41631e+01  3.18376e+03  1.00000e+00
9.41731e+01  3.18342e+03  1.00000e+00
9.41831e+01  3.18308e+03  1.00000e+00
9.41931e+01  3.18274e+03  1.00000e+00
9.42031e+01  3.18241e+03  1.00000e+00
9.42131e+01  3.18207e+03  1.00000e+00
9.42231e+01  3.18173e+03  1.00000e+00
9.42331e+01  3.18139e+03  1.00000e+00
9.42431e+01  3.18105e+03  1.00000e+00
9.42531e+01  3.18072e+03  1.00000e+00
9.42631e+01  3.18038e+03  1.00000e+00
9.42731e+01  3.18004e+03  1.00000e+00
9.42831e+01  3.17971e+03  1.00000e+00
9.42931e+01  3.17937e+03  1.00000e+00
9.43031e+01  3.17903e+03  1.00000e+00
9.43131e+01  3.17869e+03  1.00000e+00
9.43231e+01  3.17836e+03  1.00000e+00
9.43331e+01  3.17802e+03  1.00000e+00
9.43431e+01  3.17768e+03  1.00000e+00
9.43531e+01  3.17735e+03  1.00000e+00
9.43631e+01  3.17701e+03  1.00000e+00
9.43731e+01  3.17667e+03  1.00000e+00
9.43831e+01  3.17634e+03  1.00000e+00
9.43931e+01  3.17600e+03  1.00000e+00
9.44031e+01  3.17566e+03  1.00000e+00
9.44131e+01  3.17533e+03  1.00000e+00
9.44231e+01  3.17499e+03  1.00000e+00
9.44331e+01  3.17465e+03  1.00000e+00
9.44431e+01  3.17432e+03  1.00000e+00
9.44531e+01  3.17398e+03  1.00000e+00
9.44631e+01  3.17365e+03  1.00000e+00
9.44731e+01  3.17331e+03  1.00000e+00
9.44831e+01  3.17297e+03  1.00000e+00
9.44931e+01  3.17264e+03  1.00000e+00
9.45031e+01  3.17230e+03  1.00000e+00
9.45131e+01  3.17197e+03  1.00000e+00
9.45231e+01  3.17163e+03  1.00000e+00
9.45331e+01  3.17130e+03  1.00000e+00
9.45431e+01  3.17096e+03  1.00000e+00
9.45531e+01  3.17063e+03  1.00000e+00
9.45631e+01  3.17029e+03  1.00000e+00
9.45731e+01  3.16995e+03  1.00000e+00
9.45831e+01  3.16962e+03  1.00000e+00
9.45931e+01  3.16928e+03  1.00000e+00
9.46031e+01  3.16895e+03  1.00000e+00
9.46131e+01  3.16861e+03  1.00000e+00
9.46231e+01  3.16828e+03  1.00000e+00
9.46331e+01  3.16795e+03  1.00000e+00
9.46431e+01  3.16761e+03  1.00000e+00
9.46531e+01  3.16728e+03  1.00000e+00
9.46631e+01  3.16694e+03  1.00000e+00
9.46731e+01  3.16661e+03  1.00000e+00
9.46831e+01  3.16627e+03  1.00000e+00
9.46931e+01  3.16594e+03  1.00000e+00
9.47031e+01  3.16560e+03  1.00000e+00
9.47131e+01  3.16527e+03  1.00000e+00
9.47231e+01  3.16494e+03  1.00000e+00
9.47331e+01  3.16460e+03  1.00000e+00
9.47431e+01  3.16427e+03  1.00000e+00
9.47531e+01  3.16393e+03  1.00000e+00
9.47631e+01  3.16360e+03  1.00000e+00
9.47731e+01  3.16327e+03  1.00000e+00
9.47831e+01  3.16293e+03  1.00000e+00
9.47931e+01  3.16260e+03  1.00000e+00
9.48031e+01  3.16226e+03  1.00000e+00
9.48131e+01  3.16193e+03  1.00000e+00
9.48231e+01  3.16160e+03  1.00000e+00
9.48331e+01  3.16126e+03  1.00000e+00
9.48431e+01  3.16093e+03  1.00000e+00
9.48531e+01  3.16060e+03  1.00000e+00
9.48631e+01  3.16026e+03  1.00000e+00
9.48731e+01  3.15993e+03  1.00000e+00
9.48831e+01  3.15960e+03  1.00000e+00
9.48931e+01  3.15927e+03  1.00000e+00
9.49031e+01  3.15893e+03  1.00000e+00
9.49131e+01  3.15860e+03  1.00000e+00
9.49231e+01  3.15827e+03  1.00000e+00
9.49331e+01  3.15793e+03  1.00000e+00
9.49431e+01  3.15760e+03  1.00000e+00
9.49531e+01  3.15727e+03  1.00000e+00
9.49631e+01  3.15694e+03  1.00000e+00
9.49731e+01  3.15660e+03  1.00000e+00
9.49831e+01  3.15627e+03  1.00000e+00
9.49931e+01  3.15594e+03  1.00000e+00
9.50031e+01  3.15561e+03  1.00000e+00
9.50131e+01  3.15527e+03  1.00000e+00
9.50231e+01  3.15494e+03  1.00000e+00
9.50331e+01  3.15461e+03  1.00000e+00
9.50431e+01  3.15428e+03  1.00000e+00
9.50531e+01  3.15395e+03  1.00000e+00
9.50631e+01  3.15362e+03  1.00000e+00
9.50731e+01  3.15328e+03  1.00000e+00
9.50831e+01  3.15295e+03  1.00000e+00
9.50931e+01  3.15262e+03  1.00000e+00
9.51031e+01  3.15229e+03  1.00000e+00
9.51131e+01  3.15196e+03  1.00000e+00
9.51231e+01  3.15163e+03  1.00000e+00
9.51331e+01  3.15129e+03  1.00000e+00
9.51431e+01  3.15096e+03  1.00000e+00
9.51531e+01  3.15063e+03  1.00000e+00
9.51631e+01  3.15030e+03  1.00000e+00
9.51731e+01  3.14997e+03  1.00000e+00
9.51831e+01  3.14964e+03  1.00000e+00
9.51931e+01  3.14931e+03  1.00000e+00
9.52031e+01  3.14898e+03  1.00000e+00
9.52131e+01  3.14865e+03  1.00000e+00
9.52231e+01  3.14832e+03  1.00000e+00
9.52331e+01  3.14799e+03  1.00000e+00
9.52431e+01  3.14766e+03  1.00000e+00
9.52531e+01  3.14732e+03  1.00000e+00
9.52631e+01  3.14699e+03  1.00000e+00
9.52731e+01  3.14666e+03  1.00000e+00
9.52831e+01  3.14633e+03  1.00000e+00
9.52931e+01  3.14600e+03  1.00000e+00
9.53031e+01  3.14567e+03  1.00000e+00
9.53131e+01  3.14534e+03  1.00000e+00
9.53231e+01  3.14501e+03  1.00000e+00
9.53331e+01  3.14468e+03  1.00000e+00
9.53431e+01  3.14435e+03  1.00000e+00
9.53531e+01  3.14402e+03  1.00000e+00
9.53631e+01  3.14369e+03  1.00000e+00
9.53731e+01  3.14336e+03  1.00000e+00
9.53831e+01  3.14304e+03  1.00000e+00
9.53931e+01  3.14271e+03  1.00000e+00
9.54031e+01  3.14238e+03  1.00000e+00
9.54131e+01  3.14205e+03  1.00000e+00
9.54231e+01  3.14172e+03  1.00000e+00
9.54331e+01  3.14139e+03  1.00000e+00
9.54431e+01  3.14106e+03  1.00000e+00
9.54531e+01  3.14073e+03  1.00000e+00
9.54631e+01  3.14040e+03  1.00000e+00
9.54731e+01  3.14007e+03  1.00000e+00
9.54831e+01  3.13974e+03  1.00000e+00
9.54931e+01  3.13941e+03  1.00000e+00
9.55031e+01  3.13909e+03  1.00000e+00
9.55131e+01  3.13876e+03  1.00000e+00
9.55231e+01  3.13843e+03  1.00000e+00
9.55331e+01  3.13810e+03  1.00000e+00
9.55431e+01  3.13777e+03  1.00000e+00
9.55531e+01  3.13744e+03  1.00000e+00
9.55631e+01  3.13712e+03  1.00000e+00
9.55731e+01  3.13679e+03  1.00000e+00
9.55831e+01  3.13646e+03  1.00000e+00
9.55931e+01  3.13613e+03  1.00000e+00
9.56031e+01  3.13580e+03  1.00000e+00
9.56131e+01  3.13547e+03  1.00000e+00
9.56231e+01  3.13515e+03  1.00000e+00
9.56331e+01  3.13482e+03  1.00000e+00
9.56431e+01  3.13449e+03  1.00000e+00
9.56531e+01  3.13416e+03  1.00000e+00
9.56631e+01  3.13384e+03  1.00000e+00
9.56731e+01  3.13351e+03  1.00000e+00
9.56831e+01  3.13318e+03  1.00000e+00
9.56931e+01  3.13285e+03  1.00000e+00
9.57031e+01  3.13253e+03  1.00000e+00
9.57131e+01  3.13220e+03  1.00000e+00
9.57231e+01  3.13187e+03  1.00000e+00
9.57331e+01  3.13154e+03  1.00000e+00
9.57431e+01  3.13122e+03  1.00000e+00
9.57531e+01  3.13089e+03  1.00000e+00
9.57631e+01  3.13056e+03  1.00000e+00
9.57731e+01  3.13024e+03  1.00000e+00
9.57831e+01  3.12991e+03  1.00000e+00
9.57931e+01  3.12958e+03  1.00000e+00
9.58031e+01  3.12926e+03  1.00000e+00
9.58131e+01  3.12893e+03  1.00000e+00
9.58231e+01  3.12860e+03  1.00000e+00
9.58331e+01  3.12828e+03  1.00000e+00
9.58431e+01  3.12795e+03  1.00000e+00
9.58531e+01  3.12762e+03  1.00000e+00
9.58631e+01  3.12730e+03  1.00000e+00
9.58731e+01  3.12697e+03  1.00000e+00
9.58831e+01  3.12665e+03  1.00000e+00
9.58931e+01  3.12632e+03  1.00000e+00
9.59031e+01  3.12599e+03  1.00000e+00
9.59131e+01  3.12567e+03  1.00000e+00
9.59231e+01  3.12534e+03  1.00000e+00
9.59331e+01  3.12502e+03  1.00000e+00
9.59431e+01  3.12469e+03  1.00000e+00
9.59531e+01  3.12436e+03  1.00000e+00
9.59631e+01  3.12404e+03  1.00000e+00
9.59731e+01  3.12371e+03  1.00000e+00
9.59831e+01  3.12339e+03  1.00000e+00
9.59931e+01  3.12306e+03  1.00000e+00
9.60031e+01  3.12274e+03  1.00000e+00
9.60131e+01  3.12241e+03  1.00000e+00
9.60231e+01  3.12209e+03  1.00000e+00
9.60331e+01  3.12176e+03  1.00000e+00
9.60431e+01  3.12144e+03  1.00000e+00
9.60531e+01  3.12111e+03  1.00000e+00
9.60631e+01  3.12079e+03  1.00000e+00
9.60731e+01  3.12046e+03  1.00000e+00
9.60831e+01  3.12014e+03  1.00000e+00
9.60931e+01  3.11981e+03  1.00000e+00
9.61031e+01  3.11949e+03  1.00000e+00
9.61131e+01  3.11916e+03  1.00000e+00
9.61231e+01  3.11884e+03  1.00000e+00
9.61331e+01  3.11851e+03  1.00000e+00
9.61431e+01  3.11819e+03  1.00000e+00
9.61531e+01  3.11787e+03  1.00000e+00
9.61631e+01  3.11754e+03  1.00000e+00
9.61731e+01  3.11722e+03  1.00000e+00
9.61831e+01  3.11689e+03  1.00000e+00
9.61931e+01  3.11657e+03  1.00000e+00
9.62031e+01  3.11625e+03  1.00000e+00
9.62131e+01  3.11592e+03  1.00000e+00
9.62231e+01  3.11560e+03  1.00000e+00
9.62331e+01  3.11527e+03  1.00000e+00
9.62431e+01  3.11495e+03  1.00000e+00
9.62531e+01  3.11463e+03  1.00000e+00
9.62631e+01  3.11430e+03  1.00000e+00
9.62731e+01  3.11398e+03  1.00000e+00
9.62831e+01  3.11366e+03  1.00000e+00
9.62931e+01  3.11333e+03  1.00000e+00
9.63031e+01  3.11301e+03  1.00000e+00
9.63131e+01  3.11269e+03  1.00000e+00
9.63231e+01  3.11236e+03  1.00000e+00
9.63331e+01  3.11204e+03  1.00000e+00
9.63431e+01  3.11172e+03  1.00000e+00
9.63531e+01  3.11139e+03  1.00000e+00
9.63631e+01  3.11107e+03  1.00000e+00
9.63731e+01  3.11075e+03  1.00000e+00
9.63831e+01  3.11043e+03  1.00000e+00
9.63931e+01  3.11010e+03  1.00000e+00
9.64031e+01  3.10978e+03  1.00000e+00
9.64131e+01  3.10946e+03  1.00000e+00
9.64231e+01  3.10914e+03  1.00000e+00
9.64331e+01  3.10881e+03  1.00000e+00
9.64431e+01  3.10849e+03  1.00000e+00
9.64531e+01  3.10817e+03  1.00000e+00
9.64631e+01  3.10785e+03  1.00000e+00
9.64731e+01  3.10752e+03  1.00000e+00
9.64831e+01  3.10720e+03  1.00000e+00
9.64931e+01  3.10688e+03  1.00000e+00
9.65031e+01  3.10656e+03  1.00000e+00
9.65131e+01  3.10624e+03  1.00000e+00
9.65231e+01  3.10591e+03  1.00000e+00
9.65331e+01  3.10559e+03  1.00000e+00
9.65431e+01  3.10527e+03  1.00000e+00
9.65531e+01  3.10495e+03  1.00000e+00
9.65631e+01  3.10463e+03  1.00000e+00
9.65731e+01  3.10431e+03  1.00000e+00
9.65831e+01  3.10398e+03  0.00000e+00
9.65931e+01  3.10366e+03  0.00000e+00
9.66031e+01  3.10334e+03  0.00000e+00
9.66131e+01  3.10302e+03  0.00000e+00
9.66231e+01  3.10270e+03  0.00000e+00
9.66331e+01  3.10238e+03  0.00000e+00
9.66431e+01  3.10206e+03  0.00000e+00
9.66531e+01  3.10174e+03  0.00000e+00
9.66631e+01  3.10142e+03  0.00000e+00
9.66731e+01  3.10109e+03  0.00000e+00
9.66831e+01  3.10077e+03  0.00000e+00
9.66931e+01  3.10045e+03  0.00000e+00
9.67031e+01  3.10013e+03  0.00000e+00
9.67131e+01  3.09981e+03  0.00000e+00
9.67231e+01  3.09949e+03  0.00000e+00
9.67331e+01  3.09917e+03  0.00000e+00
9.67431e+01  3.09885e+03  0.00000e+00
9.67531e+01  3.09853e+03  0.00000e+00
9.67631e+01  3.09821e+03  0.00000e+00
9.67731e+01  3.09789e+03  0.00000e+00
9.67831e+01  3.09757e+03  0.00000e+00
9.67931e+01  3.09725e+03  0.00000e+00
9.68031e+01  3.09693e+03  0.00000e+00
9.68131e+01  3.09661e+03  0.00000e+00
9.68231e+01  3.09629e+03  0.00000e+00
9.68331e+01  3.09597e+03  0.00000e+00
9.68431e+01  3.09565e+03  0.00000e+00
9.68531e+01  3.09533e+03  0.00000e+00
9.68631e+01  3.09501e+03  0.00000e+00
9.68731e+01  3.09469e+03  0.00000e+00
9.68831e+01  3.09437e+03  0.00000e+00
9.68931e+01  3.09405e+03  0.00000e+00
9.69031e+01  3.09373e+03  0.00000e+00
9.69131e+01  3.09342e+03  0.00000e+00
9.69231e+01  3.09310e+03  0.00000e+00
9.69331e+01  3.09278e+03  0.00000e+00
9.69431e+01  3.09246e+03  0.00000e+00
9.69531e+01  3.09214e+03  0.00000e+00
9.69631e+01  3.09182e+03  0.00000e+00
9.69731e+01  3.09150e+03  0.00000e+00
9.69831e+01  3.09118e+03  0.00000e+00
9.69931e+01  3.09086e+03  0.00000e+00
9.70031e+01  3.09055e+03  0.00000e+00
9.70131e+01  3.09023e+03  0.00000e+00
9.70231e+01  3.08991e+03  0.00000e+00
9.70331e+01  3.08959e+03  0.00000e+00
9.70431e+01  3.08927e+03  0.00000e+00
9.70531e+01  3.08895e+03  0.00000e+00
9.70631e+01  3.08863e+03  0.00000e+00
9.70731e+01  3.08832e+03  0.00000e+00
9.70831e+01  3.08800e+03  0.00000e+00
9.70931e+01  3.08768e+03  0.00000e+00
9.71031e+01  3.08736e+03  0.00000e+00
9.71131e+01  3.08704e+03  0.00000e+00
9.71231e+01  3.08673e+03  0.00000e+00
9.71331e+01  3.08641e+03  0.00000e+00
9.71431e+01  3.08609e+03  0.00000e+00
9.71531e+01  3.08577e+03  0.00000e+00
9.71631e+01  3.08546e+03  0.00000e+00
9.71731e+01  3.08514e+03  0.00000e+00
9.71831e+01  3.08482e+03  0.00000e+00
9.71931e+01  3.08450e+03  0.00000e+00
9.72031e+01  3.08419e+03  0.00000e+00
9.72131e+01  3.08387e+03  0.00000e+00
9.72231e+01  3.08355e+03  0.00000e+00
9.72331e+01  3.08323e+03  0.00000e+00
9.72431e+01  3.08292e+03  0.00000e+00
9.72531e+01  3.08260e+03  0.00000e+00
9.72631e+01  3.08228e+03  0.00000e+00
9.72731e+01  3.08197e+03  0.00000e+00
9.72831e+01  3.08165e+03  0.00000e+00
9.72931e+01  3.08133e+03  0.00000e+00
9.73031e+01  3.08102e+03  0.00000e+00
9.73131e+01  3.08070e+03  0.00000e+00
9.73231e+01  3.08038e+03  0.00000e+00
9.73331e+01  3.08007e+03  0.00000e+00
9.73431e+01  3.07975e+03  0.00000e+00
9.73531e+01  3.07943e+03  0.00000e+00
9.73631e+01  3.07912e+03  0.00000e+00
9.73731e+01  3.07880e+03  0.00000e+00
9.73831e+01  3.07849e+03  0.00000e+00
9.73931e+01  3.07817e+03  0.00000e+00
9.74031e+01  3.07785e+03  0.00000e+00
9.74131e+01  3.07754e+03  0.00000e+00
9.74231e+01  3.07722e+03  0.00000e+00
9.74331e+01  3.07691e+03  0.00000e+00
9.74431e+01  3.07659e+03  0.00000e+00
9.74531e+01  3.07627e+03  0.00000e+00
9.74631e+01  3.07596e+03  0.00000e+00
9.74731e+01  3.07564e+03  0.00000e+00
9.74831e+01  3.07533e+03  0.00000e+00
9.74931e+01  3.07501e+03  0.00000e+00
9.75031e+01  3.07470e+03  0.00000e+00
9.75131e+01  3.07438e+03  0.00000e+00
9.75231e+01  3.07407e+03  0.00000e+00
9.75331e+01  3.07375e+03  0.00000e+00
9.75431e+01  3.07344e+03  0.00000e+00
9.75531e+01  3.07312e+03  0.00000e+00
9.75631e+01  3.07281e+03  0.00000e+00
9.75731e+01  3.07249e+03  0.00000e+00
9.75831e+01  3.07218e+03  0.00000e+00
9.75931e+01  3.07186e+03  0.00000e+00
9.76031e+01  3.07155e+03  0.00000e+00
9.76131e+01  3.07123e+03  0.00000e+00
9.76231e+01  3.07092e+03  0.00000e+00
9.76331e+01  3.07060e+03  0.00000e+00
9.76431e+01  3.07029e+03  0.00000e+00
9.76531e+01  3.06997e+03  0.00000e+00
9.76631e+01  3.06966e+03  0.00000e+00
9.76731e+01  3.06935e+03  0.00000e+00
9.76831e+01  3.06903e+03  0.00000e+00
9.76931e+01  3.06872e+03  0.00000e+00
9.77031e+01  3.06840e+03  0.00000e+00
9.77131e+01  3.06809e+03  0.00000e+00
9.77231e+01  3.06777e+03  0.00000e+00
9.77331e+01  3.06746e+03  0.00000e+00
9.77431e+01  3.06715e+03  0.00000e+00
9.77531e+01  3.06683e+03  0.00000e+00
9.77631e+01  3.06652e+03  0.00000e+00
9.77731e+01  3.06621e+03  0.00000e+00
9.77831e+01  3.06589e+03  0.00000e+00
9.77931e+01  3.06558e+03  0.00000e+00
9.78031e+01  3.06527e+03  0.00000e+00
9.78131e+01  3.06495e+03  0.00000e+00
9.78231e+01  3.06464e+03  0.00000e+00
9.78331e+01  3.06433e+03  0.00000e+00
9.78431e+01  3.06401e+03  0.00000e+00
9.78531e+01  3.06370e+03  0.00000e+00
9.78631e+01  3.06339e+03  0.00000e+00
9.78731e+01  3.06307e+03  0.00000e+00
9.78831e+01  3.06276e+03  0.00000e+00
9.78931e+01  3.06245e+03  0.00000e+00
9.79031e+01  3.06213e+03  0.00000e+00
9.79131e+01  3.06182e+03  0.00000e+00
9.79231e+01  3.06151e+03  0.00000e+00
9.79331e+01  3.06120e+03  0.00000e+00
9.79431e+01  3.06088e+03  0.00000e+00
9.79531e+01  3.06057e+03  0.00000e+00
9.79631e+01  3.06026e+03  0.00000e+00
9.79731e+01  3.05995e+03  0.00000e+00
9.79831e+01  3.05963e+03  0.00000e+00
9.79931e+01  3.05932e+03  0.00000e+00
9.80031e+01  3.05901e+03  0.00000e+00
9.80131e+01  3.05870e+03  0.00000e+00
9.80231e+01  3.05839e+03  0.00000e+00
9.80331e+01  3.05807e+03  0.00000e+00
9.80431e+01  3.05776e+03  0.00000e+00
9.80531e+01  3.05745e+03  0.00000e+00
9.80631e+01  3.05714e+03  0.00000e+00
9.80731e+01  3.05683e+03  0.00000e+00
9.80831e+01  3.05651e+03  0.00000e+00
9.80931e+01  3.05620e+03  0.00000e+00
9.81031e+01  3.05589e+03  0.00000e+00
9.81131e+01  3.05558e+03  0.00000e+00
9.81231e+01  3.05527e+03  0.00000e+00
9.81331e+01  3.05496e+03  0.00000e+00
9.81431e+01  3.05465e+03  0.00000e+00
9.81531e+01  3.05434e+03  0.00000e+00
9.81631e+01  3.05402e+03  0.00000e+00
9.81731e+01  3.05371e+03  0.00000e+00
