SCUBA_350micron
frq          wvl          transmission
[GHz]        [micron]                 
6.98058e+02  4.29466e+02  1.10367e-03
6.99933e+02  4.28316e+02  1.04633e-03
7.01811e+02  4.27170e+02  9.03000e-04
7.03686e+02  4.26032e+02  7.38167e-04
7.05564e+02  4.24898e+02  4.87333e-04
7.07439e+02  4.23771e+02  2.43667e-04
7.09317e+02  4.22649e+02  1.07500e-04
7.11192e+02  4.21535e+02  2.15000e-05
7.13070e+02  4.20425e+02  -1.79167e-04
7.14945e+02  4.19322e+02  -4.15667e-04
7.16823e+02  4.18224e+02  -5.44667e-04
7.18698e+02  4.17133e+02  -5.94833e-04
7.20576e+02  4.16046e+02  -7.45333e-04
7.22451e+02  4.14966e+02  -9.38833e-04
7.24329e+02  4.13890e+02  -1.07500e-03
7.26204e+02  4.12821e+02  -1.15383e-03
7.28082e+02  4.11756e+02  -1.23267e-03
7.29957e+02  4.10699e+02  -1.29000e-03
7.31835e+02  4.09645e+02  -1.27567e-03
7.33710e+02  4.08598e+02  -1.29717e-03
7.35588e+02  4.07555e+02  -1.40467e-03
7.37463e+02  4.06519e+02  -1.40467e-03
7.39341e+02  4.05486e+02  -1.29000e-03
7.41216e+02  4.04460e+02  -1.32583e-03
7.43094e+02  4.03438e+02  -1.26850e-03
7.44969e+02  4.02423e+02  -1.13233e-03
7.46847e+02  4.01411e+02  -1.15383e-03
7.48722e+02  4.00406e+02  -1.16817e-03
7.50600e+02  3.99404e+02  -1.08217e-03
7.52475e+02  3.98409e+02  -9.96167e-04
7.54353e+02  3.97417e+02  -9.74667e-04
7.56228e+02  3.96431e+02  -9.96167e-04
7.58106e+02  3.95449e+02  -9.38833e-04
7.59981e+02  3.94474e+02  -8.52833e-04
7.61859e+02  3.93501e+02  -8.24167e-04
7.63734e+02  3.92535e+02  -8.60000e-04
7.65612e+02  3.91572e+02  -9.17333e-04
7.67487e+02  3.90616e+02  -8.88667e-04
7.69365e+02  3.89662e+02  -8.52833e-04
7.71240e+02  3.88715e+02  -8.45667e-04
7.73118e+02  3.87771e+02  -7.52500e-04
7.74993e+02  3.86832e+02  -6.73667e-04
7.76871e+02  3.85897e+02  -6.45000e-04
7.78746e+02  3.84968e+02  -6.52167e-04
7.80624e+02  3.84042e+02  -6.66500e-04
7.82499e+02  3.83122e+02  -5.94833e-04
7.84377e+02  3.82205e+02  -5.94833e-04
7.86252e+02  3.81293e+02  -5.51833e-04
7.88130e+02  3.80385e+02  -4.73000e-04
7.90005e+02  3.79482e+02  -4.22833e-04
7.91883e+02  3.78582e+02  -3.65500e-04
7.93758e+02  3.77687e+02  -3.65500e-04
7.95636e+02  3.76796e+02  -3.58333e-04
7.97511e+02  3.75910e+02  -2.00667e-04
7.99389e+02  3.75027e+02  0.00000e+00
8.01264e+02  3.74149e+02  7.88333e-05
8.03142e+02  3.73275e+02  2.22167e-04
8.05017e+02  3.72405e+02  4.44333e-04
8.06895e+02  3.71538e+02  6.09167e-04
8.08770e+02  3.70677e+02  7.81167e-04
8.10648e+02  3.69818e+02  1.12517e-03
8.12523e+02  3.68965e+02  1.51933e-03
8.14401e+02  3.68114e+02  1.97083e-03
8.16276e+02  3.67268e+02  2.58000e-03
8.18154e+02  3.66425e+02  3.22500e-03
8.20029e+02  3.65588e+02  4.05633e-03
8.21907e+02  3.64752e+02  5.08833e-03
8.23782e+02  3.63922e+02  6.45000e-03
8.25660e+02  3.63094e+02  8.18433e-03
8.27535e+02  3.62272e+02  1.02842e-02
8.29413e+02  3.61451e+02  1.32010e-02
8.31288e+02  3.60636e+02  1.67198e-02
8.33166e+02  3.59823e+02  2.10342e-02
8.35041e+02  3.59015e+02  2.71688e-02
8.36919e+02  3.58210e+02  3.53388e-02
8.38794e+02  3.57409e+02  4.64113e-02
8.40672e+02  3.56610e+02  6.14613e-02
8.42547e+02  3.55817e+02  8.10980e-02
8.44425e+02  3.55026e+02  1.07694e-01
8.46300e+02  3.54239e+02  1.42918e-01
8.48178e+02  3.53455e+02  1.87279e-01
8.50053e+02  3.52675e+02  2.39610e-01
8.51931e+02  3.51898e+02  2.94443e-01
8.53806e+02  3.51125e+02  3.46071e-01
8.55684e+02  3.50354e+02  3.89616e-01
8.57559e+02  3.49588e+02  4.21837e-01
8.59437e+02  3.48824e+02  4.39166e-01
8.61312e+02  3.48065e+02  4.46340e-01
8.63190e+02  3.47308e+02  4.51163e-01
8.65065e+02  3.46555e+02  4.55900e-01
8.66943e+02  3.45804e+02  4.62400e-01
8.68818e+02  3.45058e+02  4.66615e-01
8.70696e+02  3.44314e+02  4.67303e-01
8.72571e+02  3.43574e+02  4.64701e-01
8.74449e+02  3.42836e+02  4.53664e-01
8.76324e+02  3.42102e+02  4.29541e-01
8.78202e+02  3.41371e+02  3.86219e-01
8.80077e+02  3.40643e+02  3.26406e-01
8.81955e+02  3.39918e+02  2.61641e-01
8.83830e+02  3.39197e+02  2.03311e-01
8.85708e+02  3.38478e+02  1.56226e-01
8.87583e+02  3.37763e+02  1.18787e-01
8.89461e+02  3.37050e+02  8.89312e-02
8.91336e+02  3.36341e+02  6.63992e-02
8.93214e+02  3.35633e+02  4.99732e-02
8.95089e+02  3.34930e+02  3.81697e-02
8.96967e+02  3.34229e+02  3.01860e-02
8.98842e+02  3.33532e+02  2.45243e-02
9.00720e+02  3.32836e+02  2.00523e-02
9.02595e+02  3.32145e+02  1.64188e-02
9.04473e+02  3.31455e+02  1.36597e-02
9.06348e+02  3.30770e+02  1.16602e-02
9.08226e+02  3.30086e+02  9.93300e-03
9.10101e+02  3.29406e+02  8.72183e-03
9.11979e+02  3.28727e+02  7.81883e-03
9.13854e+02  3.28053e+02  7.03050e-03
9.15732e+02  3.27380e+02  6.29233e-03
9.17607e+02  3.26711e+02  5.51117e-03
9.19485e+02  3.26044e+02  5.09550e-03
9.21360e+02  3.25380e+02  4.77300e-03
9.23238e+02  3.24718e+02  4.42900e-03
9.25113e+02  3.24060e+02  4.17817e-03
9.26991e+02  3.23404e+02  4.00617e-03
9.28866e+02  3.22751e+02  3.87717e-03
9.30744e+02  3.22100e+02  3.65500e-03
9.32619e+02  3.21452e+02  3.40417e-03
9.34497e+02  3.20806e+02  3.31817e-03
9.36372e+02  3.20164e+02  3.31817e-03
9.38250e+02  3.19523e+02  3.31817e-03
9.40125e+02  3.18886e+02  3.16050e-03
9.42003e+02  3.18250e+02  2.99567e-03
9.43878e+02  3.17618e+02  3.05300e-03
9.45756e+02  3.16987e+02  3.03867e-03
9.47631e+02  3.16360e+02  3.10317e-03
9.49509e+02  3.15734e+02  3.17483e-03
9.51384e+02  3.15112e+02  2.91683e-03
9.53262e+02  3.14491e+02  2.82367e-03
9.55137e+02  3.13874e+02  2.83800e-03
9.57015e+02  3.13258e+02  2.78783e-03
9.58890e+02  3.12645e+02  2.77350e-03
9.60768e+02  3.12034e+02  2.70900e-03
9.62643e+02  3.11426e+02  2.73050e-03
9.64521e+02  3.10820e+02  2.47250e-03
9.66396e+02  3.10217e+02  2.30050e-03
9.68274e+02  3.09615e+02  2.30050e-03
9.70149e+02  3.09017e+02  2.34350e-03
9.72027e+02  3.08420e+02  2.49400e-03
9.73902e+02  3.07826e+02  2.47250e-03
9.75780e+02  3.07234e+02  2.45100e-03
9.77655e+02  3.06644e+02  2.55133e-03
9.79533e+02  3.06057e+02  2.56567e-03
9.81408e+02  3.05472e+02  2.71617e-03
9.83286e+02  3.04888e+02  2.93833e-03
9.85161e+02  3.04308e+02  2.93833e-03
9.87039e+02  3.03729e+02  3.13183e-03
9.88914e+02  3.03153e+02  3.40417e-03
9.90792e+02  3.02579e+02  3.61917e-03
9.92667e+02  3.02007e+02  3.69800e-03
9.94545e+02  3.01437e+02  3.93450e-03
9.96420e+02  3.00870e+02  4.19967e-03
9.98298e+02  3.00304e+02  4.12083e-03
1.00017e+03  2.99742e+02  4.19250e-03
1.00205e+03  2.99179e+02  4.38600e-03
1.00393e+03  2.98619e+02  4.24267e-03
1.00580e+03  2.98064e+02  3.87000e-03
1.00768e+03  2.97508e+02  3.61917e-03
1.00956e+03  2.96954e+02  3.35400e-03
1.01143e+03  2.96405e+02  2.93117e-03
1.01331e+03  2.95855e+02  2.50833e-03
1.01519e+03  2.95307e+02  2.15717e-03
1.01706e+03  2.94764e+02  1.71283e-03
1.01894e+03  2.94220e+02  1.23983e-03
1.02082e+03  2.93678e+02  8.31333e-04
1.02269e+03  2.93141e+02  2.65167e-04
1.02457e+03  2.92603e+02  -2.72333e-04
1.02644e+03  2.92070e+02  -7.02333e-04
1.02832e+03  2.91536e+02  -1.03917e-03
1.03020e+03  2.91004e+02  -1.14667e-03
1.03208e+03  2.90474e+02  -1.26133e-03
1.03395e+03  2.89949e+02  -1.31867e-03
1.03583e+03  2.89422e+02  -1.36167e-03
1.03770e+03  2.88901e+02  -1.26850e-03
1.03958e+03  2.88378e+02  -8.09833e-04
1.04146e+03  2.87858e+02  -2.86667e-04
1.04333e+03  2.87342e+02  -1.86333e-04
1.04521e+03  2.86825e+02  -1.07500e-04
1.04709e+03  2.86310e+02  2.72333e-04
1.04896e+03  2.85800e+02  4.30000e-04
1.05084e+03  2.85288e+02  6.30667e-04
1.05272e+03  2.84779e+02  6.23500e-04
1.05459e+03  2.84274e+02  7.09500e-04
1.05647e+03  2.83768e+02  9.89000e-04
1.05835e+03  2.83264e+02  8.45667e-04
