SMA_880micron
frq          wvl          transmission
[GHz]        [micron]                 
3.38032e+02  8.86876e+02  0.00000e+00
3.38042e+02  8.86850e+02  0.00000e+00
3.38052e+02  8.86824e+02  0.00000e+00
3.38062e+02  8.86797e+02  0.00000e+00
3.38071e+02  8.86774e+02  0.00000e+00
3.38081e+02  8.86747e+02  0.00000e+00
3.38091e+02  8.86721e+02  0.00000e+00
3.38101e+02  8.86695e+02  0.00000e+00
3.38111e+02  8.86669e+02  0.00000e+00
3.38121e+02  8.86643e+02  0.00000e+00
3.38130e+02  8.86619e+02  0.00000e+00
3.38140e+02  8.86593e+02  0.00000e+00
3.38150e+02  8.86566e+02  0.00000e+00
3.38160e+02  8.86540e+02  0.00000e+00
3.38170e+02  8.86514e+02  0.00000e+00
3.38180e+02  8.86488e+02  0.00000e+00
3.38189e+02  8.86464e+02  0.00000e+00
3.38199e+02  8.86438e+02  0.00000e+00
3.38209e+02  8.86412e+02  0.00000e+00
3.38219e+02  8.86386e+02  0.00000e+00
3.38229e+02  8.86359e+02  0.00000e+00
3.38239e+02  8.86333e+02  0.00000e+00
3.38248e+02  8.86310e+02  0.00000e+00
3.38258e+02  8.86283e+02  0.00000e+00
3.38268e+02  8.86257e+02  0.00000e+00
3.38278e+02  8.86231e+02  0.00000e+00
3.38288e+02  8.86205e+02  0.00000e+00
3.38298e+02  8.86179e+02  0.00000e+00
3.38308e+02  8.86152e+02  0.00000e+00
3.38317e+02  8.86129e+02  0.00000e+00
3.38327e+02  8.86103e+02  0.00000e+00
3.38337e+02  8.86076e+02  0.00000e+00
3.38347e+02  8.86050e+02  0.00000e+00
3.38357e+02  8.86024e+02  0.00000e+00
3.38367e+02  8.85998e+02  0.00000e+00
3.38376e+02  8.85974e+02  0.00000e+00
3.38386e+02  8.85948e+02  0.00000e+00
3.38396e+02  8.85922e+02  0.00000e+00
3.38406e+02  8.85896e+02  0.00000e+00
3.38416e+02  8.85870e+02  0.00000e+00
3.38426e+02  8.85843e+02  0.00000e+00
3.38435e+02  8.85820e+02  0.00000e+00
3.38445e+02  8.85794e+02  0.00000e+00
3.38455e+02  8.85768e+02  0.00000e+00
3.38465e+02  8.85741e+02  0.00000e+00
3.38475e+02  8.85715e+02  0.00000e+00
3.38485e+02  8.85689e+02  0.00000e+00
3.38494e+02  8.85666e+02  0.00000e+00
3.38504e+02  8.85639e+02  0.00000e+00
3.38514e+02  8.85613e+02  0.00000e+00
3.38524e+02  8.85587e+02  0.00000e+00
3.38534e+02  8.85561e+02  0.00000e+00
3.38544e+02  8.85535e+02  0.00000e+00
3.38554e+02  8.85509e+02  0.00000e+00
3.38563e+02  8.85485e+02  0.00000e+00
3.38573e+02  8.85459e+02  0.00000e+00
3.38583e+02  8.85433e+02  0.00000e+00
3.38593e+02  8.85407e+02  0.00000e+00
3.38603e+02  8.85380e+02  0.00000e+00
3.38613e+02  8.85354e+02  0.00000e+00
3.38622e+02  8.85331e+02  0.00000e+00
3.38632e+02  8.85305e+02  0.00000e+00
3.38642e+02  8.85278e+02  0.00000e+00
3.38652e+02  8.85252e+02  0.00000e+00
3.38662e+02  8.85226e+02  0.00000e+00
3.38672e+02  8.85200e+02  0.00000e+00
3.38681e+02  8.85176e+02  0.00000e+00
3.38691e+02  8.85150e+02  0.00000e+00
3.38701e+02  8.85124e+02  0.00000e+00
3.38711e+02  8.85098e+02  0.00000e+00
3.38721e+02  8.85072e+02  0.00000e+00
3.38731e+02  8.85046e+02  0.00000e+00
3.38740e+02  8.85022e+02  0.00000e+00
3.38750e+02  8.84996e+02  0.00000e+00
3.38760e+02  8.84970e+02  0.00000e+00
3.38770e+02  8.84944e+02  0.00000e+00
3.38780e+02  8.84918e+02  0.00000e+00
3.38790e+02  8.84892e+02  0.00000e+00
3.38800e+02  8.84866e+02  0.00000e+00
3.38809e+02  8.84842e+02  0.00000e+00
3.38819e+02  8.84816e+02  0.00000e+00
3.38829e+02  8.84790e+02  0.00000e+00
3.38839e+02  8.84764e+02  0.00000e+00
3.38849e+02  8.84738e+02  0.00000e+00
3.38859e+02  8.84712e+02  0.00000e+00
3.38868e+02  8.84688e+02  0.00000e+00
3.38878e+02  8.84662e+02  0.00000e+00
3.38888e+02  8.84636e+02  0.00000e+00
3.38898e+02  8.84610e+02  0.00000e+00
3.38908e+02  8.84584e+02  0.00000e+00
3.38918e+02  8.84557e+02  0.00000e+00
3.38927e+02  8.84534e+02  0.00000e+00
3.38937e+02  8.84508e+02  0.00000e+00
3.38947e+02  8.84482e+02  0.00000e+00
3.38957e+02  8.84456e+02  0.00000e+00
3.38967e+02  8.84430e+02  0.00000e+00
3.38977e+02  8.84404e+02  0.00000e+00
3.38986e+02  8.84380e+02  0.00000e+00
3.38996e+02  8.84354e+02  0.00000e+00
3.39006e+02  8.84328e+02  0.00000e+00
3.39016e+02  8.84302e+02  1.00000e+00
3.39026e+02  8.84276e+02  1.00000e+00
3.39036e+02  8.84250e+02  1.00000e+00
3.39046e+02  8.84224e+02  1.00000e+00
3.39055e+02  8.84200e+02  1.00000e+00
3.39065e+02  8.84174e+02  1.00000e+00
3.39075e+02  8.84148e+02  1.00000e+00
3.39085e+02  8.84122e+02  1.00000e+00
3.39095e+02  8.84096e+02  1.00000e+00
3.39105e+02  8.84070e+02  1.00000e+00
3.39114e+02  8.84046e+02  1.00000e+00
3.39124e+02  8.84020e+02  1.00000e+00
3.39134e+02  8.83994e+02  1.00000e+00
3.39144e+02  8.83968e+02  1.00000e+00
3.39154e+02  8.83942e+02  1.00000e+00
3.39164e+02  8.83916e+02  1.00000e+00
3.39173e+02  8.83892e+02  1.00000e+00
3.39183e+02  8.83866e+02  1.00000e+00
3.39193e+02  8.83840e+02  1.00000e+00
3.39203e+02  8.83814e+02  1.00000e+00
3.39213e+02  8.83788e+02  1.00000e+00
3.39223e+02  8.83762e+02  1.00000e+00
3.39232e+02  8.83739e+02  1.00000e+00
3.39242e+02  8.83713e+02  1.00000e+00
3.39252e+02  8.83687e+02  1.00000e+00
3.39262e+02  8.83661e+02  1.00000e+00
3.39272e+02  8.83635e+02  1.00000e+00
3.39282e+02  8.83608e+02  1.00000e+00
3.39292e+02  8.83582e+02  1.00000e+00
3.39301e+02  8.83559e+02  1.00000e+00
3.39311e+02  8.83533e+02  1.00000e+00
3.39321e+02  8.83507e+02  1.00000e+00
3.39331e+02  8.83481e+02  1.00000e+00
3.39341e+02  8.83455e+02  1.00000e+00
3.39351e+02  8.83429e+02  1.00000e+00
3.39360e+02  8.83405e+02  1.00000e+00
3.39370e+02  8.83379e+02  1.00000e+00
3.39380e+02  8.83353e+02  1.00000e+00
3.39390e+02  8.83327e+02  1.00000e+00
3.39400e+02  8.83301e+02  1.00000e+00
3.39410e+02  8.83275e+02  1.00000e+00
3.39419e+02  8.83252e+02  1.00000e+00
3.39429e+02  8.83226e+02  1.00000e+00
3.39439e+02  8.83200e+02  1.00000e+00
3.39449e+02  8.83174e+02  1.00000e+00
3.39459e+02  8.83148e+02  1.00000e+00
3.39469e+02  8.83122e+02  1.00000e+00
3.39478e+02  8.83098e+02  1.00000e+00
3.39488e+02  8.83072e+02  1.00000e+00
3.39498e+02  8.83046e+02  1.00000e+00
3.39508e+02  8.83020e+02  1.00000e+00
3.39518e+02  8.82994e+02  1.00000e+00
3.39528e+02  8.82968e+02  1.00000e+00
3.39538e+02  8.82942e+02  1.00000e+00
3.39547e+02  8.82919e+02  1.00000e+00
3.39557e+02  8.82893e+02  1.00000e+00
3.39567e+02  8.82867e+02  1.00000e+00
3.39577e+02  8.82841e+02  1.00000e+00
3.39587e+02  8.82815e+02  1.00000e+00
3.39597e+02  8.82789e+02  1.00000e+00
3.39606e+02  8.82765e+02  1.00000e+00
3.39616e+02  8.82739e+02  1.00000e+00
3.39626e+02  8.82714e+02  1.00000e+00
3.39636e+02  8.82688e+02  1.00000e+00
3.39646e+02  8.82662e+02  1.00000e+00
3.39656e+02  8.82636e+02  1.00000e+00
3.39665e+02  8.82612e+02  1.00000e+00
3.39675e+02  8.82586e+02  1.00000e+00
3.39685e+02  8.82560e+02  1.00000e+00
3.39695e+02  8.82534e+02  1.00000e+00
3.39705e+02  8.82508e+02  1.00000e+00
3.39715e+02  8.82482e+02  1.00000e+00
3.39724e+02  8.82459e+02  1.00000e+00
3.39734e+02  8.82433e+02  1.00000e+00
3.39744e+02  8.82407e+02  1.00000e+00
3.39754e+02  8.82381e+02  1.00000e+00
3.39764e+02  8.82355e+02  1.00000e+00
3.39774e+02  8.82329e+02  1.00000e+00
3.39784e+02  8.82303e+02  1.00000e+00
3.39793e+02  8.82280e+02  1.00000e+00
3.39803e+02  8.82254e+02  1.00000e+00
3.39813e+02  8.82228e+02  1.00000e+00
3.39823e+02  8.82202e+02  1.00000e+00
3.39833e+02  8.82176e+02  1.00000e+00
3.39843e+02  8.82150e+02  1.00000e+00
3.39852e+02  8.82127e+02  1.00000e+00
3.39862e+02  8.82101e+02  1.00000e+00
3.39872e+02  8.82075e+02  1.00000e+00
3.39882e+02  8.82049e+02  1.00000e+00
3.39892e+02  8.82023e+02  1.00000e+00
3.39902e+02  8.81997e+02  1.00000e+00
3.39911e+02  8.81973e+02  1.00000e+00
3.39921e+02  8.81947e+02  1.00000e+00
3.39931e+02  8.81922e+02  1.00000e+00
3.39941e+02  8.81896e+02  1.00000e+00
3.39951e+02  8.81870e+02  1.00000e+00
3.39961e+02  8.81844e+02  1.00000e+00
3.39970e+02  8.81820e+02  1.00000e+00
3.39980e+02  8.81794e+02  1.00000e+00
3.39990e+02  8.81768e+02  1.00000e+00
3.40000e+02  8.81743e+02  1.00000e+00
3.40010e+02  8.81717e+02  1.00000e+00
3.40020e+02  8.81691e+02  1.00000e+00
3.40030e+02  8.81665e+02  1.00000e+00
3.40039e+02  8.81641e+02  1.00000e+00
3.40049e+02  8.81615e+02  1.00000e+00
3.40059e+02  8.81590e+02  1.00000e+00
3.40069e+02  8.81564e+02  1.00000e+00
3.40079e+02  8.81538e+02  1.00000e+00
3.40089e+02  8.81512e+02  1.00000e+00
3.40098e+02  8.81488e+02  1.00000e+00
3.40108e+02  8.81463e+02  1.00000e+00
3.40118e+02  8.81437e+02  1.00000e+00
3.40128e+02  8.81411e+02  1.00000e+00
3.40138e+02  8.81385e+02  1.00000e+00
3.40148e+02  8.81359e+02  1.00000e+00
3.40157e+02  8.81336e+02  1.00000e+00
3.40167e+02  8.81310e+02  1.00000e+00
3.40177e+02  8.81284e+02  1.00000e+00
3.40187e+02  8.81258e+02  1.00000e+00
3.40197e+02  8.81232e+02  1.00000e+00
3.40207e+02  8.81206e+02  1.00000e+00
3.40216e+02  8.81183e+02  1.00000e+00
3.40226e+02  8.81157e+02  1.00000e+00
3.40236e+02  8.81131e+02  1.00000e+00
3.40246e+02  8.81105e+02  1.00000e+00
3.40256e+02  8.81079e+02  1.00000e+00
3.40266e+02  8.81053e+02  1.00000e+00
3.40276e+02  8.81027e+02  1.00000e+00
3.40285e+02  8.81004e+02  1.00000e+00
3.40295e+02  8.80978e+02  1.00000e+00
3.40305e+02  8.80952e+02  1.00000e+00
3.40315e+02  8.80926e+02  1.00000e+00
3.40325e+02  8.80900e+02  1.00000e+00
3.40335e+02  8.80875e+02  1.00000e+00
3.40344e+02  8.80851e+02  1.00000e+00
3.40354e+02  8.80825e+02  1.00000e+00
3.40364e+02  8.80800e+02  1.00000e+00
3.40374e+02  8.80774e+02  1.00000e+00
3.40384e+02  8.80748e+02  1.00000e+00
3.40394e+02  8.80722e+02  1.00000e+00
3.40403e+02  8.80699e+02  1.00000e+00
3.40413e+02  8.80673e+02  1.00000e+00
3.40423e+02  8.80647e+02  1.00000e+00
3.40433e+02  8.80621e+02  1.00000e+00
3.40443e+02  8.80595e+02  1.00000e+00
3.40453e+02  8.80569e+02  1.00000e+00
3.40462e+02  8.80546e+02  1.00000e+00
3.40472e+02  8.80520e+02  1.00000e+00
3.40482e+02  8.80494e+02  1.00000e+00
3.40492e+02  8.80468e+02  1.00000e+00
3.40502e+02  8.80443e+02  1.00000e+00
3.40512e+02  8.80417e+02  1.00000e+00
3.40522e+02  8.80391e+02  1.00000e+00
3.40531e+02  8.80368e+02  1.00000e+00
3.40541e+02  8.80342e+02  1.00000e+00
3.40551e+02  8.80316e+02  1.00000e+00
3.40561e+02  8.80290e+02  1.00000e+00
3.40571e+02  8.80264e+02  1.00000e+00
3.40581e+02  8.80238e+02  1.00000e+00
3.40590e+02  8.80215e+02  1.00000e+00
3.40600e+02  8.80189e+02  1.00000e+00
3.40610e+02  8.80163e+02  1.00000e+00
3.40620e+02  8.80138e+02  1.00000e+00
3.40630e+02  8.80112e+02  1.00000e+00
3.40640e+02  8.80086e+02  1.00000e+00
3.40649e+02  8.80063e+02  1.00000e+00
3.40659e+02  8.80037e+02  1.00000e+00
3.40669e+02  8.80011e+02  1.00000e+00
3.40679e+02  8.79985e+02  1.00000e+00
3.40689e+02  8.79959e+02  1.00000e+00
3.40699e+02  8.79933e+02  1.00000e+00
3.40708e+02  8.79910e+02  1.00000e+00
3.40718e+02  8.79884e+02  1.00000e+00
3.40728e+02  8.79859e+02  1.00000e+00
3.40738e+02  8.79833e+02  1.00000e+00
3.40748e+02  8.79807e+02  1.00000e+00
3.40758e+02  8.79781e+02  1.00000e+00
3.40768e+02  8.79755e+02  1.00000e+00
3.40777e+02  8.79732e+02  1.00000e+00
3.40787e+02  8.79706e+02  1.00000e+00
3.40797e+02  8.79680e+02  1.00000e+00
3.40807e+02  8.79655e+02  1.00000e+00
3.40817e+02  8.79629e+02  1.00000e+00
3.40827e+02  8.79603e+02  1.00000e+00
3.40836e+02  8.79580e+02  1.00000e+00
3.40846e+02  8.79554e+02  1.00000e+00
3.40856e+02  8.79528e+02  1.00000e+00
3.40866e+02  8.79502e+02  1.00000e+00
3.40876e+02  8.79477e+02  1.00000e+00
3.40886e+02  8.79451e+02  1.00000e+00
3.40895e+02  8.79428e+02  1.00000e+00
3.40905e+02  8.79402e+02  1.00000e+00
3.40915e+02  8.79376e+02  1.00000e+00
3.40925e+02  8.79350e+02  1.00000e+00
3.40935e+02  8.79324e+02  1.00000e+00
3.40945e+02  8.79299e+02  1.00000e+00
3.40954e+02  8.79275e+02  1.00000e+00
3.40964e+02  8.79250e+02  1.00000e+00
3.40974e+02  8.79224e+02  1.00000e+00
3.40984e+02  8.79198e+02  1.00000e+00
3.40994e+02  8.79172e+02  0.00000e+00
3.41004e+02  8.79146e+02  0.00000e+00
3.41014e+02  8.79121e+02  0.00000e+00
3.41023e+02  8.79097e+02  0.00000e+00
3.41033e+02  8.79072e+02  0.00000e+00
3.41043e+02  8.79046e+02  0.00000e+00
3.41053e+02  8.79020e+02  0.00000e+00
3.41063e+02  8.78994e+02  0.00000e+00
3.41073e+02  8.78969e+02  0.00000e+00
3.41082e+02  8.78945e+02  0.00000e+00
3.41092e+02  8.78920e+02  0.00000e+00
3.41102e+02  8.78894e+02  0.00000e+00
3.41112e+02  8.78868e+02  0.00000e+00
3.41122e+02  8.78842e+02  0.00000e+00
3.41132e+02  8.78817e+02  0.00000e+00
3.41141e+02  8.78793e+02  0.00000e+00
3.41151e+02  8.78768e+02  0.00000e+00
3.41161e+02  8.78742e+02  0.00000e+00
3.41171e+02  8.78716e+02  0.00000e+00
3.41181e+02  8.78690e+02  0.00000e+00
3.41191e+02  8.78665e+02  0.00000e+00
3.41200e+02  8.78641e+02  0.00000e+00
3.41210e+02  8.78616e+02  0.00000e+00
3.41220e+02  8.78590e+02  0.00000e+00
3.41230e+02  8.78564e+02  0.00000e+00
3.41240e+02  8.78538e+02  0.00000e+00
3.41250e+02  8.78513e+02  0.00000e+00
3.41260e+02  8.78487e+02  0.00000e+00
3.41269e+02  8.78464e+02  0.00000e+00
3.41279e+02  8.78438e+02  0.00000e+00
3.41289e+02  8.78412e+02  0.00000e+00
3.41299e+02  8.78387e+02  0.00000e+00
3.41309e+02  8.78361e+02  0.00000e+00
3.41319e+02  8.78335e+02  0.00000e+00
3.41328e+02  8.78312e+02  0.00000e+00
3.41338e+02  8.78286e+02  0.00000e+00
3.41348e+02  8.78260e+02  0.00000e+00
3.41358e+02  8.78235e+02  0.00000e+00
3.41368e+02  8.78209e+02  0.00000e+00
3.41378e+02  8.78183e+02  0.00000e+00
3.41387e+02  8.78160e+02  0.00000e+00
3.41397e+02  8.78134e+02  0.00000e+00
3.41407e+02  8.78109e+02  0.00000e+00
3.41417e+02  8.78083e+02  0.00000e+00
3.41427e+02  8.78057e+02  0.00000e+00
3.41437e+02  8.78032e+02  0.00000e+00
3.41446e+02  8.78008e+02  0.00000e+00
3.41456e+02  8.77983e+02  0.00000e+00
3.41466e+02  8.77957e+02  0.00000e+00
3.41476e+02  8.77931e+02  0.00000e+00
3.41486e+02  8.77906e+02  0.00000e+00
3.41496e+02  8.77880e+02  0.00000e+00
3.41506e+02  8.77854e+02  0.00000e+00
3.41515e+02  8.77831e+02  0.00000e+00
3.41525e+02  8.77805e+02  0.00000e+00
3.41535e+02  8.77780e+02  0.00000e+00
3.41545e+02  8.77754e+02  0.00000e+00
3.41555e+02  8.77728e+02  0.00000e+00
3.41565e+02  8.77703e+02  0.00000e+00
3.41574e+02  8.77679e+02  0.00000e+00
3.41584e+02  8.77654e+02  0.00000e+00
3.41594e+02  8.77628e+02  0.00000e+00
3.41604e+02  8.77602e+02  0.00000e+00
3.41614e+02  8.77577e+02  0.00000e+00
3.41624e+02  8.77551e+02  0.00000e+00
3.41633e+02  8.77528e+02  0.00000e+00
3.41643e+02  8.77502e+02  0.00000e+00
3.41653e+02  8.77476e+02  0.00000e+00
3.41663e+02  8.77451e+02  0.00000e+00
3.41673e+02  8.77425e+02  0.00000e+00
3.41683e+02  8.77399e+02  0.00000e+00
3.41692e+02  8.77376e+02  0.00000e+00
3.41702e+02  8.77351e+02  0.00000e+00
3.41712e+02  8.77325e+02  0.00000e+00
3.41722e+02  8.77299e+02  0.00000e+00
3.41732e+02  8.77274e+02  0.00000e+00
3.41742e+02  8.77248e+02  0.00000e+00
3.41752e+02  8.77222e+02  0.00000e+00
3.41761e+02  8.77199e+02  0.00000e+00
3.41771e+02  8.77173e+02  0.00000e+00
3.41781e+02  8.77148e+02  0.00000e+00
3.41791e+02  8.77122e+02  0.00000e+00
3.41801e+02  8.77096e+02  0.00000e+00
3.41811e+02  8.77071e+02  0.00000e+00
3.41820e+02  8.77048e+02  0.00000e+00
3.41830e+02  8.77022e+02  0.00000e+00
3.41840e+02  8.76996e+02  0.00000e+00
3.41850e+02  8.76971e+02  0.00000e+00
3.41860e+02  8.76945e+02  0.00000e+00
3.41870e+02  8.76919e+02  0.00000e+00
3.41879e+02  8.76896e+02  0.00000e+00
3.41889e+02  8.76871e+02  0.00000e+00
3.41899e+02  8.76845e+02  0.00000e+00
3.41909e+02  8.76819e+02  0.00000e+00
3.41919e+02  8.76794e+02  0.00000e+00
3.41929e+02  8.76768e+02  0.00000e+00
3.41938e+02  8.76745e+02  0.00000e+00
3.41948e+02  8.76719e+02  0.00000e+00
3.41958e+02  8.76694e+02  0.00000e+00
3.41968e+02  8.76668e+02  0.00000e+00
