SPT_3300micron
frq          wvl          transmission
[GHz]        [micron]                 
1.30345e-01  2.30000e+03  6.12957e-03
1.30244e-01  2.30177e+03  5.95746e-03
1.30144e-01  2.30354e+03  5.75554e-03
1.30044e-01  2.30532e+03  5.52727e-03
1.29943e-01  2.30710e+03  5.27622e-03
1.29843e-01  2.30888e+03  5.00584e-03
1.29743e-01  2.31066e+03  4.71968e-03
1.29643e-01  2.31245e+03  4.42132e-03
1.29542e-01  2.31424e+03  4.11417e-03
1.29442e-01  2.31603e+03  3.80185e-03
1.29342e-01  2.31783e+03  3.48778e-03
1.29242e-01  2.31963e+03  3.17553e-03
1.29141e-01  2.32143e+03  2.86866e-03
1.29041e-01  2.32323e+03  2.57059e-03
1.28941e-01  2.32504e+03  2.28494e-03
1.28841e-01  2.32685e+03  2.01513e-03
1.28740e-01  2.32866e+03  1.76472e-03
1.28640e-01  2.33048e+03  1.53728e-03
1.28540e-01  2.33229e+03  1.33624e-03
1.28440e-01  2.33411e+03  1.16519e-03
1.28339e-01  2.33594e+03  1.02759e-03
1.28239e-01  2.33776e+03  9.26989e-04
1.28139e-01  2.33959e+03  8.66901e-04
1.28038e-01  2.34143e+03  8.50841e-04
1.27938e-01  2.34326e+03  8.82325e-04
1.27838e-01  2.34510e+03  9.64650e-04
1.27738e-01  2.34694e+03  1.09604e-03
1.27637e-01  2.34878e+03  1.26980e-03
1.27537e-01  2.35063e+03  1.47907e-03
1.27437e-01  2.35248e+03  1.71691e-03
1.27337e-01  2.35433e+03  1.97649e-03
1.27236e-01  2.35619e+03  2.25086e-03
1.27136e-01  2.35804e+03  2.53315e-03
1.27036e-01  2.35991e+03  2.81650e-03
1.26936e-01  2.36177e+03  3.09395e-03
1.26835e-01  2.36364e+03  3.35869e-03
1.26735e-01  2.36551e+03  3.60376e-03
1.26635e-01  2.36738e+03  3.82230e-03
1.26534e-01  2.36926e+03  4.00744e-03
1.26434e-01  2.37113e+03  4.15223e-03
1.26334e-01  2.37302e+03  4.17586e-03
1.26234e-01  2.37490e+03  4.07790e-03
1.26133e-01  2.37679e+03  3.93823e-03
1.26033e-01  2.37868e+03  3.76470e-03
1.25933e-01  2.38057e+03  3.56521e-03
1.25833e-01  2.38247e+03  3.34756e-03
1.25732e-01  2.38437e+03  3.11967e-03
1.25632e-01  2.38627e+03  2.88937e-03
1.25532e-01  2.38818e+03  2.66451e-03
1.25432e-01  2.39009e+03  2.45301e-03
1.25331e-01  2.39200e+03  2.26266e-03
1.25231e-01  2.39392e+03  2.10136e-03
1.25131e-01  2.39583e+03  1.97697e-03
1.25030e-01  2.39775e+03  1.89734e-03
1.24930e-01  2.39968e+03  1.87035e-03
1.24830e-01  2.40161e+03  1.96938e-03
1.24730e-01  2.40354e+03  2.19472e-03
1.24629e-01  2.40547e+03  2.47256e-03
1.24529e-01  2.40741e+03  2.79516e-03
1.24429e-01  2.40935e+03  3.15470e-03
1.24329e-01  2.41129e+03  3.54353e-03
1.24228e-01  2.41324e+03  3.95381e-03
1.24128e-01  2.41519e+03  4.37783e-03
1.24028e-01  2.41714e+03  4.80785e-03
1.23928e-01  2.41909e+03  5.23604e-03
1.23827e-01  2.42105e+03  5.65476e-03
1.23727e-01  2.42301e+03  6.05617e-03
1.23627e-01  2.42498e+03  6.43255e-03
1.23527e-01  2.42695e+03  6.77618e-03
1.23426e-01  2.42892e+03  7.07921e-03
1.23326e-01  2.43089e+03  7.25429e-03
1.23226e-01  2.43287e+03  7.29845e-03
1.23125e-01  2.43485e+03  7.30174e-03
1.23025e-01  2.43684e+03  7.27205e-03
1.22925e-01  2.43883e+03  7.21728e-03
1.22825e-01  2.44082e+03  7.14532e-03
1.22724e-01  2.44281e+03  7.06407e-03
1.22624e-01  2.44481e+03  6.98143e-03
1.22524e-01  2.44681e+03  6.90529e-03
1.22424e-01  2.44881e+03  6.84355e-03
1.22323e-01  2.45082e+03  6.80411e-03
1.22223e-01  2.45283e+03  6.79486e-03
1.22123e-01  2.45484e+03  6.82370e-03
1.22023e-01  2.45686e+03  6.89853e-03
1.21922e-01  2.45888e+03  7.02723e-03
1.21822e-01  2.46091e+03  7.25448e-03
1.21722e-01  2.46293e+03  7.57635e-03
1.21621e-01  2.46496e+03  7.94696e-03
1.21521e-01  2.46700e+03  8.36199e-03
1.21421e-01  2.46903e+03  8.81697e-03
1.21321e-01  2.47107e+03  9.30769e-03
1.21220e-01  2.47312e+03  9.82966e-03
1.21120e-01  2.47517e+03  1.03786e-02
1.21020e-01  2.47722e+03  1.09501e-02
1.20920e-01  2.47927e+03  1.15397e-02
1.20819e-01  2.48133e+03  1.21433e-02
1.20719e-01  2.48339e+03  1.27564e-02
1.20619e-01  2.48545e+03  1.33745e-02
1.20519e-01  2.48752e+03  1.39935e-02
1.20418e-01  2.48959e+03  1.46088e-02
1.20318e-01  2.49167e+03  1.45730e-02
1.20218e-01  2.49374e+03  1.37000e-02
1.20118e-01  2.49583e+03  1.27068e-02
1.20017e-01  2.49791e+03  1.16741e-02
1.19917e-01  2.50000e+03  1.06833e-02
1.19817e-01  2.50209e+03  9.81482e-03
1.19716e-01  2.50419e+03  9.14989e-03
1.19616e-01  2.50629e+03  8.76933e-03
1.19516e-01  2.50839e+03  8.75407e-03
1.19416e-01  2.51050e+03  9.18496e-03
1.19315e-01  2.51261e+03  1.01431e-02
1.19215e-01  2.51472e+03  1.17092e-02
1.19115e-01  2.51684e+03  1.39643e-02
1.19015e-01  2.51896e+03  1.69894e-02
1.18914e-01  2.52108e+03  2.08649e-02
1.18814e-01  2.52321e+03  2.59684e-02
1.18714e-01  2.52534e+03  3.23379e-02
1.18614e-01  2.52747e+03  3.95653e-02
1.18513e-01  2.52961e+03  4.75683e-02
1.18413e-01  2.53175e+03  5.62623e-02
1.18313e-01  2.53390e+03  6.55671e-02
1.18212e-01  2.53605e+03  7.53978e-02
1.18112e-01  2.53820e+03  8.56725e-02
1.18012e-01  2.54036e+03  9.63090e-02
1.17912e-01  2.54252e+03  1.07222e-01
1.17811e-01  2.54468e+03  1.18332e-01
1.17711e-01  2.54685e+03  1.29554e-01
1.17611e-01  2.54902e+03  1.40806e-01
1.17511e-01  2.55119e+03  1.52006e-01
1.17410e-01  2.55337e+03  1.63069e-01
1.17310e-01  2.55556e+03  1.72624e-01
1.17210e-01  2.55774e+03  1.80457e-01
1.17110e-01  2.55993e+03  1.88118e-01
1.17009e-01  2.56213e+03  1.95711e-01
1.16909e-01  2.56432e+03  2.03337e-01
1.16809e-01  2.56652e+03  2.11100e-01
1.16709e-01  2.56873e+03  2.19102e-01
1.16608e-01  2.57094e+03  2.27445e-01
1.16508e-01  2.57315e+03  2.36233e-01
1.16408e-01  2.57537e+03  2.45567e-01
1.16307e-01  2.57759e+03  2.55552e-01
1.16207e-01  2.57981e+03  2.66288e-01
1.16107e-01  2.58204e+03  2.77878e-01
1.16007e-01  2.58427e+03  2.90427e-01
1.15906e-01  2.58651e+03  3.04034e-01
1.15806e-01  2.58874e+03  3.20580e-01
1.15706e-01  2.59099e+03  3.40696e-01
1.15606e-01  2.59324e+03  3.62178e-01
1.15505e-01  2.59549e+03  3.84731e-01
1.15405e-01  2.59774e+03  4.08054e-01
1.15305e-01  2.60000e+03  4.31856e-01
1.15205e-01  2.60226e+03  4.55836e-01
1.15104e-01  2.60453e+03  4.79698e-01
1.15004e-01  2.60680e+03  5.03147e-01
1.14904e-01  2.60907e+03  5.25882e-01
1.14803e-01  2.61135e+03  5.47612e-01
1.14703e-01  2.61364e+03  5.68035e-01
1.14603e-01  2.61592e+03  5.86857e-01
1.14503e-01  2.61821e+03  6.03782e-01
1.14402e-01  2.62051e+03  6.18508e-01
1.14302e-01  2.62281e+03  6.28566e-01
1.14202e-01  2.62511e+03  6.33478e-01
1.14102e-01  2.62742e+03  6.36139e-01
1.14001e-01  2.62973e+03  6.36866e-01
1.13901e-01  2.63204e+03  6.35973e-01
1.13801e-01  2.63436e+03  6.33777e-01
1.13701e-01  2.63668e+03  6.30593e-01
1.13600e-01  2.63901e+03  6.26737e-01
1.13500e-01  2.64134e+03  6.22524e-01
1.13400e-01  2.64368e+03  6.18272e-01
1.13299e-01  2.64602e+03  6.14293e-01
1.13199e-01  2.64836e+03  6.10905e-01
1.13099e-01  2.65071e+03  6.08424e-01
1.12999e-01  2.65306e+03  6.07164e-01
1.12898e-01  2.65542e+03  6.07442e-01
1.12798e-01  2.65778e+03  6.12772e-01
1.12698e-01  2.66014e+03  6.23924e-01
1.12598e-01  2.66251e+03  6.36680e-01
1.12497e-01  2.66488e+03  6.50702e-01
1.12397e-01  2.66726e+03  6.65650e-01
1.12297e-01  2.66964e+03  6.81190e-01
1.12197e-01  2.67203e+03  6.96981e-01
1.12096e-01  2.67442e+03  7.12686e-01
1.11996e-01  2.67681e+03  7.27969e-01
1.11896e-01  2.67921e+03  7.42489e-01
1.11796e-01  2.68161e+03  7.55911e-01
1.11695e-01  2.68402e+03  7.67895e-01
1.11595e-01  2.68643e+03  7.78104e-01
1.11495e-01  2.68885e+03  7.86201e-01
1.11394e-01  2.69127e+03  7.91846e-01
1.11294e-01  2.69369e+03  7.90866e-01
1.11194e-01  2.69612e+03  7.81888e-01
1.11094e-01  2.69856e+03  7.70080e-01
1.10993e-01  2.70099e+03  7.56000e-01
1.10893e-01  2.70344e+03  7.40205e-01
1.10793e-01  2.70588e+03  7.23250e-01
1.10693e-01  2.70833e+03  7.05694e-01
1.10592e-01  2.71079e+03  6.88094e-01
1.10492e-01  2.71325e+03  6.71004e-01
1.10392e-01  2.71571e+03  6.54986e-01
1.10292e-01  2.71818e+03  6.40592e-01
1.10191e-01  2.72066e+03  6.28382e-01
1.10091e-01  2.72313e+03  6.18912e-01
1.09991e-01  2.72562e+03  6.12738e-01
1.09890e-01  2.72810e+03  6.10419e-01
1.09790e-01  2.73059e+03  6.17703e-01
1.09690e-01  2.73309e+03  6.36416e-01
1.09590e-01  2.73559e+03  6.59332e-01
1.09489e-01  2.73810e+03  6.85717e-01
1.09389e-01  2.74060e+03  7.14828e-01
1.09289e-01  2.74312e+03  7.45938e-01
1.09189e-01  2.74564e+03  7.78306e-01
1.09088e-01  2.74816e+03  8.11195e-01
1.08988e-01  2.75069e+03  8.43875e-01
1.08888e-01  2.75322e+03  8.75602e-01
1.08788e-01  2.75576e+03  9.05648e-01
1.08687e-01  2.75830e+03  9.33273e-01
1.08587e-01  2.76085e+03  9.57740e-01
1.08487e-01  2.76340e+03  9.78318e-01
1.08387e-01  2.76596e+03  9.94265e-01
1.08286e-01  2.76852e+03  1.00000e+00
1.08186e-01  2.77108e+03  9.94125e-01
1.08086e-01  2.77365e+03  9.83712e-01
1.07985e-01  2.77623e+03  9.69374e-01
1.07885e-01  2.77881e+03  9.51732e-01
1.07785e-01  2.78140e+03  9.31392e-01
1.07685e-01  2.78399e+03  9.08977e-01
1.07584e-01  2.78658e+03  8.85098e-01
1.07484e-01  2.78918e+03  8.60370e-01
1.07384e-01  2.79178e+03  8.35411e-01
1.07284e-01  2.79439e+03  8.10830e-01
1.07183e-01  2.79701e+03  7.87247e-01
1.07083e-01  2.79963e+03  7.65276e-01
1.06983e-01  2.80225e+03  7.45530e-01
1.06883e-01  2.80488e+03  7.28627e-01
1.06782e-01  2.80751e+03  7.18623e-01
1.06682e-01  2.81015e+03  7.16194e-01
1.06582e-01  2.81279e+03  7.16148e-01
1.06481e-01  2.81544e+03  7.18220e-01
1.06381e-01  2.81810e+03  7.22142e-01
1.06281e-01  2.82075e+03  7.27647e-01
1.06181e-01  2.82342e+03  7.34468e-01
1.06080e-01  2.82609e+03  7.42338e-01
1.05980e-01  2.82876e+03  7.50990e-01
1.05880e-01  2.83144e+03  7.60158e-01
1.05780e-01  2.83412e+03  7.69573e-01
1.05679e-01  2.83681e+03  7.78969e-01
1.05579e-01  2.83951e+03  7.88080e-01
1.05479e-01  2.84221e+03  7.96638e-01
1.05379e-01  2.84491e+03  8.04376e-01
1.05278e-01  2.84762e+03  8.10056e-01
1.05178e-01  2.85033e+03  8.13773e-01
1.05078e-01  2.85305e+03  8.17092e-01
1.04977e-01  2.85578e+03  8.19987e-01
1.04877e-01  2.85851e+03  8.22430e-01
1.04777e-01  2.86124e+03  8.24394e-01
1.04677e-01  2.86398e+03  8.25854e-01
1.04576e-01  2.86673e+03  8.26780e-01
1.04476e-01  2.86948e+03  8.27148e-01
1.04376e-01  2.87224e+03  8.26929e-01
1.04276e-01  2.87500e+03  8.26098e-01
1.04175e-01  2.87777e+03  8.24626e-01
1.04075e-01  2.88054e+03  8.22488e-01
1.03975e-01  2.88332e+03  8.19656e-01
1.03875e-01  2.88610e+03  8.16104e-01
1.03774e-01  2.88889e+03  8.10918e-01
1.03674e-01  2.89168e+03  8.03398e-01
1.03574e-01  2.89448e+03  7.94844e-01
1.03474e-01  2.89729e+03  7.85477e-01
1.03373e-01  2.90010e+03  7.75519e-01
1.03273e-01  2.90291e+03  7.65193e-01
1.03173e-01  2.90573e+03  7.54718e-01
1.03072e-01  2.90856e+03  7.44318e-01
1.02972e-01  2.91139e+03  7.34214e-01
1.02872e-01  2.91423e+03  7.24628e-01
1.02772e-01  2.91707e+03  7.15781e-01
1.02671e-01  2.91992e+03  7.07896e-01
1.02571e-01  2.92278e+03  7.01193e-01
1.02471e-01  2.92564e+03  6.95894e-01
1.02371e-01  2.92850e+03  6.92223e-01
1.02270e-01  2.93137e+03  6.91870e-01
1.02170e-01  2.93425e+03  6.95556e-01
1.02070e-01  2.93713e+03  7.00935e-01
1.01970e-01  2.94002e+03  7.07768e-01
1.01869e-01  2.94291e+03  7.15819e-01
1.01769e-01  2.94581e+03  7.24849e-01
1.01669e-01  2.94872e+03  7.34622e-01
1.01568e-01  2.95163e+03  7.44900e-01
1.01468e-01  2.95455e+03  7.55446e-01
1.01368e-01  2.95747e+03  7.66022e-01
1.01268e-01  2.96040e+03  7.76391e-01
1.01167e-01  2.96333e+03  7.86315e-01
1.01067e-01  2.96627e+03  7.95558e-01
1.00967e-01  2.96922e+03  8.03882e-01
1.00867e-01  2.97217e+03  8.11049e-01
1.00766e-01  2.97512e+03  8.15314e-01
1.00666e-01  2.97809e+03  8.16049e-01
1.00566e-01  2.98106e+03  8.15714e-01
1.00466e-01  2.98403e+03  8.14464e-01
1.00365e-01  2.98701e+03  8.12453e-01
1.00265e-01  2.99000e+03  8.09833e-01
1.00165e-01  2.99299e+03  8.06758e-01
1.00065e-01  2.99599e+03  8.03382e-01
9.99642e-02  2.99900e+03  7.99857e-01
9.98640e-02  3.00201e+03  7.96339e-01
9.97637e-02  3.00503e+03  7.92981e-01
9.96634e-02  3.00805e+03  7.89935e-01
9.95632e-02  3.01108e+03  7.87356e-01
9.94629e-02  3.01411e+03  7.85396e-01
9.93627e-02  3.01715e+03  7.84210e-01
9.92624e-02  3.02020e+03  7.85089e-01
9.91621e-02  3.02326e+03  7.88618e-01
9.90619e-02  3.02632e+03  7.92919e-01
9.89616e-02  3.02938e+03  7.97859e-01
9.88613e-02  3.03245e+03  8.03305e-01
9.87611e-02  3.03553e+03  8.09125e-01
9.86608e-02  3.03862e+03  8.15188e-01
9.85605e-02  3.04171e+03  8.21362e-01
9.84603e-02  3.04481e+03  8.27514e-01
9.83600e-02  3.04791e+03  8.33511e-01
9.82597e-02  3.05102e+03  8.39222e-01
9.81595e-02  3.05414e+03  8.44514e-01
9.80592e-02  3.05726e+03  8.49255e-01
9.79589e-02  3.06039e+03  8.53314e-01
9.78587e-02  3.06352e+03  8.56558e-01
9.77584e-02  3.06667e+03  8.57986e-01
9.76581e-02  3.06982e+03  8.57104e-01
9.75579e-02  3.07297e+03  8.55394e-01
9.74576e-02  3.07613e+03  8.52978e-01
9.73573e-02  3.07930e+03  8.49978e-01
9.72571e-02  3.08247e+03  8.46517e-01
9.71568e-02  3.08566e+03  8.42716e-01
9.70566e-02  3.08884e+03  8.38698e-01
9.69563e-02  3.09204e+03  8.34583e-01
9.68560e-02  3.09524e+03  8.30495e-01
9.67558e-02  3.09845e+03  8.26555e-01
9.66555e-02  3.10166e+03  8.22886e-01
9.65552e-02  3.10488e+03  8.19608e-01
9.64550e-02  3.10811e+03  8.16845e-01
9.63547e-02  3.11134e+03  8.14718e-01
9.62544e-02  3.11458e+03  8.13568e-01
9.61542e-02  3.11783e+03  8.13342e-01
9.60539e-02  3.12109e+03  8.13581e-01
9.59536e-02  3.12435e+03  8.14287e-01
9.58534e-02  3.12762e+03  8.15460e-01
9.57531e-02  3.13089e+03  8.17103e-01
9.56528e-02  3.13417e+03  8.19216e-01
9.55526e-02  3.13746e+03  8.21801e-01
9.54523e-02  3.14076e+03  8.24859e-01
9.53520e-02  3.14406e+03  8.28393e-01
9.52518e-02  3.14737e+03  8.32402e-01
9.51515e-02  3.15068e+03  8.36889e-01
9.50513e-02  3.15401e+03  8.41854e-01
9.49510e-02  3.15734e+03  8.47301e-01
9.48507e-02  3.16068e+03  8.53229e-01
9.47505e-02  3.16402e+03  8.60063e-01
9.46502e-02  3.16737e+03  8.68320e-01
9.45499e-02  3.17073e+03  8.77297e-01
9.44497e-02  3.17410e+03  8.86847e-01
9.43494e-02  3.17747e+03  8.96820e-01
9.42491e-02  3.18085e+03  9.07069e-01
9.41489e-02  3.18424e+03  9.17446e-01
9.40486e-02  3.18763e+03  9.27805e-01
9.39483e-02  3.19104e+03  9.37996e-01
9.38481e-02  3.19444e+03  9.47873e-01
9.37478e-02  3.19786e+03  9.57286e-01
9.36475e-02  3.20128e+03  9.66089e-01
9.35473e-02  3.20472e+03  9.74134e-01
9.34470e-02  3.20815e+03  9.81273e-01
9.33467e-02  3.21160e+03  9.87357e-01
9.32465e-02  3.21505e+03  9.91723e-01
9.31462e-02  3.21851e+03  9.94083e-01
9.30460e-02  3.22198e+03  9.95447e-01
9.29457e-02  3.22546e+03  9.95903e-01
9.28454e-02  3.22894e+03  9.95542e-01
9.27452e-02  3.23243e+03  9.94452e-01
9.26449e-02  3.23593e+03  9.92722e-01
9.25446e-02  3.23944e+03  9.90442e-01
9.24444e-02  3.24295e+03  9.87699e-01
9.23441e-02  3.24647e+03  9.84584e-01
9.22438e-02  3.25000e+03  9.81185e-01
9.21436e-02  3.25354e+03  9.77592e-01
9.20433e-02  3.25708e+03  9.73893e-01
9.19430e-02  3.26063e+03  9.70178e-01
9.18428e-02  3.26419e+03  9.66535e-01
9.17425e-02  3.26776e+03  9.63628e-01
9.16422e-02  3.27133e+03  9.61765e-01
9.15420e-02  3.27492e+03  9.59869e-01
9.14417e-02  3.27851e+03  9.57930e-01
9.13414e-02  3.28211e+03  9.55938e-01
9.12412e-02  3.28571e+03  9.53884e-01
9.11409e-02  3.28933e+03  9.51756e-01
9.10407e-02  3.29295e+03  9.49544e-01
9.09404e-02  3.29658e+03  9.47239e-01
9.08401e-02  3.30022e+03  9.44830e-01
9.07399e-02  3.30387e+03  9.42307e-01
9.06396e-02  3.30752e+03  9.39659e-01
9.05393e-02  3.31118e+03  9.36877e-01
9.04391e-02  3.31486e+03  9.33949e-01
9.03388e-02  3.31853e+03  9.30867e-01
9.02385e-02  3.32222e+03  9.27613e-01
9.01383e-02  3.32592e+03  9.24171e-01
9.00380e-02  3.32962e+03  9.20563e-01
8.99377e-02  3.33333e+03  9.16805e-01
8.98375e-02  3.33705e+03  9.12911e-01
8.97372e-02  3.34078e+03  9.08896e-01
8.96369e-02  3.34452e+03  9.04774e-01
8.95367e-02  3.34826e+03  9.00560e-01
8.94364e-02  3.35202e+03  8.96268e-01
8.93361e-02  3.35578e+03  8.91913e-01
8.92359e-02  3.35955e+03  8.87510e-01
8.91356e-02  3.36333e+03  8.83072e-01
8.90354e-02  3.36712e+03  8.78615e-01
8.89351e-02  3.37091e+03  8.74152e-01
8.88348e-02  3.37472e+03  8.69699e-01
8.87346e-02  3.37853e+03  8.65330e-01
8.86343e-02  3.38235e+03  8.61066e-01
8.85340e-02  3.38618e+03  8.56784e-01
8.84338e-02  3.39002e+03  8.52489e-01
8.83335e-02  3.39387e+03  8.48186e-01
8.82332e-02  3.39773e+03  8.43879e-01
8.81330e-02  3.40159e+03  8.39571e-01
8.80327e-02  3.40547e+03  8.35268e-01
8.79324e-02  3.40935e+03  8.30974e-01
8.78322e-02  3.41324e+03  8.26693e-01
8.77319e-02  3.41714e+03  8.22429e-01
8.76316e-02  3.42105e+03  8.18187e-01
8.75314e-02  3.42497e+03  8.13972e-01
8.74311e-02  3.42890e+03  8.09786e-01
8.73308e-02  3.43284e+03  8.05636e-01
8.72306e-02  3.43678e+03  8.01538e-01
8.71303e-02  3.44074e+03  7.97501e-01
8.70301e-02  3.44470e+03  7.93498e-01
8.69298e-02  3.44867e+03  7.89525e-01
8.68295e-02  3.45266e+03  7.85581e-01
8.67293e-02  3.45665e+03  7.81661e-01
8.66290e-02  3.46065e+03  7.77764e-01
8.65287e-02  3.46466e+03  7.73886e-01
8.64285e-02  3.46868e+03  7.70025e-01
8.63282e-02  3.47271e+03  7.66176e-01
8.62279e-02  3.47674e+03  7.62339e-01
8.61277e-02  3.48079e+03  7.58509e-01
8.60274e-02  3.48485e+03  7.54683e-01
8.59271e-02  3.48891e+03  7.50858e-01
8.58269e-02  3.49299e+03  7.47033e-01
8.57266e-02  3.49708e+03  7.43306e-01
8.56263e-02  3.50117e+03  7.39810e-01
8.55261e-02  3.50528e+03  7.36354e-01
8.54258e-02  3.50939e+03  7.32916e-01
8.53255e-02  3.51351e+03  7.29473e-01
8.52253e-02  3.51765e+03  7.26002e-01
8.51250e-02  3.52179e+03  7.22482e-01
8.50248e-02  3.52594e+03  7.18889e-01
8.49245e-02  3.53011e+03  7.15202e-01
8.48242e-02  3.53428e+03  7.11399e-01
8.47240e-02  3.53846e+03  7.07457e-01
8.46237e-02  3.54265e+03  7.03353e-01
8.45234e-02  3.54686e+03  6.99066e-01
8.44232e-02  3.55107e+03  6.94572e-01
8.43229e-02  3.55529e+03  6.89851e-01
8.42226e-02  3.55952e+03  6.84951e-01
8.41224e-02  3.56377e+03  6.79979e-01
8.40221e-02  3.56802e+03  6.74814e-01
8.39218e-02  3.57228e+03  6.69452e-01
8.38216e-02  3.57656e+03  6.63891e-01
8.37213e-02  3.58084e+03  6.58127e-01
8.36210e-02  3.58513e+03  6.52158e-01
8.35208e-02  3.58944e+03  6.45982e-01
8.34205e-02  3.59375e+03  6.39594e-01
8.33202e-02  3.59807e+03  6.32993e-01
8.32200e-02  3.60241e+03  6.26176e-01
8.31197e-02  3.60676e+03  6.19139e-01
8.30195e-02  3.61111e+03  6.11880e-01
8.29192e-02  3.61548e+03  6.04396e-01
8.28189e-02  3.61985e+03  5.96685e-01
8.27187e-02  3.62424e+03  5.88590e-01
8.26184e-02  3.62864e+03  5.79851e-01
8.25181e-02  3.63305e+03  5.70783e-01
8.24179e-02  3.63747e+03  5.61447e-01
8.23176e-02  3.64190e+03  5.51909e-01
8.22173e-02  3.64634e+03  5.42232e-01
8.21171e-02  3.65079e+03  5.32479e-01
8.20168e-02  3.65526e+03  5.22713e-01
8.19165e-02  3.65973e+03  5.12999e-01
8.18163e-02  3.66422e+03  5.03400e-01
8.17160e-02  3.66871e+03  4.93980e-01
8.16157e-02  3.67322e+03  4.84802e-01
8.15155e-02  3.67774e+03  4.75930e-01
8.14152e-02  3.68227e+03  4.67427e-01
8.13149e-02  3.68681e+03  4.59357e-01
8.12147e-02  3.69136e+03  4.52561e-01
8.11144e-02  3.69592e+03  4.48042e-01
8.10142e-02  3.70049e+03  4.44127e-01
8.09139e-02  3.70508e+03  4.40662e-01
8.08136e-02  3.70968e+03  4.37498e-01
8.07134e-02  3.71429e+03  4.34482e-01
8.06131e-02  3.71891e+03  4.31463e-01
8.05128e-02  3.72354e+03  4.28288e-01
8.04126e-02  3.72818e+03  4.24807e-01
8.03123e-02  3.73283e+03  4.20868e-01
8.02120e-02  3.73750e+03  4.16320e-01
8.01118e-02  3.74218e+03  4.11010e-01
8.00115e-02  3.74687e+03  4.04788e-01
7.99112e-02  3.75157e+03  3.97500e-01
7.98110e-02  3.75628e+03  3.88998e-01
7.97107e-02  3.76101e+03  3.78329e-01
7.96104e-02  3.76574e+03  3.64487e-01
7.95102e-02  3.77049e+03  3.49319e-01
7.94099e-02  3.77525e+03  3.33008e-01
7.93096e-02  3.78003e+03  3.15741e-01
7.92094e-02  3.78481e+03  2.97700e-01
7.91091e-02  3.78961e+03  2.79070e-01
7.90089e-02  3.79442e+03  2.60034e-01
7.89086e-02  3.79924e+03  2.40777e-01
7.88083e-02  3.80407e+03  2.21483e-01
7.87081e-02  3.80892e+03  2.02338e-01
7.86078e-02  3.81378e+03  1.83523e-01
7.85075e-02  3.81865e+03  1.65225e-01
7.84073e-02  3.82353e+03  1.47624e-01
7.83070e-02  3.82843e+03  1.30910e-01
7.82067e-02  3.83333e+03  1.15458e-01
7.81065e-02  3.83825e+03  1.01214e-01
7.80062e-02  3.84319e+03  8.75631e-02
7.79059e-02  3.84813e+03  7.45338e-02
7.78057e-02  3.85309e+03  6.21566e-02
7.77054e-02  3.85806e+03  5.04591e-02
7.76051e-02  3.86305e+03  3.94701e-02
7.75049e-02  3.86805e+03  2.92183e-02
7.74046e-02  3.87306e+03  1.97319e-02
7.73043e-02  3.87808e+03  1.10409e-02
7.72041e-02  3.88312e+03  3.17333e-03
7.71038e-02  3.88817e+03  -3.84201e-03
7.70036e-02  3.89323e+03  -9.97640e-03
7.69033e-02  3.89831e+03  -1.52015e-02
7.68030e-02  3.90339e+03  -1.94877e-02
7.67028e-02  3.90850e+03  -2.28071e-02
7.66025e-02  3.91361e+03  -2.51649e-02
7.65022e-02  3.91874e+03  -2.66215e-02
7.64020e-02  3.92388e+03  -2.72426e-02
7.63017e-02  3.92904e+03  -2.70940e-02
7.62014e-02  3.93421e+03  -2.62416e-02
7.61012e-02  3.93939e+03  -2.47511e-02
7.60009e-02  3.94459e+03  -2.26883e-02
7.59006e-02  3.94980e+03  -2.01188e-02
7.58004e-02  3.95503e+03  -1.71088e-02
7.57001e-02  3.96026e+03  -1.37238e-02
7.55998e-02  3.96552e+03  -1.00296e-02
7.54996e-02  3.97078e+03  -6.09202e-03
7.53993e-02  3.97606e+03  -1.97654e-03
7.52990e-02  3.98136e+03  2.25045e-03
7.51988e-02  3.98667e+03  6.52348e-03
