SPT_2000micron
frq          wvl          transmission
[GHz]        [micron]                 
2.00530e-01  1.49500e+03  3.17124e-03
2.00430e-01  1.49575e+03  2.97602e-03
2.00330e-01  1.49650e+03  2.77331e-03
2.00229e-01  1.49725e+03  2.56545e-03
2.00129e-01  1.49800e+03  2.35472e-03
2.00029e-01  1.49875e+03  2.14352e-03
1.99928e-01  1.49950e+03  1.93420e-03
1.99828e-01  1.50025e+03  1.72913e-03
1.99728e-01  1.50100e+03  1.53063e-03
1.99628e-01  1.50176e+03  1.34101e-03
1.99527e-01  1.50251e+03  1.16266e-03
1.99427e-01  1.50327e+03  9.97926e-04
1.99327e-01  1.50402e+03  8.49170e-04
1.99227e-01  1.50478e+03  7.18716e-04
1.99126e-01  1.50554e+03  6.08896e-04
1.99026e-01  1.50630e+03  5.22081e-04
1.98926e-01  1.50706e+03  4.60615e-04
1.98826e-01  1.50782e+03  4.26853e-04
1.98725e-01  1.50858e+03  4.23127e-04
1.98625e-01  1.50934e+03  4.51793e-04
1.98525e-01  1.51010e+03  5.14611e-04
1.98425e-01  1.51086e+03  6.08870e-04
1.98324e-01  1.51163e+03  7.29794e-04
1.98224e-01  1.51239e+03  8.72630e-04
1.98124e-01  1.51316e+03  1.03264e-03
1.98023e-01  1.51392e+03  1.20503e-03
1.97923e-01  1.51469e+03  1.38503e-03
1.97823e-01  1.51546e+03  1.56786e-03
1.97723e-01  1.51623e+03  1.74877e-03
1.97622e-01  1.51700e+03  1.92303e-03
1.97522e-01  1.51777e+03  2.08583e-03
1.97422e-01  1.51854e+03  2.23242e-03
1.97322e-01  1.51931e+03  2.35800e-03
1.97221e-01  1.52008e+03  2.45784e-03
1.97121e-01  1.52085e+03  2.52717e-03
1.97021e-01  1.52163e+03  2.47993e-03
1.96921e-01  1.52240e+03  2.37591e-03
1.96820e-01  1.52318e+03  2.24289e-03
1.96720e-01  1.52396e+03  2.08663e-03
1.96620e-01  1.52473e+03  1.91289e-03
1.96519e-01  1.52551e+03  1.72747e-03
1.96419e-01  1.52629e+03  1.53614e-03
1.96319e-01  1.52707e+03  1.34471e-03
1.96219e-01  1.52785e+03  1.15892e-03
1.96118e-01  1.52863e+03  9.84538e-04
1.96018e-01  1.52941e+03  8.27358e-04
1.95918e-01  1.53019e+03  6.93160e-04
1.95818e-01  1.53098e+03  5.87738e-04
1.95717e-01  1.53176e+03  5.16844e-04
1.95617e-01  1.53255e+03  4.86254e-04
1.95517e-01  1.53333e+03  6.03402e-04
1.95417e-01  1.53412e+03  7.96195e-04
1.95316e-01  1.53491e+03  1.02854e-03
1.95216e-01  1.53570e+03  1.29262e-03
1.95116e-01  1.53648e+03  1.58067e-03
1.95015e-01  1.53728e+03  1.88480e-03
1.94915e-01  1.53807e+03  2.19718e-03
1.94815e-01  1.53886e+03  2.50994e-03
1.94715e-01  1.53965e+03  2.81528e-03
1.94614e-01  1.54044e+03  3.10543e-03
1.94514e-01  1.54124e+03  3.37249e-03
1.94414e-01  1.54203e+03  3.60864e-03
1.94314e-01  1.54283e+03  3.80601e-03
1.94213e-01  1.54362e+03  3.95681e-03
1.94113e-01  1.54442e+03  4.05322e-03
1.94013e-01  1.54522e+03  3.96138e-03
1.93913e-01  1.54602e+03  3.77094e-03
1.93812e-01  1.54682e+03  3.52809e-03
1.93712e-01  1.54762e+03  3.24255e-03
1.93612e-01  1.54842e+03  2.92398e-03
1.93512e-01  1.54922e+03  2.58214e-03
1.93411e-01  1.55003e+03  2.22677e-03
1.93311e-01  1.55083e+03  1.86763e-03
1.93211e-01  1.55163e+03  1.51442e-03
1.93110e-01  1.55244e+03  1.17678e-03
1.93010e-01  1.55325e+03  8.64509e-04
1.92910e-01  1.55405e+03  5.87328e-04
1.92810e-01  1.55486e+03  3.54994e-04
1.92709e-01  1.55567e+03  1.77185e-04
1.92609e-01  1.55648e+03  6.36091e-05
1.92509e-01  1.55729e+03  1.32441e-04
1.92409e-01  1.55810e+03  2.99448e-04
1.92308e-01  1.55892e+03  5.23066e-04
1.92208e-01  1.55973e+03  7.95538e-04
1.92108e-01  1.56054e+03  1.10914e-03
1.92008e-01  1.56136e+03  1.45605e-03
1.91907e-01  1.56217e+03  1.82849e-03
1.91807e-01  1.56299e+03  2.21862e-03
1.91707e-01  1.56381e+03  2.61872e-03
1.91606e-01  1.56463e+03  3.02107e-03
1.91506e-01  1.56544e+03  3.41783e-03
1.91406e-01  1.56627e+03  3.80123e-03
1.91306e-01  1.56709e+03  4.16342e-03
1.91205e-01  1.56791e+03  4.49669e-03
1.91105e-01  1.56873e+03  4.79331e-03
1.91005e-01  1.56955e+03  4.94203e-03
1.90905e-01  1.57038e+03  5.02237e-03
1.90804e-01  1.57120e+03  5.07308e-03
1.90704e-01  1.57203e+03  5.09953e-03
1.90604e-01  1.57286e+03  5.10708e-03
1.90504e-01  1.57368e+03  5.10107e-03
1.90403e-01  1.57451e+03  5.08687e-03
1.90303e-01  1.57534e+03  5.06984e-03
1.90203e-01  1.57617e+03  5.05533e-03
1.90103e-01  1.57700e+03  5.04869e-03
1.90002e-01  1.57784e+03  5.05528e-03
1.89902e-01  1.57867e+03  5.08047e-03
1.89802e-01  1.57950e+03  5.12960e-03
1.89701e-01  1.58034e+03  5.20803e-03
1.89601e-01  1.58117e+03  5.32114e-03
1.89501e-01  1.58201e+03  5.59137e-03
1.89401e-01  1.58285e+03  5.94373e-03
1.89300e-01  1.58369e+03  6.33245e-03
1.89200e-01  1.58453e+03  6.74861e-03
1.89100e-01  1.58537e+03  7.18331e-03
1.89000e-01  1.58621e+03  7.62749e-03
1.88899e-01  1.58705e+03  8.07217e-03
1.88799e-01  1.58789e+03  8.50832e-03
1.88699e-01  1.58874e+03  8.92701e-03
1.88599e-01  1.58958e+03  9.31933e-03
1.88498e-01  1.59043e+03  9.67623e-03
1.88398e-01  1.59127e+03  9.98873e-03
1.88298e-01  1.59212e+03  1.02478e-02
1.88197e-01  1.59297e+03  1.04446e-02
1.88097e-01  1.59382e+03  1.05700e-02
1.87997e-01  1.59467e+03  1.03954e-02
1.87897e-01  1.59552e+03  1.00522e-02
1.87796e-01  1.59637e+03  9.62933e-03
1.87696e-01  1.59722e+03  9.14609e-03
1.87596e-01  1.59808e+03  8.62154e-03
1.87496e-01  1.59893e+03  8.07496e-03
1.87395e-01  1.59979e+03  7.52554e-03
1.87295e-01  1.60064e+03  6.99258e-03
1.87195e-01  1.60150e+03  6.49516e-03
1.87095e-01  1.60236e+03  6.05242e-03
1.86994e-01  1.60322e+03  5.68365e-03
1.86894e-01  1.60408e+03  5.40803e-03
1.86794e-01  1.60494e+03  5.24479e-03
1.86694e-01  1.60580e+03  5.21307e-03
1.86593e-01  1.60666e+03  5.33209e-03
1.86493e-01  1.60753e+03  5.83516e-03
1.86393e-01  1.60839e+03  6.57412e-03
1.86292e-01  1.60926e+03  7.45493e-03
1.86192e-01  1.61012e+03  8.45802e-03
1.86092e-01  1.61099e+03  9.56386e-03
1.85992e-01  1.61186e+03  1.07526e-02
1.85891e-01  1.61273e+03  1.20046e-02
1.85791e-01  1.61360e+03  1.32998e-02
1.85691e-01  1.61447e+03  1.46189e-02
1.85591e-01  1.61534e+03  1.59423e-02
1.85490e-01  1.61622e+03  1.72501e-02
1.85390e-01  1.61709e+03  1.85226e-02
1.85290e-01  1.61797e+03  1.97399e-02
1.85190e-01  1.61884e+03  2.08826e-02
1.85089e-01  1.61972e+03  2.19311e-02
1.84989e-01  1.62060e+03  2.27004e-02
1.84889e-01  1.62148e+03  2.33309e-02
1.84788e-01  1.62235e+03  2.38933e-02
1.84688e-01  1.62324e+03  2.43938e-02
1.84588e-01  1.62412e+03  2.48390e-02
1.84488e-01  1.62500e+03  2.52351e-02
1.84387e-01  1.62588e+03  2.55884e-02
1.84287e-01  1.62677e+03  2.59054e-02
1.84187e-01  1.62765e+03  2.61923e-02
1.84087e-01  1.62854e+03  2.64556e-02
1.83986e-01  1.62943e+03  2.67015e-02
1.83886e-01  1.63032e+03  2.69365e-02
1.83786e-01  1.63121e+03  2.71669e-02
1.83686e-01  1.63210e+03  2.73990e-02
1.83585e-01  1.63299e+03  2.76392e-02
1.83485e-01  1.63388e+03  2.77486e-02
1.83385e-01  1.63477e+03  2.77702e-02
1.83284e-01  1.63567e+03  2.77656e-02
1.83184e-01  1.63656e+03  2.77531e-02
1.83084e-01  1.63746e+03  2.77511e-02
1.82984e-01  1.63836e+03  2.77779e-02
1.82883e-01  1.63925e+03  2.78518e-02
1.82783e-01  1.64015e+03  2.79911e-02
1.82683e-01  1.64105e+03  2.82141e-02
1.82583e-01  1.64195e+03  2.85391e-02
1.82482e-01  1.64286e+03  2.89844e-02
1.82382e-01  1.64376e+03  2.95685e-02
1.82282e-01  1.64466e+03  3.03093e-02
1.82182e-01  1.64557e+03  3.12255e-02
1.82081e-01  1.64648e+03  3.23353e-02
1.81981e-01  1.64738e+03  3.36856e-02
1.81881e-01  1.64829e+03  3.52391e-02
1.81781e-01  1.64920e+03  3.69694e-02
1.81680e-01  1.65011e+03  3.88649e-02
1.81580e-01  1.65102e+03  4.09140e-02
1.81480e-01  1.65193e+03  4.31045e-02
1.81379e-01  1.65285e+03  4.54245e-02
1.81279e-01  1.65376e+03  4.78616e-02
1.81179e-01  1.65468e+03  5.04043e-02
1.81079e-01  1.65559e+03  5.30411e-02
1.80978e-01  1.65651e+03  5.57595e-02
1.80878e-01  1.65743e+03  5.85478e-02
1.80778e-01  1.65835e+03  6.13936e-02
1.80678e-01  1.65927e+03  6.42853e-02
1.80577e-01  1.66019e+03  6.72115e-02
1.80477e-01  1.66111e+03  7.00243e-02
1.80377e-01  1.66203e+03  7.28472e-02
1.80277e-01  1.66296e+03  7.57332e-02
1.80176e-01  1.66388e+03  7.86758e-02
1.80076e-01  1.66481e+03  8.16684e-02
1.79976e-01  1.66574e+03  8.47033e-02
1.79875e-01  1.66667e+03  8.77734e-02
1.79775e-01  1.66760e+03  9.08713e-02
1.79675e-01  1.66853e+03  9.39903e-02
1.79575e-01  1.66946e+03  9.71237e-02
1.79474e-01  1.67039e+03  1.00264e-01
1.79374e-01  1.67132e+03  1.03404e-01
1.79274e-01  1.67226e+03  1.06537e-01
1.79174e-01  1.67320e+03  1.09655e-01
1.79073e-01  1.67413e+03  1.12752e-01
1.78973e-01  1.67507e+03  1.14970e-01
1.78873e-01  1.67601e+03  1.16706e-01
1.78773e-01  1.67695e+03  1.18342e-01
1.78672e-01  1.67789e+03  1.19949e-01
1.78572e-01  1.67883e+03  1.21597e-01
1.78472e-01  1.67978e+03  1.23355e-01
1.78371e-01  1.68072e+03  1.25292e-01
1.78271e-01  1.68166e+03  1.27479e-01
1.78171e-01  1.68261e+03  1.29984e-01
1.78071e-01  1.68356e+03  1.32878e-01
1.77970e-01  1.68451e+03  1.36231e-01
1.77870e-01  1.68546e+03  1.40112e-01
1.77770e-01  1.68641e+03  1.44590e-01
1.77670e-01  1.68736e+03  1.49735e-01
1.77569e-01  1.68831e+03  1.55617e-01
1.77469e-01  1.68927e+03  1.62628e-01
1.77369e-01  1.69022e+03  1.70543e-01
1.77269e-01  1.69118e+03  1.79157e-01
1.77168e-01  1.69213e+03  1.88409e-01
1.77068e-01  1.69309e+03  1.98233e-01
1.76968e-01  1.69405e+03  2.08566e-01
1.76868e-01  1.69501e+03  2.19341e-01
1.76767e-01  1.69597e+03  2.30493e-01
1.76667e-01  1.69694e+03  2.41959e-01
1.76567e-01  1.69790e+03  2.53676e-01
1.76466e-01  1.69886e+03  2.65577e-01
1.76366e-01  1.69983e+03  2.77598e-01
1.76266e-01  1.70080e+03  2.89672e-01
1.76166e-01  1.70176e+03  3.01737e-01
1.76065e-01  1.70273e+03  3.13730e-01
1.75965e-01  1.70370e+03  3.26178e-01
1.75865e-01  1.70468e+03  3.39098e-01
1.75765e-01  1.70565e+03  3.52201e-01
1.75664e-01  1.70662e+03  3.65375e-01
1.75564e-01  1.70760e+03  3.78506e-01
1.75464e-01  1.70857e+03  3.91478e-01
1.75364e-01  1.70955e+03  4.04177e-01
1.75263e-01  1.71053e+03  4.16485e-01
1.75163e-01  1.71151e+03  4.28291e-01
1.75063e-01  1.71249e+03  4.39481e-01
1.74962e-01  1.71347e+03  4.49939e-01
1.74862e-01  1.71445e+03  4.59550e-01
1.74762e-01  1.71543e+03  4.68198e-01
1.74662e-01  1.71642e+03  4.75770e-01
1.74561e-01  1.71740e+03  4.82153e-01
1.74461e-01  1.71839e+03  4.86563e-01
1.74361e-01  1.71938e+03  4.89414e-01
1.74261e-01  1.72037e+03  4.91117e-01
1.74160e-01  1.72136e+03  4.91789e-01
1.74060e-01  1.72235e+03  4.91545e-01
1.73960e-01  1.72334e+03  4.90502e-01
1.73860e-01  1.72434e+03  4.88776e-01
1.73759e-01  1.72533e+03  4.86484e-01
1.73659e-01  1.72633e+03  4.83741e-01
1.73559e-01  1.72733e+03  4.80665e-01
1.73459e-01  1.72832e+03  4.77371e-01
1.73358e-01  1.72932e+03  4.73975e-01
1.73258e-01  1.73032e+03  4.70594e-01
1.73158e-01  1.73133e+03  4.67345e-01
1.73057e-01  1.73233e+03  4.64342e-01
1.72957e-01  1.73333e+03  4.62401e-01
1.72857e-01  1.73434e+03  4.60824e-01
1.72757e-01  1.73535e+03  4.59259e-01
1.72656e-01  1.73635e+03  4.57735e-01
1.72556e-01  1.73736e+03  4.56283e-01
1.72456e-01  1.73837e+03  4.54931e-01
1.72356e-01  1.73938e+03  4.53711e-01
1.72255e-01  1.74040e+03  4.52652e-01
1.72155e-01  1.74141e+03  4.51784e-01
1.72055e-01  1.74242e+03  4.51136e-01
1.71955e-01  1.74344e+03  4.50740e-01
1.71854e-01  1.74446e+03  4.50624e-01
1.71754e-01  1.74548e+03  4.50819e-01
1.71654e-01  1.74650e+03  4.51354e-01
1.71553e-01  1.74752e+03  4.52260e-01
1.71453e-01  1.74854e+03  4.53790e-01
1.71353e-01  1.74956e+03  4.55841e-01
1.71253e-01  1.75059e+03  4.58271e-01
1.71152e-01  1.75161e+03  4.61034e-01
1.71052e-01  1.75264e+03  4.64088e-01
1.70952e-01  1.75367e+03  4.67386e-01
1.70852e-01  1.75469e+03  4.70886e-01
1.70751e-01  1.75573e+03  4.74540e-01
1.70651e-01  1.75676e+03  4.78307e-01
1.70551e-01  1.75779e+03  4.82140e-01
1.70451e-01  1.75882e+03  4.85996e-01
1.70350e-01  1.75986e+03  4.89830e-01
1.70250e-01  1.76090e+03  4.93597e-01
1.70150e-01  1.76193e+03  4.97253e-01
1.70050e-01  1.76297e+03  5.00753e-01
1.69949e-01  1.76401e+03  5.03410e-01
1.69849e-01  1.76505e+03  5.05598e-01
1.69749e-01  1.76610e+03  5.07660e-01
1.69648e-01  1.76714e+03  5.09631e-01
1.69548e-01  1.76818e+03  5.11543e-01
1.69448e-01  1.76923e+03  5.13430e-01
1.69348e-01  1.77028e+03  5.15325e-01
1.69247e-01  1.77133e+03  5.17261e-01
1.69147e-01  1.77238e+03  5.19271e-01
1.69047e-01  1.77343e+03  5.21389e-01
1.68947e-01  1.77448e+03  5.23648e-01
1.68846e-01  1.77553e+03  5.26081e-01
1.68746e-01  1.77659e+03  5.28720e-01
1.68646e-01  1.77765e+03  5.31601e-01
1.68546e-01  1.77870e+03  5.34755e-01
1.68445e-01  1.77976e+03  5.38545e-01
1.68345e-01  1.78082e+03  5.42797e-01
1.68245e-01  1.78188e+03  5.47315e-01
1.68144e-01  1.78295e+03  5.52062e-01
1.68044e-01  1.78401e+03  5.57004e-01
1.67944e-01  1.78507e+03  5.62104e-01
1.67844e-01  1.78614e+03  5.67326e-01
1.67743e-01  1.78721e+03  5.72633e-01
1.67643e-01  1.78828e+03  5.77992e-01
1.67543e-01  1.78935e+03  5.83364e-01
1.67443e-01  1.79042e+03  5.88716e-01
1.67342e-01  1.79149e+03  5.94010e-01
1.67242e-01  1.79257e+03  5.99211e-01
1.67142e-01  1.79364e+03  6.04282e-01
1.67042e-01  1.79472e+03  6.09188e-01
1.66941e-01  1.79580e+03  6.13635e-01
1.66841e-01  1.79688e+03  6.17811e-01
1.66741e-01  1.79796e+03  6.21868e-01
1.66640e-01  1.79904e+03  6.25818e-01
1.66540e-01  1.80012e+03  6.29668e-01
1.66440e-01  1.80120e+03  6.33429e-01
1.66340e-01  1.80229e+03  6.37110e-01
1.66239e-01  1.80338e+03  6.40720e-01
1.66139e-01  1.80447e+03  6.44270e-01
1.66039e-01  1.80556e+03  6.47768e-01
1.65939e-01  1.80665e+03  6.51224e-01
1.65838e-01  1.80774e+03  6.54648e-01
1.65738e-01  1.80883e+03  6.58049e-01
1.65638e-01  1.80993e+03  6.61436e-01
1.65538e-01  1.81102e+03  6.64819e-01
1.65437e-01  1.81212e+03  6.69343e-01
1.65337e-01  1.81322e+03  6.74613e-01
1.65237e-01  1.81432e+03  6.79993e-01
1.65137e-01  1.81542e+03  6.85386e-01
1.65036e-01  1.81652e+03  6.90695e-01
1.64936e-01  1.81763e+03  6.95825e-01
1.64836e-01  1.81873e+03  7.00679e-01
1.64735e-01  1.81984e+03  7.05160e-01
1.64635e-01  1.82095e+03  7.09173e-01
1.64535e-01  1.82206e+03  7.12619e-01
1.64435e-01  1.82317e+03  7.15405e-01
1.64334e-01  1.82428e+03  7.17432e-01
1.64234e-01  1.82540e+03  7.18604e-01
1.64134e-01  1.82651e+03  7.18826e-01
1.64034e-01  1.82763e+03  7.18000e-01
1.63933e-01  1.82875e+03  7.14337e-01
1.63833e-01  1.82987e+03  7.08440e-01
1.63733e-01  1.83099e+03  7.01362e-01
1.63633e-01  1.83211e+03  6.93320e-01
1.63532e-01  1.83323e+03  6.84534e-01
1.63432e-01  1.83436e+03  6.75218e-01
1.63332e-01  1.83548e+03  6.65591e-01
1.63231e-01  1.83661e+03  6.55871e-01
1.63131e-01  1.83774e+03  6.46273e-01
1.63031e-01  1.83887e+03  6.37018e-01
1.62931e-01  1.84000e+03  6.28320e-01
1.62830e-01  1.84113e+03  6.20398e-01
1.62730e-01  1.84227e+03  6.13469e-01
1.62630e-01  1.84340e+03  6.07750e-01
1.62530e-01  1.84454e+03  6.03460e-01
1.62429e-01  1.84568e+03  6.02374e-01
1.62329e-01  1.84682e+03  6.03559e-01
1.62229e-01  1.84796e+03  6.05987e-01
1.62129e-01  1.84910e+03  6.09530e-01
1.62028e-01  1.85025e+03  6.14058e-01
1.61928e-01  1.85139e+03  6.19445e-01
1.61828e-01  1.85254e+03  6.25561e-01
1.61728e-01  1.85369e+03  6.32277e-01
1.61627e-01  1.85484e+03  6.39467e-01
1.61527e-01  1.85599e+03  6.46999e-01
1.61427e-01  1.85714e+03  6.54748e-01
1.61326e-01  1.85830e+03  6.62584e-01
1.61226e-01  1.85945e+03  6.70377e-01
1.61126e-01  1.86061e+03  6.78002e-01
1.61026e-01  1.86177e+03  6.85327e-01
1.60925e-01  1.86293e+03  6.90840e-01
1.60825e-01  1.86409e+03  6.95354e-01
1.60725e-01  1.86525e+03  6.99731e-01
1.60625e-01  1.86642e+03  7.04008e-01
1.60524e-01  1.86758e+03  7.08221e-01
1.60424e-01  1.86875e+03  7.12408e-01
1.60324e-01  1.86992e+03  7.16603e-01
1.60224e-01  1.87109e+03  7.20844e-01
1.60123e-01  1.87226e+03  7.25168e-01
1.60023e-01  1.87343e+03  7.29611e-01
1.59923e-01  1.87461e+03  7.34210e-01
1.59822e-01  1.87578e+03  7.39001e-01
1.59722e-01  1.87696e+03  7.44020e-01
1.59622e-01  1.87814e+03  7.49306e-01
1.59522e-01  1.87932e+03  7.54892e-01
1.59421e-01  1.88050e+03  7.61155e-01
1.59321e-01  1.88169e+03  7.67945e-01
1.59221e-01  1.88287e+03  7.75029e-01
1.59121e-01  1.88406e+03  7.82370e-01
1.59020e-01  1.88525e+03  7.89928e-01
1.58920e-01  1.88644e+03  7.97665e-01
1.58820e-01  1.88763e+03  8.05540e-01
1.58720e-01  1.88882e+03  8.13515e-01
1.58619e-01  1.89001e+03  8.21551e-01
1.58519e-01  1.89121e+03  8.29607e-01
1.58419e-01  1.89241e+03  8.37646e-01
1.58318e-01  1.89360e+03  8.45629e-01
1.58218e-01  1.89480e+03  8.53515e-01
1.58118e-01  1.89601e+03  8.61266e-01
1.58018e-01  1.89721e+03  8.68842e-01
1.57917e-01  1.89841e+03  8.76449e-01
1.57817e-01  1.89962e+03  8.84141e-01
1.57717e-01  1.90083e+03  8.91778e-01
1.57617e-01  1.90204e+03  8.99321e-01
1.57516e-01  1.90325e+03  9.06727e-01
1.57416e-01  1.90446e+03  9.13957e-01
1.57316e-01  1.90567e+03  9.20966e-01
1.57216e-01  1.90689e+03  9.27713e-01
1.57115e-01  1.90810e+03  9.34160e-01
1.57015e-01  1.90932e+03  9.40263e-01
1.56915e-01  1.91054e+03  9.45981e-01
1.56815e-01  1.91176e+03  9.51273e-01
1.56714e-01  1.91299e+03  9.56096e-01
1.56614e-01  1.91421e+03  9.60412e-01
1.56514e-01  1.91544e+03  9.64176e-01
1.56413e-01  1.91667e+03  9.69177e-01
1.56313e-01  1.91790e+03  9.75037e-01
1.56213e-01  1.91913e+03  9.80613e-01
1.56113e-01  1.92036e+03  9.85761e-01
1.56012e-01  1.92159e+03  9.90334e-01
1.55912e-01  1.92283e+03  9.94191e-01
1.55812e-01  1.92407e+03  9.97183e-01
1.55712e-01  1.92531e+03  9.99168e-01
1.55611e-01  1.92655e+03  1.00000e+00
1.55511e-01  1.92779e+03  9.99534e-01
1.55411e-01  1.92903e+03  9.97626e-01
1.55311e-01  1.93028e+03  9.94130e-01
1.55210e-01  1.93152e+03  9.88902e-01
1.55110e-01  1.93277e+03  9.81797e-01
1.55010e-01  1.93402e+03  9.72670e-01
1.54909e-01  1.93528e+03  9.58981e-01
1.54809e-01  1.93653e+03  9.41216e-01
1.54709e-01  1.93778e+03  9.21115e-01
1.54609e-01  1.93904e+03  8.99072e-01
1.54508e-01  1.94030e+03  8.75491e-01
1.54408e-01  1.94156e+03  8.50761e-01
1.54308e-01  1.94282e+03  8.25284e-01
1.54208e-01  1.94408e+03  7.99463e-01
1.54107e-01  1.94535e+03  7.73685e-01
1.54007e-01  1.94661e+03  7.48357e-01
1.53907e-01  1.94788e+03  7.23868e-01
1.53807e-01  1.94915e+03  7.00620e-01
1.53706e-01  1.95042e+03  6.79015e-01
1.53606e-01  1.95170e+03  6.59442e-01
1.53506e-01  1.95297e+03  6.42305e-01
1.53406e-01  1.95425e+03  6.30401e-01
1.53305e-01  1.95553e+03  6.22374e-01
1.53205e-01  1.95681e+03  6.16388e-01
1.53105e-01  1.95809e+03  6.12263e-01
1.53004e-01  1.95937e+03  6.09822e-01
1.52904e-01  1.96066e+03  6.08885e-01
1.52804e-01  1.96194e+03  6.09275e-01
1.52704e-01  1.96323e+03  6.10812e-01
1.52603e-01  1.96452e+03  6.13320e-01
1.52503e-01  1.96581e+03  6.16619e-01
1.52403e-01  1.96711e+03  6.20531e-01
1.52303e-01  1.96840e+03  6.24879e-01
1.52202e-01  1.96970e+03  6.29481e-01
1.52102e-01  1.97100e+03  6.34163e-01
1.52002e-01  1.97230e+03  6.38743e-01
1.51902e-01  1.97360e+03  6.42209e-01
1.51801e-01  1.97490e+03  6.45392e-01
1.51701e-01  1.97621e+03  6.48900e-01
1.51601e-01  1.97751e+03  6.52635e-01
1.51500e-01  1.97882e+03  6.56495e-01
1.51400e-01  1.98013e+03  6.60381e-01
1.51300e-01  1.98144e+03  6.64193e-01
1.51200e-01  1.98276e+03  6.67828e-01
1.51099e-01  1.98407e+03  6.71189e-01
1.50999e-01  1.98539e+03  6.74174e-01
1.50899e-01  1.98671e+03  6.76683e-01
1.50799e-01  1.98803e+03  6.78616e-01
1.50698e-01  1.98935e+03  6.79873e-01
1.50598e-01  1.99068e+03  6.80353e-01
1.50498e-01  1.99201e+03  6.79956e-01
1.50398e-01  1.99333e+03  6.76823e-01
1.50297e-01  1.99466e+03  6.71361e-01
1.50197e-01  1.99599e+03  6.64891e-01
1.50097e-01  1.99733e+03  6.57619e-01
1.49997e-01  1.99866e+03  6.49758e-01
1.49896e-01  2.00000e+03  6.41513e-01
1.49796e-01  2.00134e+03  6.33096e-01
1.49696e-01  2.00268e+03  6.24715e-01
1.49595e-01  2.00402e+03  6.16578e-01
1.49495e-01  2.00537e+03  6.08897e-01
1.49395e-01  2.00671e+03  6.01877e-01
1.49295e-01  2.00806e+03  5.95729e-01
1.49194e-01  2.00941e+03  5.90663e-01
1.49094e-01  2.01076e+03  5.86887e-01
1.48994e-01  2.01211e+03  5.84610e-01
1.48894e-01  2.01347e+03  5.86307e-01
1.48793e-01  2.01482e+03  5.91280e-01
1.48693e-01  2.01618e+03  5.97754e-01
1.48593e-01  2.01754e+03  6.05493e-01
1.48493e-01  2.01891e+03  6.14253e-01
1.48392e-01  2.02027e+03  6.23800e-01
1.48292e-01  2.02164e+03  6.33893e-01
1.48192e-01  2.02300e+03  6.44290e-01
1.48091e-01  2.02437e+03  6.54756e-01
1.47991e-01  2.02575e+03  6.65049e-01
1.47891e-01  2.02712e+03  6.74932e-01
1.47791e-01  2.02849e+03  6.84164e-01
1.47690e-01  2.02987e+03  6.92507e-01
1.47590e-01  2.03125e+03  6.99722e-01
1.47490e-01  2.03263e+03  7.05568e-01
1.47390e-01  2.03401e+03  7.07958e-01
1.47289e-01  2.03540e+03  7.07658e-01
1.47189e-01  2.03678e+03  7.06170e-01
1.47089e-01  2.03817e+03  7.03635e-01
1.46989e-01  2.03956e+03  7.00196e-01
1.46888e-01  2.04096e+03  6.95995e-01
1.46788e-01  2.04235e+03  6.91174e-01
1.46688e-01  2.04375e+03  6.85876e-01
1.46587e-01  2.04514e+03  6.80241e-01
1.46487e-01  2.04654e+03  6.74414e-01
1.46387e-01  2.04795e+03  6.68534e-01
1.46287e-01  2.04935e+03  6.62744e-01
1.46186e-01  2.05075e+03  6.57188e-01
1.46086e-01  2.05216e+03  6.52006e-01
1.45986e-01  2.05357e+03  6.47341e-01
1.45886e-01  2.05498e+03  6.44894e-01
1.45785e-01  2.05640e+03  6.44108e-01
1.45685e-01  2.05781e+03  6.43741e-01
1.45585e-01  2.05923e+03  6.43702e-01
1.45485e-01  2.06065e+03  6.43904e-01
1.45384e-01  2.06207e+03  6.44257e-01
1.45284e-01  2.06349e+03  6.44672e-01
1.45184e-01  2.06492e+03  6.45061e-01
1.45084e-01  2.06634e+03  6.45334e-01
1.44983e-01  2.06777e+03  6.45402e-01
1.44883e-01  2.06920e+03  6.45178e-01
1.44783e-01  2.07064e+03  6.44571e-01
1.44682e-01  2.07207e+03  6.43493e-01
1.44582e-01  2.07351e+03  6.41855e-01
1.44482e-01  2.07495e+03  6.39568e-01
1.44382e-01  2.07639e+03  6.35550e-01
1.44281e-01  2.07783e+03  6.30035e-01
1.44181e-01  2.07928e+03  6.23856e-01
1.44081e-01  2.08072e+03  6.17121e-01
1.43981e-01  2.08217e+03  6.09941e-01
1.43880e-01  2.08362e+03  6.02425e-01
1.43780e-01  2.08508e+03  5.94684e-01
1.43680e-01  2.08653e+03  5.86830e-01
1.43580e-01  2.08799e+03  5.78970e-01
1.43479e-01  2.08945e+03  5.71217e-01
1.43379e-01  2.09091e+03  5.63680e-01
1.43279e-01  2.09237e+03  5.56468e-01
1.43178e-01  2.09384e+03  5.49695e-01
1.43078e-01  2.09530e+03  5.43467e-01
1.42978e-01  2.09677e+03  5.37897e-01
1.42878e-01  2.09825e+03  5.33910e-01
1.42777e-01  2.09972e+03  5.31220e-01
1.42677e-01  2.10119e+03  5.29112e-01
1.42577e-01  2.10267e+03  5.27517e-01
1.42477e-01  2.10415e+03  5.26366e-01
1.42376e-01  2.10563e+03  5.25592e-01
1.42276e-01  2.10712e+03  5.25125e-01
1.42176e-01  2.10860e+03  5.24895e-01
1.42076e-01  2.11009e+03  5.24836e-01
1.41975e-01  2.11158e+03  5.24877e-01
1.41875e-01  2.11307e+03  5.24949e-01
1.41775e-01  2.11457e+03  5.24985e-01
1.41674e-01  2.11607e+03  5.24914e-01
1.41574e-01  2.11756e+03  5.24669e-01
1.41474e-01  2.11906e+03  5.24181e-01
1.41374e-01  2.12057e+03  5.23205e-01
1.41273e-01  2.12207e+03  5.21950e-01
1.41173e-01  2.12358e+03  5.20589e-01
1.41073e-01  2.12509e+03  5.19101e-01
1.40973e-01  2.12660e+03  5.17465e-01
1.40872e-01  2.12811e+03  5.15662e-01
1.40772e-01  2.12963e+03  5.13670e-01
1.40672e-01  2.13115e+03  5.11471e-01
1.40572e-01  2.13267e+03  5.09042e-01
1.40471e-01  2.13419e+03  5.06364e-01
1.40371e-01  2.13571e+03  5.03416e-01
1.40271e-01  2.13724e+03  5.00178e-01
1.40171e-01  2.13877e+03  4.96630e-01
1.40070e-01  2.14030e+03  4.92751e-01
1.39970e-01  2.14183e+03  4.88521e-01
1.39870e-01  2.14337e+03  4.83495e-01
1.39769e-01  2.14491e+03  4.77656e-01
1.39669e-01  2.14645e+03  4.71383e-01
1.39569e-01  2.14799e+03  4.64754e-01
1.39469e-01  2.14953e+03  4.57851e-01
1.39368e-01  2.15108e+03  4.50753e-01
1.39268e-01  2.15263e+03  4.43541e-01
1.39168e-01  2.15418e+03  4.36296e-01
1.39068e-01  2.15573e+03  4.29097e-01
1.38967e-01  2.15729e+03  4.22027e-01
1.38867e-01  2.15884e+03  4.15163e-01
1.38767e-01  2.16040e+03  4.08587e-01
1.38667e-01  2.16197e+03  4.02380e-01
1.38566e-01  2.16353e+03  3.96621e-01
1.38466e-01  2.16510e+03  3.91392e-01
1.38366e-01  2.16667e+03  3.86620e-01
1.38265e-01  2.16824e+03  3.82140e-01
1.38165e-01  2.16981e+03  3.78027e-01
1.38065e-01  2.17139e+03  3.74307e-01
1.37965e-01  2.17297e+03  3.71005e-01
1.37864e-01  2.17455e+03  3.68147e-01
1.37764e-01  2.17613e+03  3.65757e-01
1.37664e-01  2.17771e+03  3.63862e-01
1.37564e-01  2.17930e+03  3.62486e-01
1.37463e-01  2.18089e+03  3.61654e-01
1.37363e-01  2.18248e+03  3.61393e-01
1.37263e-01  2.18408e+03  3.61727e-01
1.37163e-01  2.18567e+03  3.62681e-01
1.37062e-01  2.18727e+03  3.64281e-01
1.36962e-01  2.18887e+03  3.66553e-01
1.36862e-01  2.19048e+03  3.71032e-01
1.36762e-01  2.19208e+03  3.77866e-01
1.36661e-01  2.19369e+03  3.85699e-01
1.36561e-01  2.19530e+03  3.94280e-01
1.36461e-01  2.19691e+03  4.03354e-01
1.36360e-01  2.19853e+03  4.12671e-01
1.36260e-01  2.20015e+03  4.21976e-01
1.36160e-01  2.20177e+03  4.31016e-01
1.36060e-01  2.20339e+03  4.39541e-01
1.35959e-01  2.20501e+03  4.47295e-01
1.35859e-01  2.20664e+03  4.54027e-01
1.35759e-01  2.20827e+03  4.59484e-01
1.35659e-01  2.20990e+03  4.63413e-01
1.35558e-01  2.21154e+03  4.65561e-01
1.35458e-01  2.21318e+03  4.65676e-01
1.35358e-01  2.21481e+03  4.61049e-01
1.35258e-01  2.21646e+03  4.51940e-01
1.35157e-01  2.21810e+03  4.40718e-01
1.35057e-01  2.21975e+03  4.27702e-01
1.34957e-01  2.22140e+03  4.13218e-01
1.34856e-01  2.22305e+03  3.97584e-01
1.34756e-01  2.22470e+03  3.81122e-01
1.34656e-01  2.22636e+03  3.64159e-01
1.34556e-01  2.22802e+03  3.47011e-01
1.34455e-01  2.22968e+03  3.30005e-01
1.34355e-01  2.23134e+03  3.13459e-01
1.34255e-01  2.23301e+03  2.97696e-01
1.34155e-01  2.23468e+03  2.83040e-01
1.34054e-01  2.23635e+03  2.69810e-01
1.33954e-01  2.23802e+03  2.58332e-01
1.33854e-01  2.23970e+03  2.52120e-01
1.33754e-01  2.24138e+03  2.50692e-01
1.33653e-01  2.24306e+03  2.50944e-01
1.33553e-01  2.24474e+03  2.52586e-01
1.33453e-01  2.24643e+03  2.55329e-01
1.33352e-01  2.24812e+03  2.58883e-01
1.33252e-01  2.24981e+03  2.62960e-01
1.33152e-01  2.25151e+03  2.67268e-01
1.33052e-01  2.25320e+03  2.71520e-01
1.32951e-01  2.25490e+03  2.75425e-01
1.32851e-01  2.25660e+03  2.78694e-01
1.32751e-01  2.25831e+03  2.81038e-01
1.32651e-01  2.26002e+03  2.82166e-01
1.32550e-01  2.26172e+03  2.81791e-01
1.32450e-01  2.26344e+03  2.79621e-01
1.32350e-01  2.26515e+03  2.72884e-01
1.32250e-01  2.26687e+03  2.61925e-01
1.32149e-01  2.26859e+03  2.49245e-01
1.32049e-01  2.27031e+03  2.35092e-01
1.31949e-01  2.27204e+03  2.19722e-01
1.31849e-01  2.27376e+03  2.03386e-01
1.31748e-01  2.27549e+03  1.86335e-01
1.31648e-01  2.27723e+03  1.68827e-01
1.31548e-01  2.27896e+03  1.51108e-01
1.31447e-01  2.28070e+03  1.33436e-01
1.31347e-01  2.28244e+03  1.16058e-01
1.31247e-01  2.28419e+03  9.92290e-02
1.31147e-01  2.28593e+03  8.32043e-02
1.31046e-01  2.28768e+03  6.82313e-02
1.30946e-01  2.28943e+03  5.45669e-02
1.30846e-01  2.29119e+03  4.36386e-02
1.30746e-01  2.29294e+03  3.50037e-02
1.30645e-01  2.29470e+03  2.73842e-02
1.30545e-01  2.29647e+03  2.07155e-02
1.30445e-01  2.29823e+03  1.49371e-02
1.30345e-01  2.30000e+03  9.98497e-03
1.30244e-01  2.30177e+03  5.79749e-03
1.30144e-01  2.30354e+03  2.31276e-03
1.30044e-01  2.30532e+03  -5.32706e-04
1.29943e-01  2.30710e+03  -2.80046e-03
1.29843e-01  2.30888e+03  -4.55361e-03
1.29743e-01  2.31066e+03  -5.85420e-03
1.29643e-01  2.31245e+03  -6.76456e-03
1.29542e-01  2.31424e+03  -7.34737e-03
1.29442e-01  2.31603e+03  -7.66489e-03
1.29342e-01  2.31783e+03  -8.31134e-03
1.29242e-01  2.31963e+03  -9.05707e-03
1.29141e-01  2.32143e+03  -9.37145e-03
1.29041e-01  2.32323e+03  -9.30261e-03
1.28941e-01  2.32504e+03  -8.89859e-03
1.28841e-01  2.32685e+03  -8.20730e-03
1.28740e-01  2.32866e+03  -7.27682e-03
1.28640e-01  2.33048e+03  -6.15538e-03
1.28540e-01  2.33229e+03  -4.89066e-03
1.28440e-01  2.33411e+03  -3.53107e-03
1.28339e-01  2.33594e+03  -2.12423e-03
1.28239e-01  2.33776e+03  -7.18486e-04
1.28139e-01  2.33959e+03  6.38237e-04
1.28038e-01  2.34143e+03  1.89800e-03
1.27938e-01  2.34326e+03  3.01259e-03
1.27838e-01  2.34510e+03  3.63030e-03
1.27738e-01  2.34694e+03  3.83793e-03
1.27637e-01  2.34878e+03  3.96411e-03
1.27537e-01  2.35063e+03  4.01486e-03
1.27437e-01  2.35248e+03  3.99617e-03
1.27337e-01  2.35433e+03  3.91407e-03
1.27236e-01  2.35619e+03  3.77455e-03
1.27136e-01  2.35804e+03  3.58362e-03
1.27036e-01  2.35991e+03  3.34729e-03
1.26936e-01  2.36177e+03  3.07158e-03
1.26835e-01  2.36364e+03  2.76249e-03
1.26735e-01  2.36551e+03  2.42603e-03
1.26635e-01  2.36738e+03  2.06822e-03
1.26534e-01  2.36926e+03  1.69502e-03
1.26434e-01  2.37113e+03  1.31251e-03
1.26334e-01  2.37302e+03  9.10877e-04
1.26234e-01  2.37490e+03  4.61674e-04
1.26133e-01  2.37679e+03  -2.14027e-05
1.26033e-01  2.37868e+03  -5.28050e-04
1.25933e-01  2.38057e+03  -1.04784e-03
1.25833e-01  2.38247e+03  -1.57048e-03
1.25732e-01  2.38437e+03  -2.08561e-03
1.25632e-01  2.38627e+03  -2.58289e-03
1.25532e-01  2.38818e+03  -3.05201e-03
1.25432e-01  2.39009e+03  -3.48256e-03
1.25331e-01  2.39200e+03  -3.86422e-03
1.25231e-01  2.39392e+03  -4.18666e-03
1.25131e-01  2.39583e+03  -4.43952e-03
1.25030e-01  2.39775e+03  -4.61247e-03
1.24930e-01  2.39968e+03  -4.69515e-03
1.24830e-01  2.40161e+03  -4.55089e-03
1.24730e-01  2.40354e+03  -4.16421e-03
1.24629e-01  2.40547e+03  -3.67473e-03
1.24529e-01  2.40741e+03  -3.10106e-03
1.24429e-01  2.40935e+03  -2.46195e-03
1.24329e-01  2.41129e+03  -1.77604e-03
1.24228e-01  2.41324e+03  -1.06197e-03
1.24128e-01  2.41519e+03  -3.38422e-04
1.24028e-01  2.41714e+03  3.76002e-04
1.23928e-01  2.41909e+03  1.06253e-03
1.23827e-01  2.42105e+03  1.70254e-03
1.23727e-01  2.42301e+03  2.27739e-03
1.23627e-01  2.42498e+03  2.76840e-03
1.23527e-01  2.42695e+03  3.15693e-03
1.23426e-01  2.42892e+03  3.42427e-03
1.23326e-01  2.43089e+03  3.37883e-03
1.23226e-01  2.43287e+03  3.01200e-03
1.23125e-01  2.43485e+03  2.52123e-03
1.23025e-01  2.43684e+03  1.92678e-03
1.22925e-01  2.43883e+03  1.24905e-03
1.22825e-01  2.44082e+03  5.08318e-04
1.22724e-01  2.44281e+03  -2.75117e-04
1.22624e-01  2.44481e+03  -1.08094e-03
1.22524e-01  2.44681e+03  -1.88891e-03
1.22424e-01  2.44881e+03  -2.67859e-03
1.22323e-01  2.45082e+03  -3.42973e-03
1.22223e-01  2.45283e+03  -4.12202e-03
1.22123e-01  2.45484e+03  -4.73515e-03
1.22023e-01  2.45686e+03  -5.24885e-03
1.21922e-01  2.45888e+03  -5.64273e-03
1.21822e-01  2.46091e+03  -5.72400e-03
1.21722e-01  2.46293e+03  -5.48566e-03
1.21621e-01  2.46496e+03  -5.12981e-03
1.21521e-01  2.46700e+03  -4.67485e-03
1.21421e-01  2.46903e+03  -4.13931e-03
1.21321e-01  2.47107e+03  -3.54158e-03
1.21220e-01  2.47312e+03  -2.90011e-03
1.21120e-01  2.47517e+03  -2.23334e-03
1.21020e-01  2.47722e+03  -1.55967e-03
1.20920e-01  2.47927e+03  -8.97628e-04
1.20819e-01  2.48133e+03  -2.65614e-04
1.20719e-01  2.48339e+03  3.17932e-04
1.20619e-01  2.48545e+03  8.34571e-04
1.20519e-01  2.48752e+03  1.26589e-03
1.20418e-01  2.48959e+03  1.59338e-03
1.20318e-01  2.49167e+03  1.63745e-03
1.20218e-01  2.49374e+03  1.38703e-03
1.20118e-01  2.49583e+03  1.03454e-03
1.20017e-01  2.49791e+03  5.96779e-04
1.19917e-01  2.50000e+03  9.06327e-05
1.19817e-01  2.50209e+03  -4.67101e-04
1.19716e-01  2.50419e+03  -1.05960e-03
1.19616e-01  2.50629e+03  -1.67004e-03
1.19516e-01  2.50839e+03  -2.28164e-03
1.19416e-01  2.51050e+03  -2.87748e-03
1.19315e-01  2.51261e+03  -3.44078e-03
1.19215e-01  2.51472e+03  -3.95473e-03
1.19115e-01  2.51684e+03  -4.40249e-03
1.19015e-01  2.51896e+03  -4.76726e-03
1.18914e-01  2.52108e+03  -5.03217e-03
1.18814e-01  2.52321e+03  -5.02676e-03
1.18714e-01  2.52534e+03  -4.73273e-03
1.18614e-01  2.52747e+03  -4.33724e-03
1.18513e-01  2.52961e+03  -3.85757e-03
1.18413e-01  2.53175e+03  -3.31112e-03
1.18313e-01  2.53390e+03  -2.71516e-03
1.18212e-01  2.53605e+03  -2.08703e-03
1.18112e-01  2.53820e+03  -1.44403e-03
1.18012e-01  2.54036e+03  -8.03434e-04
1.17912e-01  2.54252e+03  -1.82667e-04
1.17811e-01  2.54468e+03  4.01003e-04
1.17711e-01  2.54685e+03  9.30258e-04
1.17611e-01  2.54902e+03  1.38778e-03
1.17511e-01  2.55119e+03  1.75627e-03
1.17410e-01  2.55337e+03  2.01836e-03
1.17310e-01  2.55556e+03  1.99098e-03
1.17210e-01  2.55774e+03  1.64655e-03
1.17110e-01  2.55993e+03  1.19095e-03
1.17009e-01  2.56213e+03  6.43875e-04
1.16909e-01  2.56432e+03  2.51261e-05
1.16809e-01  2.56652e+03  -6.45609e-04
1.16709e-01  2.56873e+03  -1.34860e-03
1.16608e-01  2.57094e+03  -2.06414e-03
1.16508e-01  2.57315e+03  -2.77253e-03
1.16408e-01  2.57537e+03  -3.45396e-03
1.16307e-01  2.57759e+03  -4.08874e-03
1.16207e-01  2.57981e+03  -4.65715e-03
1.16107e-01  2.58204e+03  -5.13948e-03
1.16007e-01  2.58427e+03  -5.51601e-03
1.15906e-01  2.58651e+03  -5.76697e-03
1.15806e-01  2.58874e+03  -5.69640e-03
1.15706e-01  2.59099e+03  -5.27070e-03
1.15606e-01  2.59324e+03  -4.71479e-03
1.15505e-01  2.59549e+03  -4.05041e-03
1.15405e-01  2.59774e+03  -3.29944e-03
1.15305e-01  2.60000e+03  -2.48362e-03
1.15205e-01  2.60226e+03  -1.62475e-03
1.15104e-01  2.60453e+03  -7.44592e-04
1.15004e-01  2.60680e+03  1.35118e-04
1.14904e-01  2.60908e+03  9.92463e-04
1.14803e-01  2.61135e+03  1.80572e-03
1.14703e-01  2.61364e+03  2.55312e-03
1.14603e-01  2.61592e+03  3.21286e-03
1.14503e-01  2.61821e+03  3.76319e-03
1.14402e-01  2.62051e+03  4.18225e-03
1.14302e-01  2.62281e+03  4.26273e-03
1.14202e-01  2.62511e+03  3.96708e-03
1.14102e-01  2.62742e+03  3.53800e-03
1.14001e-01  2.62973e+03  2.99742e-03
1.13901e-01  2.63204e+03  2.36740e-03
1.13801e-01  2.63436e+03  1.66987e-03
1.13701e-01  2.63668e+03  9.26826e-04
1.13600e-01  2.63901e+03  1.60229e-04
1.13500e-01  2.64134e+03  -6.07999e-04
1.13400e-01  2.64368e+03  -1.35576e-03
1.13299e-01  2.64602e+03  -2.06115e-03
1.13199e-01  2.64836e+03  -2.70217e-03
1.13099e-01  2.65071e+03  -3.25686e-03
1.12999e-01  2.65306e+03  -3.70328e-03
1.12898e-01  2.65542e+03  -4.01936e-03
1.12798e-01  2.65778e+03  -4.18369e-03
1.12698e-01  2.66014e+03  -4.18951e-03
1.12598e-01  2.66251e+03  -4.04686e-03
1.12497e-01  2.66488e+03  -3.76668e-03
1.12397e-01  2.66726e+03  -3.35996e-03
1.12297e-01  2.66964e+03  -2.83763e-03
1.12197e-01  2.67203e+03  -2.21064e-03
1.12096e-01  2.67442e+03  -1.48996e-03
1.11996e-01  2.67681e+03  -6.86451e-04
1.11896e-01  2.67921e+03  1.88793e-04
1.11796e-01  2.68161e+03  1.12489e-03
1.11695e-01  2.68402e+03  2.11087e-03
1.11595e-01  2.68643e+03  3.13580e-03
1.11495e-01  2.68885e+03  4.18881e-03
1.11394e-01  2.69127e+03  5.25877e-03
1.11294e-01  2.69369e+03  6.33482e-03
1.11194e-01  2.69612e+03  7.40600e-03
1.11094e-01  2.69856e+03  8.46137e-03
1.10993e-01  2.70099e+03  9.49005e-03
1.10893e-01  2.70344e+03  1.04809e-02
1.10793e-01  2.70588e+03  1.14231e-02
1.10693e-01  2.70833e+03  1.23057e-02
1.10592e-01  2.71079e+03  1.31177e-02
1.10492e-01  2.71325e+03  1.38482e-02
1.10392e-01  2.71571e+03  1.44862e-02
1.10292e-01  2.71818e+03  1.50208e-02
