SUBARU_HSC_NB921
frq          wvl          transmission
[GHz]        [micron]                 
3.33103e+05  9.00000e-01  1.20000e-03
3.33084e+05  9.00050e-01  1.10000e-03
3.33066e+05  9.00100e-01  1.00000e-03
3.33047e+05  9.00150e-01  1.00000e-03
3.33029e+05  9.00200e-01  1.10000e-03
3.33010e+05  9.00250e-01  1.40000e-03
3.32992e+05  9.00300e-01  1.70000e-03
3.32973e+05  9.00350e-01  2.10000e-03
3.32955e+05  9.00400e-01  2.50000e-03
3.32936e+05  9.00450e-01  2.90000e-03
3.32918e+05  9.00500e-01  3.40000e-03
3.32899e+05  9.00550e-01  2.30000e-03
3.32881e+05  9.00600e-01  1.30000e-03
3.32862e+05  9.00650e-01  3.00000e-04
3.32844e+05  9.00700e-01  2.00000e-04
3.32825e+05  9.00750e-01  3.00000e-04
3.32807e+05  9.00800e-01  4.00000e-04
3.32788e+05  9.00850e-01  9.00000e-04
3.32770e+05  9.00900e-01  1.40000e-03
3.32751e+05  9.00950e-01  2.10000e-03
3.32733e+05  9.01000e-01  2.90000e-03
3.32715e+05  9.01050e-01  2.10000e-03
3.32696e+05  9.01100e-01  1.40000e-03
3.32678e+05  9.01150e-01  8.00000e-04
3.32659e+05  9.01200e-01  3.00000e-04
3.32641e+05  9.01250e-01  1.00000e-04
3.32622e+05  9.01300e-01  1.00000e-04
3.32604e+05  9.01350e-01  4.00000e-04
3.32585e+05  9.01400e-01  1.20000e-03
3.32567e+05  9.01450e-01  2.00000e-03
3.32548e+05  9.01500e-01  2.80000e-03
3.32530e+05  9.01550e-01  2.10000e-03
3.32512e+05  9.01600e-01  1.40000e-03
3.32493e+05  9.01650e-01  8.00000e-04
3.32475e+05  9.01700e-01  4.00000e-04
3.32456e+05  9.01750e-01  6.00000e-04
3.32438e+05  9.01800e-01  3.00000e-04
3.32419e+05  9.01850e-01  9.00000e-04
3.32401e+05  9.01900e-01  1.70000e-03
3.32383e+05  9.01950e-01  2.60000e-03
3.32364e+05  9.02000e-01  3.50000e-03
3.32346e+05  9.02050e-01  2.50000e-03
3.32327e+05  9.02100e-01  1.50000e-03
3.32309e+05  9.02150e-01  9.00000e-04
3.32290e+05  9.02200e-01  1.00000e-03
3.32272e+05  9.02250e-01  1.60000e-03
3.32254e+05  9.02300e-01  1.60000e-03
3.32235e+05  9.02350e-01  1.60000e-03
3.32217e+05  9.02400e-01  1.80000e-03
3.32198e+05  9.02450e-01  2.00000e-03
3.32180e+05  9.02500e-01  2.40000e-03
3.32162e+05  9.02550e-01  1.80000e-03
3.32143e+05  9.02600e-01  1.10000e-03
3.32125e+05  9.02650e-01  6.00000e-04
3.32106e+05  9.02700e-01  2.00000e-04
3.32088e+05  9.02750e-01  1.00000e-04
3.32070e+05  9.02800e-01  4.00000e-04
3.32051e+05  9.02850e-01  1.00000e-03
3.32033e+05  9.02900e-01  1.70000e-03
3.32014e+05  9.02950e-01  2.40000e-03
3.31996e+05  9.03000e-01  3.10000e-03
3.31978e+05  9.03050e-01  2.60000e-03
3.31959e+05  9.03100e-01  2.10000e-03
3.31941e+05  9.03150e-01  1.70000e-03
3.31923e+05  9.03200e-01  1.90000e-03
3.31904e+05  9.03250e-01  2.30000e-03
3.31886e+05  9.03300e-01  2.20000e-03
3.31867e+05  9.03350e-01  2.20000e-03
3.31849e+05  9.03400e-01  2.20000e-03
3.31831e+05  9.03450e-01  2.30000e-03
3.31812e+05  9.03500e-01  2.50000e-03
3.31794e+05  9.03550e-01  2.00000e-03
3.31776e+05  9.03600e-01  1.60000e-03
3.31757e+05  9.03650e-01  1.50000e-03
3.31739e+05  9.03700e-01  1.40000e-03
3.31721e+05  9.03750e-01  1.50000e-03
3.31702e+05  9.03800e-01  1.20000e-03
3.31684e+05  9.03850e-01  1.20000e-03
3.31666e+05  9.03900e-01  1.60000e-03
3.31647e+05  9.03950e-01  2.30000e-03
3.31629e+05  9.04000e-01  2.90000e-03
3.31610e+05  9.04050e-01  2.80000e-03
3.31592e+05  9.04100e-01  2.70000e-03
3.31574e+05  9.04150e-01  2.60000e-03
3.31555e+05  9.04200e-01  2.80000e-03
3.31537e+05  9.04250e-01  3.10000e-03
3.31519e+05  9.04300e-01  2.20000e-03
3.31500e+05  9.04350e-01  1.50000e-03
3.31482e+05  9.04400e-01  1.10000e-03
3.31464e+05  9.04450e-01  9.00000e-04
3.31446e+05  9.04500e-01  9.00000e-04
3.31427e+05  9.04550e-01  9.00000e-04
3.31409e+05  9.04600e-01  9.00000e-04
3.31391e+05  9.04650e-01  1.20000e-03
3.31372e+05  9.04700e-01  1.70000e-03
3.31354e+05  9.04750e-01  2.90000e-03
3.31336e+05  9.04800e-01  2.70000e-03
3.31317e+05  9.04850e-01  2.80000e-03
3.31299e+05  9.04900e-01  3.10000e-03
3.31281e+05  9.04950e-01  3.30000e-03
3.31262e+05  9.05000e-01  3.60000e-03
3.31244e+05  9.05050e-01  3.00000e-03
3.31226e+05  9.05100e-01  2.50000e-03
3.31207e+05  9.05150e-01  2.20000e-03
3.31189e+05  9.05200e-01  2.10000e-03
3.31171e+05  9.05250e-01  2.20000e-03
3.31153e+05  9.05300e-01  2.00000e-03
3.31134e+05  9.05350e-01  1.90000e-03
3.31116e+05  9.05400e-01  1.70000e-03
3.31098e+05  9.05450e-01  1.60000e-03
3.31079e+05  9.05500e-01  1.60000e-03
3.31061e+05  9.05550e-01  1.60000e-03
3.31043e+05  9.05600e-01  1.60000e-03
3.31025e+05  9.05650e-01  1.60000e-03
3.31006e+05  9.05700e-01  1.70000e-03
3.30988e+05  9.05750e-01  1.70000e-03
3.30970e+05  9.05800e-01  2.00000e-03
3.30952e+05  9.05850e-01  2.50000e-03
3.30933e+05  9.05900e-01  3.00000e-03
3.30915e+05  9.05950e-01  3.50000e-03
3.30897e+05  9.06000e-01  4.00000e-03
3.30878e+05  9.06050e-01  3.70000e-03
3.30860e+05  9.06100e-01  3.50000e-03
3.30842e+05  9.06150e-01  3.40000e-03
3.30824e+05  9.06200e-01  3.50000e-03
3.30805e+05  9.06250e-01  3.70000e-03
3.30787e+05  9.06300e-01  3.70000e-03
3.30769e+05  9.06350e-01  3.70000e-03
3.30751e+05  9.06400e-01  3.80000e-03
3.30732e+05  9.06450e-01  3.80000e-03
3.30714e+05  9.06500e-01  3.90000e-03
3.30696e+05  9.06550e-01  3.40000e-03
3.30678e+05  9.06600e-01  3.00000e-03
3.30660e+05  9.06650e-01  2.60000e-03
3.30641e+05  9.06700e-01  2.20000e-03
3.30623e+05  9.06750e-01  1.90000e-03
3.30605e+05  9.06800e-01  2.20000e-03
3.30587e+05  9.06850e-01  2.80000e-03
3.30568e+05  9.06900e-01  3.50000e-03
3.30550e+05  9.06950e-01  4.30000e-03
3.30532e+05  9.07000e-01  5.00000e-03
3.30514e+05  9.07050e-01  5.00000e-03
3.30495e+05  9.07100e-01  5.10000e-03
3.30477e+05  9.07150e-01  5.10000e-03
3.30459e+05  9.07200e-01  5.60000e-03
3.30441e+05  9.07250e-01  6.00000e-03
3.30423e+05  9.07300e-01  5.60000e-03
3.30404e+05  9.07350e-01  5.10000e-03
3.30386e+05  9.07400e-01  4.70000e-03
3.30368e+05  9.07450e-01  4.40000e-03
3.30350e+05  9.07500e-01  4.30000e-03
3.30332e+05  9.07550e-01  4.90000e-03
3.30313e+05  9.07600e-01  5.80000e-03
3.30295e+05  9.07650e-01  6.70000e-03
3.30277e+05  9.07700e-01  7.70000e-03
3.30259e+05  9.07750e-01  8.70000e-03
3.30241e+05  9.07800e-01  8.70000e-03
3.30222e+05  9.07850e-01  8.70000e-03
3.30204e+05  9.07900e-01  8.80000e-03
3.30186e+05  9.07950e-01  8.90000e-03
3.30168e+05  9.08000e-01  9.00000e-03
3.30150e+05  9.08050e-01  9.00000e-03
3.30132e+05  9.08100e-01  9.10000e-03
3.30113e+05  9.08150e-01  9.20000e-03
3.30095e+05  9.08200e-01  9.40000e-03
3.30077e+05  9.08250e-01  9.60000e-03
3.30059e+05  9.08300e-01  1.01000e-02
3.30041e+05  9.08350e-01  1.07000e-02
3.30023e+05  9.08400e-01  1.12000e-02
3.30004e+05  9.08450e-01  1.18000e-02
3.29986e+05  9.08500e-01  1.24000e-02
3.29968e+05  9.08550e-01  1.30000e-02
3.29950e+05  9.08600e-01  1.37000e-02
3.29932e+05  9.08650e-01  1.44000e-02
3.29914e+05  9.08700e-01  1.51000e-02
3.29895e+05  9.08750e-01  1.59000e-02
3.29877e+05  9.08800e-01  1.63000e-02
3.29859e+05  9.08850e-01  1.68000e-02
3.29841e+05  9.08900e-01  1.72000e-02
3.29823e+05  9.08950e-01  1.77000e-02
3.29805e+05  9.09000e-01  1.81000e-02
3.29787e+05  9.09050e-01  1.91000e-02
3.29768e+05  9.09100e-01  2.01000e-02
3.29750e+05  9.09150e-01  2.11000e-02
3.29732e+05  9.09200e-01  2.20000e-02
3.29714e+05  9.09250e-01  2.30000e-02
3.29696e+05  9.09300e-01  2.32000e-02
3.29678e+05  9.09350e-01  2.34000e-02
3.29660e+05  9.09400e-01  2.36000e-02
3.29641e+05  9.09450e-01  2.38000e-02
3.29623e+05  9.09500e-01  2.40000e-02
3.29605e+05  9.09550e-01  2.60000e-02
3.29587e+05  9.09600e-01  2.81000e-02
3.29569e+05  9.09650e-01  3.01000e-02
3.29551e+05  9.09700e-01  3.21000e-02
3.29533e+05  9.09750e-01  3.42000e-02
3.29515e+05  9.09800e-01  3.56000e-02
3.29497e+05  9.09850e-01  3.70000e-02
3.29478e+05  9.09900e-01  3.84000e-02
3.29460e+05  9.09950e-01  3.97000e-02
3.29442e+05  9.10000e-01  4.11000e-02
3.29424e+05  9.10050e-01  4.31000e-02
3.29406e+05  9.10100e-01  4.51000e-02
3.29388e+05  9.10150e-01  4.71000e-02
3.29370e+05  9.10200e-01  4.91000e-02
3.29352e+05  9.10250e-01  5.11000e-02
3.29334e+05  9.10300e-01  5.35000e-02
3.29316e+05  9.10350e-01  5.58000e-02
3.29298e+05  9.10400e-01  5.81000e-02
3.29279e+05  9.10450e-01  6.05000e-02
3.29261e+05  9.10500e-01  6.28000e-02
3.29243e+05  9.10550e-01  6.57000e-02
3.29225e+05  9.10600e-01  6.86000e-02
3.29207e+05  9.10650e-01  7.16000e-02
3.29189e+05  9.10700e-01  7.45000e-02
3.29171e+05  9.10750e-01  7.74000e-02
3.29153e+05  9.10800e-01  8.15000e-02
3.29135e+05  9.10850e-01  8.56000e-02
3.29117e+05  9.10900e-01  8.97000e-02
3.29099e+05  9.10950e-01  9.37000e-02
3.29081e+05  9.11000e-01  9.78000e-02
3.29063e+05  9.11050e-01  1.02500e-01
3.29045e+05  9.11100e-01  1.07200e-01
3.29026e+05  9.11150e-01  1.11900e-01
3.29008e+05  9.11200e-01  1.16500e-01
3.28990e+05  9.11250e-01  1.21200e-01
3.28972e+05  9.11300e-01  1.26600e-01
3.28954e+05  9.11350e-01  1.31900e-01
3.28936e+05  9.11400e-01  1.37300e-01
3.28918e+05  9.11450e-01  1.42700e-01
3.28900e+05  9.11500e-01  1.48100e-01
3.28882e+05  9.11550e-01  1.53600e-01
3.28864e+05  9.11600e-01  1.59300e-01
3.28846e+05  9.11650e-01  1.64900e-01
3.28828e+05  9.11700e-01  1.70500e-01
3.28810e+05  9.11750e-01  1.76100e-01
3.28792e+05  9.11800e-01  1.82300e-01
3.28774e+05  9.11850e-01  1.88500e-01
3.28756e+05  9.11900e-01  1.94600e-01
3.28738e+05  9.11950e-01  2.00700e-01
3.28720e+05  9.12000e-01  2.06800e-01
3.28702e+05  9.12050e-01  2.14100e-01
3.28684e+05  9.12100e-01  2.21400e-01
3.28666e+05  9.12150e-01  2.28700e-01
3.28648e+05  9.12200e-01  2.36000e-01
3.28630e+05  9.12250e-01  2.43200e-01
3.28612e+05  9.12300e-01  2.50100e-01
3.28594e+05  9.12350e-01  2.57000e-01
3.28576e+05  9.12400e-01  2.63800e-01
3.28558e+05  9.12450e-01  2.70600e-01
3.28540e+05  9.12500e-01  2.77500e-01
3.28522e+05  9.12550e-01  2.85400e-01
3.28504e+05  9.12600e-01  2.93300e-01
3.28486e+05  9.12650e-01  3.01100e-01
3.28468e+05  9.12700e-01  3.09000e-01
3.28450e+05  9.12750e-01  3.17000e-01
3.28432e+05  9.12800e-01  3.24500e-01
3.28414e+05  9.12850e-01  3.32000e-01
3.28396e+05  9.12900e-01  3.39500e-01
3.28378e+05  9.12950e-01  3.47000e-01
3.28360e+05  9.13000e-01  3.54500e-01
3.28342e+05  9.13050e-01  3.62600e-01
3.28324e+05  9.13100e-01  3.70800e-01
3.28306e+05  9.13150e-01  3.79000e-01
3.28288e+05  9.13200e-01  3.87200e-01
3.28270e+05  9.13250e-01  3.95400e-01
3.28252e+05  9.13300e-01  4.03200e-01
3.28234e+05  9.13350e-01  4.11100e-01
3.28216e+05  9.13400e-01  4.19000e-01
3.28198e+05  9.13450e-01  4.26900e-01
3.28180e+05  9.13500e-01  4.34700e-01
3.28162e+05  9.13550e-01  4.42600e-01
3.28144e+05  9.13600e-01  4.50500e-01
3.28126e+05  9.13650e-01  4.58400e-01
3.28108e+05  9.13700e-01  4.66300e-01
3.28090e+05  9.13750e-01  4.74300e-01
3.28072e+05  9.13800e-01  4.81000e-01
3.28054e+05  9.13850e-01  4.87600e-01
3.28036e+05  9.13900e-01  4.94300e-01
3.28018e+05  9.13950e-01  5.00900e-01
3.28001e+05  9.14000e-01  5.07600e-01
3.27983e+05  9.14050e-01  5.15100e-01
3.27965e+05  9.14100e-01  5.22700e-01
3.27947e+05  9.14150e-01  5.30200e-01
3.27929e+05  9.14200e-01  5.37800e-01
3.27911e+05  9.14250e-01  5.45300e-01
3.27893e+05  9.14300e-01  5.52300e-01
3.27875e+05  9.14350e-01  5.59200e-01
3.27857e+05  9.14400e-01  5.66100e-01
3.27839e+05  9.14450e-01  5.72900e-01
3.27821e+05  9.14500e-01  5.79800e-01
3.27803e+05  9.14550e-01  5.87600e-01
3.27785e+05  9.14600e-01  5.95400e-01
3.27767e+05  9.14650e-01  6.03200e-01
3.27749e+05  9.14700e-01  6.11000e-01
3.27732e+05  9.14750e-01  6.18800e-01
3.27714e+05  9.14800e-01  6.25800e-01
3.27696e+05  9.14850e-01  6.32900e-01
3.27678e+05  9.14900e-01  6.39900e-01
3.27660e+05  9.14950e-01  6.47000e-01
3.27642e+05  9.15000e-01  6.54000e-01
3.27624e+05  9.15050e-01  6.61200e-01
3.27606e+05  9.15100e-01  6.68300e-01
3.27588e+05  9.15150e-01  6.75500e-01
3.27570e+05  9.15200e-01  6.82600e-01
3.27553e+05  9.15250e-01  6.89700e-01
3.27535e+05  9.15300e-01  6.96300e-01
3.27517e+05  9.15350e-01  7.03000e-01
3.27499e+05  9.15400e-01  7.09600e-01
3.27481e+05  9.15450e-01  7.16300e-01
3.27463e+05  9.15500e-01  7.23000e-01
3.27445e+05  9.15550e-01  7.28900e-01
3.27427e+05  9.15600e-01  7.34800e-01
3.27409e+05  9.15650e-01  7.40800e-01
3.27392e+05  9.15700e-01  7.46700e-01
3.27374e+05  9.15750e-01  7.52600e-01
3.27356e+05  9.15800e-01  7.58700e-01
3.27338e+05  9.15850e-01  7.64700e-01
3.27320e+05  9.15900e-01  7.70800e-01
3.27302e+05  9.15950e-01  7.76900e-01
3.27284e+05  9.16000e-01  7.82900e-01
3.27266e+05  9.16050e-01  7.88200e-01
3.27249e+05  9.16100e-01  7.93500e-01
3.27231e+05  9.16150e-01  7.98800e-01
3.27213e+05  9.16200e-01  8.04200e-01
3.27195e+05  9.16250e-01  8.09500e-01
3.27177e+05  9.16300e-01  8.14400e-01
3.27159e+05  9.16350e-01  8.19300e-01
3.27141e+05  9.16400e-01  8.24300e-01
3.27124e+05  9.16450e-01  8.29100e-01
3.27106e+05  9.16500e-01  8.34100e-01
3.27088e+05  9.16550e-01  8.38000e-01
3.27070e+05  9.16600e-01  8.41900e-01
3.27052e+05  9.16650e-01  8.45700e-01
3.27034e+05  9.16700e-01  8.49700e-01
3.27017e+05  9.16750e-01  8.53600e-01
3.26999e+05  9.16800e-01  8.57800e-01
3.26981e+05  9.16850e-01  8.62100e-01
3.26963e+05  9.16900e-01  8.66300e-01
3.26945e+05  9.16950e-01  8.70500e-01
3.26927e+05  9.17000e-01  8.74700e-01
3.26910e+05  9.17050e-01  8.78000e-01
3.26892e+05  9.17100e-01  8.81300e-01
3.26874e+05  9.17150e-01  8.84500e-01
3.26856e+05  9.17200e-01  8.87800e-01
3.26838e+05  9.17250e-01  8.91100e-01
3.26821e+05  9.17300e-01  8.94000e-01
3.26803e+05  9.17350e-01  8.96800e-01
3.26785e+05  9.17400e-01  8.99600e-01
3.26767e+05  9.17450e-01  9.02500e-01
3.26749e+05  9.17500e-01  9.05300e-01
3.26731e+05  9.17550e-01  9.07900e-01
3.26714e+05  9.17600e-01  9.10500e-01
3.26696e+05  9.17650e-01  9.13000e-01
3.26678e+05  9.17700e-01  9.15600e-01
3.26660e+05  9.17750e-01  9.18200e-01
3.26642e+05  9.17800e-01  9.19200e-01
3.26625e+05  9.17850e-01  9.20100e-01
3.26607e+05  9.17900e-01  9.21000e-01
3.26589e+05  9.17950e-01  9.22000e-01
3.26571e+05  9.18000e-01  9.23000e-01
3.26554e+05  9.18050e-01  9.23100e-01
3.26536e+05  9.18100e-01  9.23300e-01
3.26518e+05  9.18150e-01  9.23400e-01
3.26500e+05  9.18200e-01  9.23600e-01
3.26482e+05  9.18250e-01  9.23700e-01
3.26465e+05  9.18300e-01  9.23900e-01
3.26447e+05  9.18350e-01  9.24000e-01
3.26429e+05  9.18400e-01  9.24100e-01
3.26411e+05  9.18450e-01  9.24300e-01
3.26394e+05  9.18500e-01  9.24400e-01
3.26376e+05  9.18550e-01  9.24800e-01
3.26358e+05  9.18600e-01  9.25200e-01
3.26340e+05  9.18650e-01  9.25600e-01
3.26322e+05  9.18700e-01  9.26100e-01
3.26305e+05  9.18750e-01  9.26500e-01
3.26287e+05  9.18800e-01  9.27200e-01
3.26269e+05  9.18850e-01  9.28000e-01
3.26251e+05  9.18900e-01  9.28700e-01
3.26234e+05  9.18950e-01  9.29500e-01
3.26216e+05  9.19000e-01  9.30300e-01
3.26198e+05  9.19050e-01  9.30600e-01
3.26180e+05  9.19100e-01  9.31000e-01
3.26163e+05  9.19150e-01  9.31400e-01
3.26145e+05  9.19200e-01  9.31800e-01
3.26127e+05  9.19250e-01  9.32100e-01
3.26109e+05  9.19300e-01  9.33400e-01
3.26092e+05  9.19350e-01  9.34800e-01
3.26074e+05  9.19400e-01  9.36100e-01
3.26056e+05  9.19450e-01  9.37500e-01
3.26039e+05  9.19500e-01  9.38800e-01
3.26021e+05  9.19550e-01  9.38900e-01
3.26003e+05  9.19600e-01  9.39000e-01
3.25985e+05  9.19650e-01  9.39200e-01
3.25968e+05  9.19700e-01  9.39300e-01
3.25950e+05  9.19750e-01  9.39400e-01
3.25932e+05  9.19800e-01  9.38600e-01
3.25915e+05  9.19850e-01  9.38200e-01
3.25897e+05  9.19900e-01  9.37800e-01
3.25879e+05  9.19950e-01  9.37300e-01
3.25861e+05  9.20000e-01  9.36900e-01
3.25844e+05  9.20050e-01  9.37800e-01
3.25826e+05  9.20100e-01  9.38800e-01
3.25808e+05  9.20150e-01  9.39700e-01
3.25791e+05  9.20200e-01  9.40700e-01
3.25773e+05  9.20250e-01  9.41700e-01
3.25755e+05  9.20300e-01  9.39500e-01
3.25737e+05  9.20350e-01  9.37400e-01
3.25720e+05  9.20400e-01  9.35200e-01
3.25702e+05  9.20450e-01  9.33100e-01
3.25684e+05  9.20500e-01  9.31100e-01
3.25667e+05  9.20550e-01  9.32200e-01
3.25649e+05  9.20600e-01  9.33400e-01
3.25631e+05  9.20650e-01  9.34600e-01
3.25614e+05  9.20700e-01  9.35800e-01
3.25596e+05  9.20750e-01  9.37000e-01
3.25578e+05  9.20800e-01  9.36900e-01
3.25561e+05  9.20850e-01  9.36900e-01
3.25543e+05  9.20900e-01  9.36900e-01
3.25525e+05  9.20950e-01  9.36800e-01
3.25508e+05  9.21000e-01  9.36800e-01
3.25490e+05  9.21050e-01  9.36300e-01
3.25472e+05  9.21100e-01  9.35900e-01
3.25455e+05  9.21150e-01  9.35400e-01
3.25437e+05  9.21200e-01  9.34900e-01
3.25419e+05  9.21250e-01  9.34500e-01
3.25402e+05  9.21300e-01  9.34000e-01
3.25384e+05  9.21350e-01  9.33500e-01
3.25366e+05  9.21400e-01  9.33000e-01
3.25349e+05  9.21450e-01  9.32500e-01
3.25331e+05  9.21500e-01  9.32000e-01
3.25313e+05  9.21550e-01  9.31100e-01
3.25296e+05  9.21600e-01  9.30100e-01
3.25278e+05  9.21650e-01  9.29200e-01
3.25260e+05  9.21700e-01  9.28300e-01
3.25243e+05  9.21750e-01  9.27400e-01
3.25225e+05  9.21800e-01  9.27100e-01
3.25207e+05  9.21850e-01  9.26700e-01
3.25190e+05  9.21900e-01  9.26300e-01
3.25172e+05  9.21950e-01  9.26000e-01
3.25155e+05  9.22000e-01  9.25700e-01
3.25137e+05  9.22050e-01  9.24400e-01
3.25119e+05  9.22100e-01  9.23000e-01
3.25102e+05  9.22150e-01  9.21700e-01
3.25084e+05  9.22200e-01  9.20400e-01
3.25066e+05  9.22250e-01  9.19000e-01
3.25049e+05  9.22300e-01  9.18700e-01
3.25031e+05  9.22350e-01  9.18400e-01
3.25014e+05  9.22400e-01  9.18100e-01
3.24996e+05  9.22450e-01  9.17800e-01
3.24978e+05  9.22500e-01  9.17400e-01
3.24961e+05  9.22550e-01  9.15900e-01
3.24943e+05  9.22600e-01  9.14300e-01
3.24925e+05  9.22650e-01  9.12700e-01
3.24908e+05  9.22700e-01  9.11100e-01
3.24890e+05  9.22750e-01  9.09500e-01
3.24873e+05  9.22800e-01  9.08000e-01
3.24855e+05  9.22850e-01  9.06600e-01
3.24837e+05  9.22900e-01  9.05100e-01
3.24820e+05  9.22950e-01  9.03600e-01
3.24802e+05  9.23000e-01  9.02100e-01
3.24785e+05  9.23050e-01  8.99800e-01
3.24767e+05  9.23100e-01  8.97500e-01
3.24749e+05  9.23150e-01  8.95300e-01
3.24732e+05  9.23200e-01  8.93000e-01
3.24714e+05  9.23250e-01  8.90800e-01
3.24697e+05  9.23300e-01  8.88600e-01
3.24679e+05  9.23350e-01  8.86500e-01
3.24662e+05  9.23400e-01  8.84300e-01
3.24644e+05  9.23450e-01  8.82200e-01
3.24626e+05  9.23500e-01  8.80000e-01
3.24609e+05  9.23550e-01  8.78000e-01
3.24591e+05  9.23600e-01  8.75900e-01
3.24574e+05  9.23650e-01  8.73900e-01
3.24556e+05  9.23700e-01  8.71800e-01
3.24539e+05  9.23750e-01  8.69800e-01
3.24521e+05  9.23800e-01  8.65400e-01
3.24503e+05  9.23850e-01  8.61100e-01
3.24486e+05  9.23900e-01  8.56700e-01
3.24468e+05  9.23950e-01  8.52400e-01
3.24451e+05  9.24000e-01  8.48000e-01
3.24433e+05  9.24050e-01  8.44200e-01
3.24416e+05  9.24100e-01  8.40300e-01
3.24398e+05  9.24150e-01  8.36400e-01
3.24380e+05  9.24200e-01  8.32400e-01
3.24363e+05  9.24250e-01  8.28500e-01
3.24345e+05  9.24300e-01  8.22800e-01
3.24328e+05  9.24350e-01  8.17100e-01
3.24310e+05  9.24400e-01  8.11400e-01
3.24293e+05  9.24450e-01  8.05700e-01
3.24275e+05  9.24500e-01  8.00000e-01
3.24258e+05  9.24550e-01  7.95300e-01
3.24240e+05  9.24600e-01  7.90600e-01
3.24223e+05  9.24650e-01  7.86000e-01
3.24205e+05  9.24700e-01  7.81400e-01
3.24188e+05  9.24750e-01  7.76800e-01
3.24170e+05  9.24800e-01  7.71700e-01
3.24153e+05  9.24850e-01  7.66700e-01
3.24135e+05  9.24900e-01  7.61600e-01
3.24117e+05  9.24950e-01  7.56500e-01
3.24100e+05  9.25000e-01  7.51500e-01
3.24082e+05  9.25050e-01  7.45200e-01
3.24065e+05  9.25100e-01  7.38900e-01
3.24047e+05  9.25150e-01  7.32700e-01
3.24030e+05  9.25200e-01  7.26400e-01
3.24012e+05  9.25250e-01  7.20200e-01
3.23995e+05  9.25300e-01  7.14500e-01
3.23977e+05  9.25350e-01  7.08800e-01
3.23960e+05  9.25400e-01  7.03100e-01
3.23942e+05  9.25450e-01  6.97400e-01
3.23925e+05  9.25500e-01  6.91700e-01
3.23907e+05  9.25550e-01  6.85000e-01
3.23890e+05  9.25600e-01  6.78300e-01
3.23872e+05  9.25650e-01  6.71700e-01
3.23855e+05  9.25700e-01  6.65000e-01
3.23837e+05  9.25750e-01  6.58400e-01
3.23820e+05  9.25800e-01  6.50900e-01
3.23802e+05  9.25850e-01  6.43300e-01
3.23785e+05  9.25900e-01  6.35800e-01
3.23767e+05  9.25950e-01  6.28300e-01
3.23750e+05  9.26000e-01  6.20800e-01
3.23732e+05  9.26050e-01  6.13900e-01
3.23715e+05  9.26100e-01  6.06900e-01
3.23698e+05  9.26150e-01  5.99900e-01
3.23680e+05  9.26200e-01  5.93000e-01
3.23663e+05  9.26250e-01  5.86000e-01
3.23645e+05  9.26300e-01  5.79200e-01
3.23628e+05  9.26350e-01  5.72400e-01
3.23610e+05  9.26400e-01  5.65700e-01
3.23593e+05  9.26450e-01  5.58900e-01
3.23575e+05  9.26500e-01  5.52100e-01
3.23558e+05  9.26550e-01  5.44900e-01
3.23540e+05  9.26600e-01  5.37700e-01
3.23523e+05  9.26650e-01  5.30500e-01
3.23505e+05  9.26700e-01  5.23200e-01
3.23488e+05  9.26750e-01  5.16000e-01
3.23470e+05  9.26800e-01  5.09000e-01
3.23453e+05  9.26850e-01  5.02100e-01
3.23436e+05  9.26900e-01  4.95000e-01
3.23418e+05  9.26950e-01  4.88100e-01
3.23401e+05  9.27000e-01  4.81200e-01
3.23383e+05  9.27050e-01  4.74200e-01
3.23366e+05  9.27100e-01  4.67200e-01
3.23348e+05  9.27150e-01  4.60200e-01
3.23331e+05  9.27200e-01  4.53200e-01
3.23314e+05  9.27250e-01  4.46300e-01
3.23296e+05  9.27300e-01  4.38800e-01
3.23279e+05  9.27350e-01  4.31200e-01
3.23261e+05  9.27400e-01  4.23700e-01
3.23244e+05  9.27450e-01  4.16200e-01
3.23226e+05  9.27500e-01  4.08700e-01
3.23209e+05  9.27550e-01  4.01400e-01
3.23192e+05  9.27600e-01  3.94000e-01
3.23174e+05  9.27650e-01  3.86700e-01
3.23157e+05  9.27700e-01  3.79400e-01
3.23139e+05  9.27750e-01  3.72200e-01
3.23122e+05  9.27800e-01  3.64500e-01
3.23104e+05  9.27850e-01  3.56800e-01
3.23087e+05  9.27900e-01  3.49100e-01
3.23070e+05  9.27950e-01  3.41400e-01
3.23052e+05  9.28000e-01  3.33800e-01
3.23035e+05  9.28050e-01  3.27200e-01
3.23017e+05  9.28100e-01  3.20500e-01
3.23000e+05  9.28150e-01  3.13900e-01
3.22983e+05  9.28200e-01  3.07300e-01
3.22965e+05  9.28250e-01  3.00800e-01
3.22948e+05  9.28300e-01  2.93300e-01
3.22930e+05  9.28350e-01  2.85800e-01
3.22913e+05  9.28400e-01  2.78300e-01
3.22896e+05  9.28450e-01  2.70800e-01
3.22878e+05  9.28500e-01  2.63300e-01
3.22861e+05  9.28550e-01  2.57200e-01
3.22843e+05  9.28600e-01  2.51000e-01
3.22826e+05  9.28650e-01  2.44900e-01
3.22809e+05  9.28700e-01  2.38800e-01
3.22791e+05  9.28750e-01  2.32600e-01
3.22774e+05  9.28800e-01  2.26600e-01
3.22757e+05  9.28850e-01  2.20600e-01
3.22739e+05  9.28900e-01  2.14500e-01
3.22722e+05  9.28950e-01  2.08500e-01
3.22704e+05  9.29000e-01  2.02400e-01
3.22687e+05  9.29050e-01  1.96900e-01
3.22670e+05  9.29100e-01  1.91300e-01
3.22652e+05  9.29150e-01  1.85900e-01
3.22635e+05  9.29200e-01  1.80300e-01
3.22618e+05  9.29250e-01  1.74800e-01
3.22600e+05  9.29300e-01  1.69500e-01
3.22583e+05  9.29350e-01  1.64300e-01
3.22566e+05  9.29400e-01  1.59000e-01
3.22548e+05  9.29450e-01  1.53700e-01
3.22531e+05  9.29500e-01  1.48400e-01
3.22514e+05  9.29550e-01  1.43700e-01
3.22496e+05  9.29600e-01  1.38900e-01
3.22479e+05  9.29650e-01  1.34200e-01
3.22462e+05  9.29700e-01  1.29500e-01
3.22444e+05  9.29750e-01  1.24800e-01
3.22427e+05  9.29800e-01  1.20700e-01
3.22409e+05  9.29850e-01  1.16600e-01
3.22392e+05  9.29900e-01  1.12600e-01
3.22375e+05  9.29950e-01  1.08500e-01
3.22357e+05  9.30000e-01  1.04400e-01
3.22340e+05  9.30050e-01  1.01200e-01
3.22323e+05  9.30100e-01  9.80000e-02
3.22305e+05  9.30150e-01  9.48000e-02
3.22288e+05  9.30200e-01  9.15000e-02
3.22271e+05  9.30250e-01  8.83000e-02
3.22254e+05  9.30300e-01  8.49000e-02
3.22236e+05  9.30350e-01  8.16000e-02
3.22219e+05  9.30400e-01  7.83000e-02
3.22202e+05  9.30450e-01  7.50000e-02
3.22184e+05  9.30500e-01  7.18000e-02
3.22167e+05  9.30550e-01  6.94000e-02
3.22150e+05  9.30600e-01  6.71000e-02
3.22132e+05  9.30650e-01  6.48000e-02
3.22115e+05  9.30700e-01  6.24000e-02
3.22098e+05  9.30750e-01  6.01000e-02
3.22080e+05  9.30800e-01  5.73000e-02
3.22063e+05  9.30850e-01  5.45000e-02
3.22046e+05  9.30900e-01  5.18000e-02
3.22029e+05  9.30950e-01  4.90000e-02
3.22011e+05  9.31000e-01  4.62000e-02
3.21994e+05  9.31050e-01  4.50000e-02
3.21977e+05  9.31100e-01  4.37000e-02
3.21959e+05  9.31150e-01  4.25000e-02
3.21942e+05  9.31200e-01  4.13000e-02
3.21925e+05  9.31250e-01  4.00000e-02
3.21908e+05  9.31300e-01  3.86000e-02
3.21890e+05  9.31350e-01  3.72000e-02
3.21873e+05  9.31400e-01  3.58000e-02
3.21856e+05  9.31450e-01  3.44000e-02
3.21838e+05  9.31500e-01  3.29000e-02
3.21821e+05  9.31550e-01  3.12000e-02
3.21804e+05  9.31600e-01  2.94000e-02
3.21787e+05  9.31650e-01  2.77000e-02
3.21769e+05  9.31700e-01  2.60000e-02
3.21752e+05  9.31750e-01  2.44000e-02
3.21735e+05  9.31800e-01  2.40000e-02
3.21718e+05  9.31850e-01  2.37000e-02
3.21700e+05  9.31900e-01  2.34000e-02
3.21683e+05  9.31950e-01  2.31000e-02
3.21666e+05  9.32000e-01  2.29000e-02
3.21648e+05  9.32050e-01  2.20000e-02
3.21631e+05  9.32100e-01  2.12000e-02
3.21614e+05  9.32150e-01  2.04000e-02
3.21597e+05  9.32200e-01  1.95000e-02
3.21579e+05  9.32250e-01  1.87000e-02
3.21562e+05  9.32300e-01  1.86000e-02
3.21545e+05  9.32350e-01  1.84000e-02
3.21528e+05  9.32400e-01  1.83000e-02
3.21510e+05  9.32450e-01  1.81000e-02
3.21493e+05  9.32500e-01  1.80000e-02
3.21476e+05  9.32550e-01  1.71000e-02
3.21459e+05  9.32600e-01  1.62000e-02
3.21442e+05  9.32650e-01  1.54000e-02
3.21424e+05  9.32700e-01  1.45000e-02
3.21407e+05  9.32750e-01  1.37000e-02
3.21390e+05  9.32800e-01  1.30000e-02
3.21373e+05  9.32850e-01  1.23000e-02
3.21355e+05  9.32900e-01  1.16000e-02
3.21338e+05  9.32950e-01  1.09000e-02
3.21321e+05  9.33000e-01  1.03000e-02
3.21304e+05  9.33050e-01  9.90000e-03
3.21287e+05  9.33100e-01  9.50000e-03
3.21269e+05  9.33150e-01  9.20000e-03
3.21252e+05  9.33200e-01  9.00000e-03
3.21235e+05  9.33250e-01  9.10000e-03
3.21218e+05  9.33300e-01  8.50000e-03
3.21200e+05  9.33350e-01  7.90000e-03
3.21183e+05  9.33400e-01  7.40000e-03
3.21166e+05  9.33450e-01  7.00000e-03
3.21149e+05  9.33500e-01  6.50000e-03
3.21132e+05  9.33550e-01  6.30000e-03
3.21114e+05  9.33600e-01  6.30000e-03
3.21097e+05  9.33650e-01  6.30000e-03
3.21080e+05  9.33700e-01  6.40000e-03
3.21063e+05  9.33750e-01  6.60000e-03
3.21046e+05  9.33800e-01  6.30000e-03
3.21028e+05  9.33850e-01  6.20000e-03
3.21011e+05  9.33900e-01  6.20000e-03
3.20994e+05  9.33950e-01  6.10000e-03
3.20977e+05  9.34000e-01  6.00000e-03
3.20960e+05  9.34050e-01  5.50000e-03
3.20943e+05  9.34100e-01  5.00000e-03
3.20925e+05  9.34150e-01  4.50000e-03
3.20908e+05  9.34200e-01  4.30000e-03
3.20891e+05  9.34250e-01  4.30000e-03
3.20874e+05  9.34300e-01  4.00000e-03
3.20857e+05  9.34350e-01  3.70000e-03
3.20840e+05  9.34400e-01  3.50000e-03
3.20822e+05  9.34450e-01  3.40000e-03
3.20805e+05  9.34500e-01  3.40000e-03
3.20788e+05  9.34550e-01  3.70000e-03
3.20771e+05  9.34600e-01  3.90000e-03
3.20754e+05  9.34650e-01  4.20000e-03
3.20737e+05  9.34700e-01  4.50000e-03
3.20719e+05  9.34750e-01  4.80000e-03
3.20702e+05  9.34800e-01  4.30000e-03
3.20685e+05  9.34850e-01  3.90000e-03
3.20668e+05  9.34900e-01  3.50000e-03
3.20651e+05  9.34950e-01  3.20000e-03
3.20634e+05  9.35000e-01  2.90000e-03
3.20616e+05  9.35050e-01  3.10000e-03
3.20599e+05  9.35100e-01  3.20000e-03
3.20582e+05  9.35150e-01  3.40000e-03
3.20565e+05  9.35200e-01  3.60000e-03
3.20548e+05  9.35250e-01  3.90000e-03
3.20531e+05  9.35300e-01  3.90000e-03
3.20514e+05  9.35350e-01  4.10000e-03
3.20497e+05  9.35400e-01  4.20000e-03
3.20479e+05  9.35450e-01  4.30000e-03
3.20462e+05  9.35500e-01  4.50000e-03
3.20445e+05  9.35550e-01  4.20000e-03
3.20428e+05  9.35600e-01  4.00000e-03
3.20411e+05  9.35650e-01  3.80000e-03
3.20394e+05  9.35700e-01  4.00000e-03
3.20377e+05  9.35750e-01  4.10000e-03
3.20360e+05  9.35800e-01  3.60000e-03
3.20342e+05  9.35850e-01  3.30000e-03
3.20325e+05  9.35900e-01  3.00000e-03
3.20308e+05  9.35950e-01  3.20000e-03
3.20291e+05  9.36000e-01  3.40000e-03
3.20274e+05  9.36050e-01  2.70000e-03
3.20257e+05  9.36100e-01  1.90000e-03
3.20240e+05  9.36150e-01  1.60000e-03
3.20223e+05  9.36200e-01  1.70000e-03
3.20206e+05  9.36250e-01  1.80000e-03
3.20188e+05  9.36300e-01  1.80000e-03
3.20171e+05  9.36350e-01  1.80000e-03
3.20154e+05  9.36400e-01  1.80000e-03
3.20137e+05  9.36450e-01  1.80000e-03
3.20120e+05  9.36500e-01  2.10000e-03
3.20103e+05  9.36550e-01  2.20000e-03
3.20086e+05  9.36600e-01  2.60000e-03
3.20069e+05  9.36650e-01  3.10000e-03
3.20052e+05  9.36700e-01  3.60000e-03
3.20035e+05  9.36750e-01  4.20000e-03
3.20018e+05  9.36800e-01  3.40000e-03
3.20000e+05  9.36850e-01  2.70000e-03
3.19983e+05  9.36900e-01  2.00000e-03
3.19966e+05  9.36950e-01  1.60000e-03
3.19949e+05  9.37000e-01  1.60000e-03
3.19932e+05  9.37050e-01  1.60000e-03
3.19915e+05  9.37100e-01  1.70000e-03
3.19898e+05  9.37150e-01  2.00000e-03
3.19881e+05  9.37200e-01  2.50000e-03
3.19864e+05  9.37250e-01  3.00000e-03
3.19847e+05  9.37300e-01  2.60000e-03
3.19830e+05  9.37350e-01  2.30000e-03
3.19813e+05  9.37400e-01  2.30000e-03
3.19796e+05  9.37450e-01  2.30000e-03
3.19779e+05  9.37500e-01  2.40000e-03
3.19762e+05  9.37550e-01  2.20000e-03
3.19745e+05  9.37600e-01  2.00000e-03
3.19727e+05  9.37650e-01  1.80000e-03
3.19710e+05  9.37700e-01  1.60000e-03
3.19693e+05  9.37750e-01  1.30000e-03
3.19676e+05  9.37800e-01  1.40000e-03
3.19659e+05  9.37850e-01  1.50000e-03
3.19642e+05  9.37900e-01  1.60000e-03
3.19625e+05  9.37950e-01  1.80000e-03
3.19608e+05  9.38000e-01  2.00000e-03
3.19591e+05  9.38050e-01  1.90000e-03
3.19574e+05  9.38100e-01  1.90000e-03
3.19557e+05  9.38150e-01  1.80000e-03
3.19540e+05  9.38200e-01  1.80000e-03
3.19523e+05  9.38250e-01  1.70000e-03
3.19506e+05  9.38300e-01  1.40000e-03
3.19489e+05  9.38350e-01  1.10000e-03
3.19472e+05  9.38400e-01  1.00000e-03
3.19455e+05  9.38450e-01  9.00000e-04
3.19438e+05  9.38500e-01  8.00000e-04
3.19421e+05  9.38550e-01  1.00000e-03
3.19404e+05  9.38600e-01  1.30000e-03
3.19387e+05  9.38650e-01  1.80000e-03
3.19370e+05  9.38700e-01  2.50000e-03
3.19353e+05  9.38750e-01  3.30000e-03
3.19336e+05  9.38800e-01  2.90000e-03
3.19319e+05  9.38850e-01  2.40000e-03
3.19302e+05  9.38900e-01  2.00000e-03
3.19285e+05  9.38950e-01  1.60000e-03
3.19268e+05  9.39000e-01  1.20000e-03
3.19251e+05  9.39050e-01  1.20000e-03
3.19234e+05  9.39100e-01  1.20000e-03
3.19217e+05  9.39150e-01  1.40000e-03
3.19200e+05  9.39200e-01  1.60000e-03
3.19183e+05  9.39250e-01  1.90000e-03
3.19166e+05  9.39300e-01  1.70000e-03
3.19149e+05  9.39350e-01  2.30000e-03
3.19132e+05  9.39400e-01  3.00000e-03
3.19115e+05  9.39450e-01  3.70000e-03
3.19098e+05  9.39500e-01  4.30000e-03
3.19081e+05  9.39550e-01  3.50000e-03
3.19064e+05  9.39600e-01  2.70000e-03
3.19047e+05  9.39650e-01  2.00000e-03
3.19030e+05  9.39700e-01  1.40000e-03
3.19013e+05  9.39750e-01  9.00000e-04
3.18996e+05  9.39800e-01  1.10000e-03
3.18979e+05  9.39850e-01  1.30000e-03
3.18962e+05  9.39900e-01  1.60000e-03
3.18945e+05  9.39950e-01  1.90000e-03
3.18928e+05  9.40000e-01  2.30000e-03
3.18911e+05  9.40050e-01  1.70000e-03
3.18894e+05  9.40100e-01  1.40000e-03
3.18877e+05  9.40150e-01  1.40000e-03
3.18860e+05  9.40200e-01  1.40000e-03
3.18843e+05  9.40250e-01  1.40000e-03
3.18826e+05  9.40300e-01  1.00000e-03
3.18809e+05  9.40350e-01  8.00000e-04
3.18792e+05  9.40400e-01  6.00000e-04
3.18776e+05  9.40450e-01  5.00000e-04
3.18759e+05  9.40500e-01  4.00000e-04
3.18742e+05  9.40550e-01  3.00000e-04
3.18725e+05  9.40600e-01  2.00000e-04
3.18708e+05  9.40650e-01  4.00000e-04
3.18691e+05  9.40700e-01  6.00000e-04
3.18674e+05  9.40750e-01  9.00000e-04
3.18657e+05  9.40800e-01  8.00000e-04
3.18640e+05  9.40850e-01  8.00000e-04
3.18623e+05  9.40900e-01  9.00000e-04
3.18606e+05  9.40950e-01  1.10000e-03
3.18589e+05  9.41000e-01  1.30000e-03
3.18572e+05  9.41050e-01  1.00000e-03
3.18555e+05  9.41100e-01  7.00000e-04
3.18538e+05  9.41150e-01  5.00000e-04
3.18522e+05  9.41200e-01  6.00000e-04
3.18505e+05  9.41250e-01  7.00000e-04
3.18488e+05  9.41300e-01  5.00000e-04
3.18471e+05  9.41350e-01  3.00000e-04
3.18454e+05  9.41400e-01  2.00000e-04
3.18437e+05  9.41450e-01  2.00000e-04
3.18420e+05  9.41500e-01  2.00000e-04
3.18403e+05  9.41550e-01  3.00000e-04
3.18386e+05  9.41600e-01  5.00000e-04
3.18369e+05  9.41650e-01  7.00000e-04
3.18352e+05  9.41700e-01  1.00000e-03
3.18336e+05  9.41750e-01  1.30000e-03
3.18319e+05  9.41800e-01  9.00000e-04
3.18302e+05  9.41850e-01  5.00000e-04
3.18285e+05  9.41900e-01  2.00000e-04
3.18268e+05  9.41950e-01  3.00000e-04
3.18251e+05  9.42000e-01  5.00000e-04
3.18234e+05  9.42050e-01  4.00000e-04
3.18217e+05  9.42100e-01  3.00000e-04
3.18200e+05  9.42150e-01  3.00000e-04
3.18183e+05  9.42200e-01  3.00000e-04
3.18167e+05  9.42250e-01  5.00000e-04
3.18150e+05  9.42300e-01  5.00000e-04
3.18133e+05  9.42350e-01  5.00000e-04
3.18116e+05  9.42400e-01  1.10000e-03
3.18099e+05  9.42450e-01  1.80000e-03
3.18082e+05  9.42500e-01  2.50000e-03
3.18065e+05  9.42550e-01  1.90000e-03
3.18048e+05  9.42600e-01  1.30000e-03
3.18032e+05  9.42650e-01  7.00000e-04
3.18015e+05  9.42700e-01  3.00000e-04
3.17998e+05  9.42750e-01  6.00000e-04
3.17981e+05  9.42800e-01  3.00000e-04
3.17964e+05  9.42850e-01  1.00000e-04
3.17947e+05  9.42900e-01  1.00000e-04
3.17930e+05  9.42950e-01  2.00000e-04
3.17914e+05  9.43000e-01  3.00000e-04
3.17897e+05  9.43050e-01  4.00000e-04
3.17880e+05  9.43100e-01  6.00000e-04
3.17863e+05  9.43150e-01  7.00000e-04
3.17846e+05  9.43200e-01  8.00000e-04
3.17829e+05  9.43250e-01  1.10000e-03
3.17812e+05  9.43300e-01  1.10000e-03
3.17796e+05  9.43350e-01  1.10000e-03
3.17779e+05  9.43400e-01  1.10000e-03
3.17762e+05  9.43450e-01  1.40000e-03
3.17745e+05  9.43500e-01  1.80000e-03
3.17728e+05  9.43550e-01  1.60000e-03
3.17711e+05  9.43600e-01  1.60000e-03
3.17695e+05  9.43650e-01  1.50000e-03
3.17678e+05  9.43700e-01  1.60000e-03
3.17661e+05  9.43750e-01  1.60000e-03
3.17644e+05  9.43800e-01  1.60000e-03
3.17627e+05  9.43850e-01  1.80000e-03
3.17610e+05  9.43900e-01  2.00000e-03
3.17594e+05  9.43950e-01  2.20000e-03
3.17577e+05  9.44000e-01  2.50000e-03
3.17560e+05  9.44050e-01  2.30000e-03
3.17543e+05  9.44100e-01  2.10000e-03
3.17526e+05  9.44150e-01  1.90000e-03
3.17509e+05  9.44200e-01  1.70000e-03
3.17493e+05  9.44250e-01  1.50000e-03
3.17476e+05  9.44300e-01  9.00000e-04
3.17459e+05  9.44350e-01  8.00000e-04
3.17442e+05  9.44400e-01  6.00000e-04
3.17425e+05  9.44450e-01  6.00000e-04
3.17409e+05  9.44500e-01  6.00000e-04
3.17392e+05  9.44550e-01  6.00000e-04
3.17375e+05  9.44600e-01  7.00000e-04
3.17358e+05  9.44650e-01  7.00000e-04
3.17341e+05  9.44700e-01  8.00000e-04
3.17325e+05  9.44750e-01  8.00000e-04
3.17308e+05  9.44800e-01  8.00000e-04
3.17291e+05  9.44850e-01  1.00000e-03
3.17274e+05  9.44900e-01  1.10000e-03
3.17257e+05  9.44950e-01  1.30000e-03
3.17241e+05  9.45000e-01  1.60000e-03
3.17224e+05  9.45050e-01  1.40000e-03
3.17207e+05  9.45100e-01  1.30000e-03
3.17190e+05  9.45150e-01  1.20000e-03
3.17174e+05  9.45200e-01  1.10000e-03
3.17157e+05  9.45250e-01  1.10000e-03
3.17140e+05  9.45300e-01  9.00000e-04
3.17123e+05  9.45350e-01  8.00000e-04
3.17106e+05  9.45400e-01  8.00000e-04
3.17090e+05  9.45450e-01  8.00000e-04
3.17073e+05  9.45500e-01  9.00000e-04
3.17056e+05  9.45550e-01  8.00000e-04
3.17039e+05  9.45600e-01  9.00000e-04
3.17023e+05  9.45650e-01  1.20000e-03
3.17006e+05  9.45700e-01  1.50000e-03
3.16989e+05  9.45750e-01  1.80000e-03
3.16972e+05  9.45800e-01  1.50000e-03
3.16956e+05  9.45850e-01  1.10000e-03
3.16939e+05  9.45900e-01  1.00000e-03
3.16922e+05  9.45950e-01  1.20000e-03
3.16905e+05  9.46000e-01  1.50000e-03
3.16889e+05  9.46050e-01  1.40000e-03
3.16872e+05  9.46100e-01  1.40000e-03
3.16855e+05  9.46150e-01  1.40000e-03
3.16838e+05  9.46200e-01  1.50000e-03
3.16822e+05  9.46250e-01  1.50000e-03
3.16805e+05  9.46300e-01  1.30000e-03
3.16788e+05  9.46350e-01  1.20000e-03
3.16771e+05  9.46400e-01  1.20000e-03
3.16755e+05  9.46450e-01  1.20000e-03
3.16738e+05  9.46500e-01  1.40000e-03
3.16721e+05  9.46550e-01  1.30000e-03
3.16704e+05  9.46600e-01  1.20000e-03
3.16688e+05  9.46650e-01  1.20000e-03
3.16671e+05  9.46700e-01  1.30000e-03
3.16654e+05  9.46750e-01  1.60000e-03
3.16638e+05  9.46800e-01  1.80000e-03
3.16621e+05  9.46850e-01  2.10000e-03
3.16604e+05  9.46900e-01  2.30000e-03
3.16587e+05  9.46950e-01  2.60000e-03
3.16571e+05  9.47000e-01  2.80000e-03
3.16554e+05  9.47050e-01  2.30000e-03
3.16537e+05  9.47100e-01  1.90000e-03
3.16521e+05  9.47150e-01  1.50000e-03
3.16504e+05  9.47200e-01  1.30000e-03
3.16487e+05  9.47250e-01  1.30000e-03
3.16470e+05  9.47300e-01  1.30000e-03
3.16454e+05  9.47350e-01  1.20000e-03
3.16437e+05  9.47400e-01  1.10000e-03
3.16420e+05  9.47450e-01  1.20000e-03
3.16404e+05  9.47500e-01  1.30000e-03
3.16387e+05  9.47550e-01  1.20000e-03
3.16370e+05  9.47600e-01  1.20000e-03
3.16354e+05  9.47650e-01  1.40000e-03
3.16337e+05  9.47700e-01  1.50000e-03
3.16320e+05  9.47750e-01  1.70000e-03
3.16304e+05  9.47800e-01  1.60000e-03
3.16287e+05  9.47850e-01  1.60000e-03
3.16270e+05  9.47900e-01  1.90000e-03
3.16253e+05  9.47950e-01  2.40000e-03
3.16237e+05  9.48000e-01  2.90000e-03
3.16220e+05  9.48050e-01  2.40000e-03
3.16203e+05  9.48100e-01  1.90000e-03
3.16187e+05  9.48150e-01  1.50000e-03
3.16170e+05  9.48200e-01  1.20000e-03
3.16153e+05  9.48250e-01  1.10000e-03
3.16137e+05  9.48300e-01  9.00000e-04
3.16120e+05  9.48350e-01  7.00000e-04
3.16103e+05  9.48400e-01  5.00000e-04
3.16087e+05  9.48450e-01  5.00000e-04
3.16070e+05  9.48500e-01  5.00000e-04
3.16053e+05  9.48550e-01  4.00000e-04
3.16037e+05  9.48600e-01  4.00000e-04
3.16020e+05  9.48650e-01  4.00000e-04
3.16003e+05  9.48700e-01  5.00000e-04
3.15987e+05  9.48750e-01  7.00000e-04
3.15970e+05  9.48800e-01  5.00000e-04
3.15953e+05  9.48850e-01  3.00000e-04
3.15937e+05  9.48900e-01  3.00000e-04
3.15920e+05  9.48950e-01  6.00000e-04
3.15904e+05  9.49000e-01  1.00000e-03
3.15887e+05  9.49050e-01  7.00000e-04
3.15870e+05  9.49100e-01  7.00000e-04
3.15854e+05  9.49150e-01  7.00000e-04
3.15837e+05  9.49200e-01  8.00000e-04
3.15820e+05  9.49250e-01  1.00000e-03
3.15804e+05  9.49300e-01  7.00000e-04
3.15787e+05  9.49350e-01  7.00000e-04
3.15770e+05  9.49400e-01  1.20000e-03
3.15754e+05  9.49450e-01  1.90000e-03
3.15737e+05  9.49500e-01  2.60000e-03
3.15721e+05  9.49550e-01  1.70000e-03
3.15704e+05  9.49600e-01  9.00000e-04
3.15687e+05  9.49650e-01  6.00000e-04
3.15671e+05  9.49700e-01  5.00000e-04
3.15654e+05  9.49750e-01  6.00000e-04
3.15637e+05  9.49800e-01  5.00000e-04
3.15621e+05  9.49850e-01  4.00000e-04
3.15604e+05  9.49900e-01  3.00000e-04
3.15588e+05  9.49950e-01  3.00000e-04
3.15571e+05  9.50000e-01  4.00000e-04
