SUBARU_MOIRCS_Ks
frq          wvl          transmission
[GHz]        [micron]                 
1.53464e+05  1.95350e+00  4.14500e-03
1.53425e+05  1.95400e+00  4.39600e-03
1.53386e+05  1.95450e+00  4.67400e-03
1.53347e+05  1.95500e+00  5.02300e-03
1.53307e+05  1.95550e+00  5.36000e-03
1.53268e+05  1.95600e+00  5.73300e-03
1.53229e+05  1.95650e+00  6.17800e-03
1.53190e+05  1.95700e+00  6.57400e-03
1.53151e+05  1.95750e+00  7.01400e-03
1.53112e+05  1.95800e+00  7.48700e-03
1.53072e+05  1.95850e+00  8.10900e-03
1.53033e+05  1.95900e+00  8.73300e-03
1.52994e+05  1.95950e+00  9.43000e-03
1.52955e+05  1.96000e+00  1.01640e-02
1.52916e+05  1.96050e+00  1.08590e-02
1.52877e+05  1.96100e+00  1.17310e-02
1.52838e+05  1.96150e+00  1.27340e-02
1.52799e+05  1.96200e+00  1.37030e-02
1.52760e+05  1.96250e+00  1.49610e-02
1.52722e+05  1.96300e+00  1.61740e-02
1.52683e+05  1.96350e+00  1.74920e-02
1.52644e+05  1.96400e+00  1.88230e-02
1.52605e+05  1.96450e+00  2.03650e-02
1.52566e+05  1.96500e+00  2.21150e-02
1.52527e+05  1.96550e+00  2.40670e-02
1.52489e+05  1.96600e+00  2.60330e-02
1.52450e+05  1.96650e+00  2.80760e-02
1.52411e+05  1.96700e+00  3.02820e-02
1.52372e+05  1.96750e+00  3.27780e-02
1.52334e+05  1.96800e+00  3.53410e-02
1.52295e+05  1.96850e+00  3.85780e-02
1.52256e+05  1.96900e+00  4.16570e-02
1.52218e+05  1.96950e+00  4.47970e-02
1.52179e+05  1.97000e+00  4.81060e-02
1.52140e+05  1.97050e+00  5.17790e-02
1.52102e+05  1.97100e+00  5.57410e-02
1.52063e+05  1.97150e+00  5.98890e-02
1.52025e+05  1.97200e+00  6.49040e-02
1.51986e+05  1.97250e+00  6.92150e-02
1.51948e+05  1.97300e+00  7.38390e-02
1.51909e+05  1.97350e+00  7.85100e-02
1.51871e+05  1.97400e+00  8.36260e-02
1.51832e+05  1.97450e+00  8.96970e-02
1.51794e+05  1.97500e+00  9.54250e-02
1.51755e+05  1.97550e+00  1.01529e-01
1.51717e+05  1.97600e+00  1.07470e-01
1.51678e+05  1.97650e+00  1.13536e-01
1.51640e+05  1.97700e+00  1.19838e-01
1.51602e+05  1.97750e+00  1.26649e-01
1.51563e+05  1.97800e+00  1.34934e-01
1.51525e+05  1.97850e+00  1.41768e-01
1.51487e+05  1.97900e+00  1.49301e-01
1.51449e+05  1.97950e+00  1.57174e-01
1.51410e+05  1.98000e+00  1.65072e-01
1.51372e+05  1.98050e+00  1.73479e-01
1.51334e+05  1.98100e+00  1.83216e-01
1.51296e+05  1.98150e+00  1.93223e-01
1.51258e+05  1.98200e+00  2.01788e-01
1.51219e+05  1.98250e+00  2.11669e-01
1.51181e+05  1.98300e+00  2.21776e-01
1.51143e+05  1.98350e+00  2.32697e-01
1.51105e+05  1.98400e+00  2.44892e-01
1.51067e+05  1.98450e+00  2.57315e-01
1.51029e+05  1.98500e+00  2.69335e-01
1.50991e+05  1.98550e+00  2.82226e-01
1.50953e+05  1.98600e+00  2.95332e-01
1.50915e+05  1.98650e+00  3.08923e-01
1.50877e+05  1.98700e+00  3.24031e-01
1.50839e+05  1.98750e+00  3.40889e-01
1.50801e+05  1.98800e+00  3.56902e-01
1.50763e+05  1.98850e+00  3.72960e-01
1.50725e+05  1.98900e+00  3.89406e-01
1.50687e+05  1.98950e+00  4.07181e-01
1.50649e+05  1.99000e+00  4.26367e-01
1.50612e+05  1.99050e+00  4.45909e-01
1.50574e+05  1.99100e+00  4.66393e-01
1.50536e+05  1.99150e+00  4.85583e-01
1.50498e+05  1.99200e+00  5.05574e-01
1.50460e+05  1.99250e+00  5.25162e-01
1.50423e+05  1.99300e+00  5.46108e-01
1.50385e+05  1.99350e+00  5.69714e-01
1.50347e+05  1.99400e+00  5.90444e-01
1.50310e+05  1.99450e+00  6.11872e-01
1.50272e+05  1.99500e+00  6.31891e-01
1.50234e+05  1.99550e+00  6.51449e-01
1.50197e+05  1.99600e+00  6.71140e-01
1.50159e+05  1.99650e+00  6.91566e-01
1.50121e+05  1.99700e+00  7.12597e-01
1.50084e+05  1.99750e+00  7.29518e-01
1.50046e+05  1.99800e+00  7.47305e-01
1.50009e+05  1.99850e+00  7.62649e-01
1.49971e+05  1.99900e+00  7.78742e-01
1.49934e+05  1.99950e+00  7.93271e-01
1.49896e+05  2.00000e+00  8.07001e-01
1.49859e+05  2.00050e+00  8.20191e-01
1.49821e+05  2.00100e+00  8.31143e-01
1.49784e+05  2.00150e+00  8.41563e-01
1.49746e+05  2.00200e+00  8.50513e-01
1.49709e+05  2.00250e+00  8.59105e-01
1.49672e+05  2.00300e+00  8.66563e-01
1.49634e+05  2.00350e+00  8.73627e-01
1.49597e+05  2.00400e+00  8.79967e-01
1.49560e+05  2.00450e+00  8.84494e-01
1.49522e+05  2.00500e+00  8.87634e-01
1.49485e+05  2.00550e+00  8.91920e-01
1.49448e+05  2.00600e+00  8.95277e-01
1.49411e+05  2.00650e+00  8.98010e-01
1.49373e+05  2.00700e+00  9.00203e-01
1.49336e+05  2.00750e+00  9.01546e-01
1.49299e+05  2.00800e+00  9.02903e-01
1.49262e+05  2.00850e+00  9.04796e-01
1.49225e+05  2.00900e+00  9.05433e-01
1.49188e+05  2.00950e+00  9.05533e-01
1.49150e+05  2.01000e+00  9.06827e-01
1.49113e+05  2.01050e+00  9.07549e-01
1.49076e+05  2.01100e+00  9.07944e-01
1.49039e+05  2.01150e+00  9.08319e-01
1.49002e+05  2.01200e+00  9.08993e-01
1.48965e+05  2.01250e+00  9.09236e-01
1.48928e+05  2.01300e+00  9.10364e-01
1.48891e+05  2.01350e+00  9.11019e-01
1.48854e+05  2.01400e+00  9.11032e-01
1.48817e+05  2.01450e+00  9.12159e-01
1.48780e+05  2.01500e+00  9.12989e-01
1.48743e+05  2.01550e+00  9.13495e-01
1.48707e+05  2.01600e+00  9.14514e-01
1.48670e+05  2.01650e+00  9.15263e-01
1.48633e+05  2.01700e+00  9.15798e-01
1.48596e+05  2.01750e+00  9.17266e-01
1.48559e+05  2.01800e+00  9.18396e-01
1.48522e+05  2.01850e+00  9.18582e-01
1.48486e+05  2.01900e+00  9.20053e-01
1.48449e+05  2.01950e+00  9.21817e-01
1.48412e+05  2.02000e+00  9.22521e-01
1.48375e+05  2.02050e+00  9.23645e-01
1.48339e+05  2.02100e+00  9.24580e-01
1.48302e+05  2.02150e+00  9.25467e-01
1.48265e+05  2.02200e+00  9.26993e-01
1.48229e+05  2.02250e+00  9.28270e-01
1.48192e+05  2.02300e+00  9.28246e-01
1.48155e+05  2.02350e+00  9.29637e-01
1.48119e+05  2.02400e+00  9.30890e-01
1.48082e+05  2.02450e+00  9.31573e-01
1.48046e+05  2.02500e+00  9.32209e-01
1.48009e+05  2.02550e+00  9.32829e-01
1.47973e+05  2.02600e+00  9.34072e-01
1.47936e+05  2.02650e+00  9.35053e-01
1.47900e+05  2.02700e+00  9.35697e-01
1.47863e+05  2.02750e+00  9.35716e-01
1.47827e+05  2.02800e+00  9.35991e-01
1.47790e+05  2.02850e+00  9.36956e-01
1.47754e+05  2.02900e+00  9.37503e-01
1.47717e+05  2.02950e+00  9.37587e-01
1.47681e+05  2.03000e+00  9.37456e-01
1.47645e+05  2.03050e+00  9.37857e-01
1.47608e+05  2.03100e+00  9.38251e-01
1.47572e+05  2.03150e+00  9.38530e-01
1.47536e+05  2.03200e+00  9.37798e-01
1.47499e+05  2.03250e+00  9.37386e-01
1.47463e+05  2.03300e+00  9.38520e-01
1.47427e+05  2.03350e+00  9.38199e-01
1.47391e+05  2.03400e+00  9.37491e-01
1.47354e+05  2.03450e+00  9.37461e-01
1.47318e+05  2.03500e+00  9.37063e-01
1.47282e+05  2.03550e+00  9.36873e-01
1.47246e+05  2.03600e+00  9.36621e-01
1.47210e+05  2.03650e+00  9.35822e-01
1.47174e+05  2.03700e+00  9.35269e-01
1.47137e+05  2.03750e+00  9.34966e-01
1.47101e+05  2.03800e+00  9.34998e-01
1.47065e+05  2.03850e+00  9.33754e-01
1.47029e+05  2.03900e+00  9.32987e-01
1.46993e+05  2.03950e+00  9.32779e-01
1.46957e+05  2.04000e+00  9.31897e-01
1.46921e+05  2.04050e+00  9.31544e-01
1.46885e+05  2.04100e+00  9.30518e-01
1.46849e+05  2.04150e+00  9.29909e-01
1.46813e+05  2.04200e+00  9.29476e-01
1.46777e+05  2.04250e+00  9.29166e-01
1.46741e+05  2.04300e+00  9.27967e-01
1.46705e+05  2.04350e+00  9.26976e-01
1.46670e+05  2.04400e+00  9.26915e-01
1.46634e+05  2.04450e+00  9.25751e-01
1.46598e+05  2.04500e+00  9.25193e-01
1.46562e+05  2.04550e+00  9.24531e-01
1.46526e+05  2.04600e+00  9.23778e-01
1.46490e+05  2.04650e+00  9.22993e-01
1.46455e+05  2.04700e+00  9.22699e-01
1.46419e+05  2.04750e+00  9.21561e-01
1.46383e+05  2.04800e+00  9.20734e-01
1.46347e+05  2.04850e+00  9.20596e-01
1.46312e+05  2.04900e+00  9.19778e-01
1.46276e+05  2.04950e+00  9.19310e-01
1.46240e+05  2.05000e+00  9.18652e-01
1.46205e+05  2.05050e+00  9.17919e-01
1.46169e+05  2.05100e+00  9.17645e-01
1.46133e+05  2.05150e+00  9.17428e-01
1.46098e+05  2.05200e+00  9.16647e-01
1.46062e+05  2.05250e+00  9.15925e-01
1.46027e+05  2.05300e+00  9.15889e-01
1.45991e+05  2.05350e+00  9.15838e-01
1.45955e+05  2.05400e+00  9.14677e-01
1.45920e+05  2.05450e+00  9.14524e-01
1.45884e+05  2.05500e+00  9.14260e-01
1.45849e+05  2.05550e+00  9.13753e-01
1.45813e+05  2.05600e+00  9.14022e-01
1.45778e+05  2.05650e+00  9.13575e-01
1.45743e+05  2.05700e+00  9.12749e-01
1.45707e+05  2.05750e+00  9.12926e-01
1.45672e+05  2.05800e+00  9.13048e-01
1.45636e+05  2.05850e+00  9.12522e-01
1.45601e+05  2.05900e+00  9.12181e-01
1.45566e+05  2.05950e+00  9.12029e-01
1.45530e+05  2.06000e+00  9.11467e-01
1.45495e+05  2.06050e+00  9.11924e-01
1.45460e+05  2.06100e+00  9.11605e-01
1.45424e+05  2.06150e+00  9.10876e-01
1.45389e+05  2.06200e+00  9.11179e-01
1.45354e+05  2.06250e+00  9.11102e-01
1.45319e+05  2.06300e+00  9.10807e-01
1.45283e+05  2.06350e+00  9.10621e-01
1.45248e+05  2.06400e+00  9.10318e-01
1.45213e+05  2.06450e+00  9.10571e-01
1.45178e+05  2.06500e+00  9.10275e-01
1.45143e+05  2.06550e+00  9.09901e-01
1.45108e+05  2.06600e+00  9.09843e-01
1.45073e+05  2.06650e+00  9.09880e-01
1.45037e+05  2.06700e+00  9.09636e-01
1.45002e+05  2.06750e+00  9.09349e-01
1.44967e+05  2.06800e+00  9.09073e-01
1.44932e+05  2.06850e+00  9.08778e-01
1.44897e+05  2.06900e+00  9.08521e-01
1.44862e+05  2.06950e+00  9.08649e-01
1.44827e+05  2.07000e+00  9.08131e-01
1.44792e+05  2.07050e+00  9.07654e-01
1.44757e+05  2.07100e+00  9.07621e-01
1.44722e+05  2.07150e+00  9.07922e-01
1.44687e+05  2.07200e+00  9.07376e-01
1.44653e+05  2.07250e+00  9.06661e-01
1.44618e+05  2.07300e+00  9.06682e-01
1.44583e+05  2.07350e+00  9.06455e-01
1.44548e+05  2.07400e+00  9.06390e-01
1.44513e+05  2.07450e+00  9.05712e-01
1.44478e+05  2.07500e+00  9.05538e-01
1.44443e+05  2.07550e+00  9.05362e-01
1.44409e+05  2.07600e+00  9.05099e-01
1.44374e+05  2.07650e+00  9.05040e-01
1.44339e+05  2.07700e+00  9.04821e-01
1.44304e+05  2.07750e+00  9.04305e-01
1.44270e+05  2.07800e+00  9.04190e-01
1.44235e+05  2.07850e+00  9.04250e-01
1.44200e+05  2.07900e+00  9.03764e-01
1.44166e+05  2.07950e+00  9.03750e-01
1.44131e+05  2.08000e+00  9.03518e-01
1.44096e+05  2.08050e+00  9.03134e-01
1.44062e+05  2.08100e+00  9.03195e-01
1.44027e+05  2.08150e+00  9.03190e-01
1.43993e+05  2.08200e+00  9.03249e-01
1.43958e+05  2.08250e+00  9.03434e-01
1.43923e+05  2.08300e+00  9.03133e-01
1.43889e+05  2.08350e+00  9.03337e-01
1.43854e+05  2.08400e+00  9.03651e-01
1.43820e+05  2.08450e+00  9.03525e-01
1.43785e+05  2.08500e+00  9.03870e-01
1.43751e+05  2.08550e+00  9.03996e-01
1.43716e+05  2.08600e+00  9.03979e-01
1.43682e+05  2.08650e+00  9.04577e-01
1.43648e+05  2.08700e+00  9.04566e-01
1.43613e+05  2.08750e+00  9.04895e-01
1.43579e+05  2.08800e+00  9.05075e-01
1.43544e+05  2.08850e+00  9.05819e-01
1.43510e+05  2.08900e+00  9.05914e-01
1.43476e+05  2.08950e+00  9.06438e-01
1.43441e+05  2.09000e+00  9.06572e-01
1.43407e+05  2.09050e+00  9.06990e-01
1.43373e+05  2.09100e+00  9.07603e-01
1.43338e+05  2.09150e+00  9.07700e-01
1.43304e+05  2.09200e+00  9.08360e-01
1.43270e+05  2.09250e+00  9.08894e-01
1.43236e+05  2.09300e+00  9.09324e-01
1.43202e+05  2.09350e+00  9.09813e-01
1.43167e+05  2.09400e+00  9.10257e-01
1.43133e+05  2.09450e+00  9.10760e-01
1.43099e+05  2.09500e+00  9.11572e-01
1.43065e+05  2.09550e+00  9.11484e-01
1.43031e+05  2.09600e+00  9.12196e-01
1.42997e+05  2.09650e+00  9.12573e-01
1.42963e+05  2.09700e+00  9.12620e-01
1.42928e+05  2.09750e+00  9.13325e-01
1.42894e+05  2.09800e+00  9.13813e-01
1.42860e+05  2.09850e+00  9.14064e-01
1.42826e+05  2.09900e+00  9.14706e-01
1.42792e+05  2.09950e+00  9.14786e-01
1.42758e+05  2.10000e+00  9.14945e-01
1.42724e+05  2.10050e+00  9.15372e-01
1.42690e+05  2.10100e+00  9.15329e-01
1.42656e+05  2.10150e+00  9.15784e-01
1.42622e+05  2.10200e+00  9.16032e-01
1.42589e+05  2.10250e+00  9.15457e-01
1.42555e+05  2.10300e+00  9.15758e-01
1.42521e+05  2.10350e+00  9.16415e-01
1.42487e+05  2.10400e+00  9.15963e-01
1.42453e+05  2.10450e+00  9.16310e-01
1.42419e+05  2.10500e+00  9.15915e-01
1.42385e+05  2.10550e+00  9.15716e-01
1.42352e+05  2.10600e+00  9.16411e-01
1.42318e+05  2.10650e+00  9.15822e-01
1.42284e+05  2.10700e+00  9.15431e-01
1.42250e+05  2.10750e+00  9.15048e-01
1.42217e+05  2.10800e+00  9.14887e-01
1.42183e+05  2.10850e+00  9.14770e-01
1.42149e+05  2.10900e+00  9.14134e-01
1.42115e+05  2.10950e+00  9.13703e-01
1.42082e+05  2.11000e+00  9.13582e-01
1.42048e+05  2.11050e+00  9.13225e-01
1.42014e+05  2.11100e+00  9.12836e-01
1.41981e+05  2.11150e+00  9.12192e-01
1.41947e+05  2.11200e+00  9.11556e-01
1.41914e+05  2.11250e+00  9.11580e-01
1.41880e+05  2.11300e+00  9.10942e-01
1.41846e+05  2.11350e+00  9.10484e-01
1.41813e+05  2.11400e+00  9.09842e-01
1.41779e+05  2.11450e+00  9.09089e-01
1.41746e+05  2.11500e+00  9.08829e-01
1.41712e+05  2.11550e+00  9.08393e-01
1.41679e+05  2.11600e+00  9.07371e-01
1.41645e+05  2.11650e+00  9.06903e-01
1.41612e+05  2.11700e+00  9.06825e-01
1.41578e+05  2.11750e+00  9.05975e-01
1.41545e+05  2.11800e+00  9.05550e-01
1.41512e+05  2.11850e+00  9.04907e-01
1.41478e+05  2.11900e+00  9.04335e-01
1.41445e+05  2.11950e+00  9.04376e-01
1.41412e+05  2.12000e+00  9.03687e-01
1.41378e+05  2.12050e+00  9.02898e-01
1.41345e+05  2.12100e+00  9.02739e-01
1.41312e+05  2.12150e+00  9.02276e-01
1.41278e+05  2.12200e+00  9.02163e-01
1.41245e+05  2.12250e+00  9.01346e-01
1.41212e+05  2.12300e+00  9.01004e-01
1.41178e+05  2.12350e+00  9.00683e-01
1.41145e+05  2.12400e+00  9.00527e-01
1.41112e+05  2.12450e+00  9.00119e-01
1.41079e+05  2.12500e+00  8.99673e-01
1.41046e+05  2.12550e+00  8.99150e-01
1.41012e+05  2.12600e+00  8.99459e-01
1.40979e+05  2.12650e+00  8.99316e-01
1.40946e+05  2.12700e+00  8.98685e-01
1.40913e+05  2.12750e+00  8.98413e-01
1.40880e+05  2.12800e+00  8.98193e-01
1.40847e+05  2.12850e+00  8.98586e-01
1.40814e+05  2.12900e+00  8.98455e-01
1.40781e+05  2.12950e+00  8.97389e-01
1.40748e+05  2.13000e+00  8.97131e-01
1.40715e+05  2.13050e+00  8.98314e-01
1.40682e+05  2.13100e+00  8.97963e-01
1.40649e+05  2.13150e+00  8.96826e-01
1.40616e+05  2.13200e+00  8.97100e-01
1.40583e+05  2.13250e+00  8.97790e-01
1.40550e+05  2.13300e+00  8.97631e-01
1.40517e+05  2.13350e+00  8.97191e-01
1.40484e+05  2.13400e+00  8.97003e-01
1.40451e+05  2.13450e+00  8.97253e-01
1.40418e+05  2.13500e+00  8.97446e-01
1.40385e+05  2.13550e+00  8.97113e-01
1.40352e+05  2.13600e+00  8.96892e-01
1.40319e+05  2.13650e+00  8.96953e-01
1.40287e+05  2.13700e+00  8.97346e-01
1.40254e+05  2.13750e+00  8.97071e-01
1.40221e+05  2.13800e+00  8.97120e-01
1.40188e+05  2.13850e+00  8.97257e-01
1.40155e+05  2.13900e+00  8.97078e-01
1.40123e+05  2.13950e+00  8.97320e-01
1.40090e+05  2.14000e+00  8.97452e-01
1.40057e+05  2.14050e+00  8.96955e-01
1.40025e+05  2.14100e+00  8.96658e-01
1.39992e+05  2.14150e+00  8.97263e-01
1.39959e+05  2.14200e+00  8.96911e-01
1.39926e+05  2.14250e+00  8.97078e-01
1.39894e+05  2.14300e+00  8.96954e-01
1.39861e+05  2.14350e+00  8.96690e-01
1.39829e+05  2.14400e+00  8.96700e-01
1.39796e+05  2.14450e+00  8.96990e-01
1.39763e+05  2.14500e+00  8.96747e-01
1.39731e+05  2.14550e+00  8.96267e-01
1.39698e+05  2.14600e+00  8.96872e-01
1.39666e+05  2.14650e+00  8.96902e-01
1.39633e+05  2.14700e+00  8.96295e-01
1.39601e+05  2.14750e+00  8.96418e-01
1.39568e+05  2.14800e+00  8.96363e-01
1.39536e+05  2.14850e+00  8.96394e-01
1.39503e+05  2.14900e+00  8.96666e-01
1.39471e+05  2.14950e+00  8.96139e-01
1.39438e+05  2.15000e+00  8.96089e-01
1.39406e+05  2.15050e+00  8.96286e-01
1.39374e+05  2.15100e+00  8.96654e-01
1.39341e+05  2.15150e+00  8.96034e-01
1.39309e+05  2.15200e+00  8.95916e-01
1.39276e+05  2.15250e+00  8.96180e-01
1.39244e+05  2.15300e+00  8.96367e-01
1.39212e+05  2.15350e+00  8.96609e-01
1.39179e+05  2.15400e+00  8.96239e-01
1.39147e+05  2.15450e+00  8.95919e-01
1.39115e+05  2.15500e+00  8.96865e-01
1.39083e+05  2.15550e+00  8.97100e-01
1.39050e+05  2.15600e+00  8.96354e-01
1.39018e+05  2.15650e+00  8.96889e-01
1.38986e+05  2.15700e+00  8.97186e-01
1.38954e+05  2.15750e+00  8.97430e-01
1.38921e+05  2.15800e+00  8.97670e-01
1.38889e+05  2.15850e+00  8.97736e-01
1.38857e+05  2.15900e+00  8.97529e-01
1.38825e+05  2.15950e+00  8.98201e-01
1.38793e+05  2.16000e+00  8.99071e-01
1.38761e+05  2.16050e+00  8.98774e-01
1.38729e+05  2.16100e+00  8.98753e-01
1.38696e+05  2.16150e+00  8.99599e-01
1.38664e+05  2.16200e+00  8.99934e-01
1.38632e+05  2.16250e+00  9.00307e-01
1.38600e+05  2.16300e+00  9.00665e-01
1.38568e+05  2.16350e+00  9.00858e-01
1.38536e+05  2.16400e+00  9.01475e-01
1.38504e+05  2.16450e+00  9.02605e-01
1.38472e+05  2.16500e+00  9.02373e-01
1.38440e+05  2.16550e+00  9.03024e-01
1.38408e+05  2.16600e+00  9.04122e-01
1.38376e+05  2.16650e+00  9.04171e-01
1.38344e+05  2.16700e+00  9.04549e-01
1.38313e+05  2.16750e+00  9.05864e-01
1.38281e+05  2.16800e+00  9.06004e-01
1.38249e+05  2.16850e+00  9.06436e-01
1.38217e+05  2.16900e+00  9.07589e-01
1.38185e+05  2.16950e+00  9.08066e-01
1.38153e+05  2.17000e+00  9.08190e-01
1.38121e+05  2.17050e+00  9.09361e-01
1.38090e+05  2.17100e+00  9.10518e-01
1.38058e+05  2.17150e+00  9.10713e-01
1.38026e+05  2.17200e+00  9.11386e-01
1.37994e+05  2.17250e+00  9.11960e-01
1.37962e+05  2.17300e+00  9.12910e-01
1.37931e+05  2.17350e+00  9.13857e-01
1.37899e+05  2.17400e+00  9.14448e-01
1.37867e+05  2.17450e+00  9.14553e-01
1.37836e+05  2.17500e+00  9.15643e-01
1.37804e+05  2.17550e+00  9.17021e-01
1.37772e+05  2.17600e+00  9.17159e-01
1.37741e+05  2.17650e+00  9.17745e-01
1.37709e+05  2.17700e+00  9.18259e-01
1.37677e+05  2.17750e+00  9.19172e-01
1.37646e+05  2.17800e+00  9.20093e-01
1.37614e+05  2.17850e+00  9.20456e-01
1.37583e+05  2.17900e+00  9.20860e-01
1.37551e+05  2.17950e+00  9.21505e-01
1.37519e+05  2.18000e+00  9.22550e-01
1.37488e+05  2.18050e+00  9.23232e-01
1.37456e+05  2.18100e+00  9.23471e-01
1.37425e+05  2.18150e+00  9.24311e-01
1.37393e+05  2.18200e+00  9.24877e-01
1.37362e+05  2.18250e+00  9.25228e-01
1.37330e+05  2.18300e+00  9.25684e-01
1.37299e+05  2.18350e+00  9.25826e-01
1.37268e+05  2.18400e+00  9.26150e-01
1.37236e+05  2.18450e+00  9.27185e-01
1.37205e+05  2.18500e+00  9.27178e-01
1.37173e+05  2.18550e+00  9.27247e-01
1.37142e+05  2.18600e+00  9.28022e-01
1.37111e+05  2.18650e+00  9.28314e-01
1.37079e+05  2.18700e+00  9.28768e-01
1.37048e+05  2.18750e+00  9.29316e-01
1.37017e+05  2.18800e+00  9.28733e-01
1.36985e+05  2.18850e+00  9.28996e-01
1.36954e+05  2.18900e+00  9.29973e-01
1.36923e+05  2.18950e+00  9.29466e-01
1.36892e+05  2.19000e+00  9.29267e-01
1.36860e+05  2.19050e+00  9.29660e-01
1.36829e+05  2.19100e+00  9.29746e-01
1.36798e+05  2.19150e+00  9.29938e-01
1.36767e+05  2.19200e+00  9.30173e-01
1.36735e+05  2.19250e+00  9.29907e-01
1.36704e+05  2.19300e+00  9.29536e-01
1.36673e+05  2.19350e+00  9.30239e-01
1.36642e+05  2.19400e+00  9.29898e-01
1.36611e+05  2.19450e+00  9.29432e-01
1.36580e+05  2.19500e+00  9.29404e-01
1.36549e+05  2.19550e+00  9.29713e-01
1.36518e+05  2.19600e+00  9.29306e-01
1.36486e+05  2.19650e+00  9.29322e-01
1.36455e+05  2.19700e+00  9.29191e-01
1.36424e+05  2.19750e+00  9.28680e-01
1.36393e+05  2.19800e+00  9.29069e-01
1.36362e+05  2.19850e+00  9.28626e-01
1.36331e+05  2.19900e+00  9.27585e-01
1.36300e+05  2.19950e+00  9.27848e-01
1.36269e+05  2.20000e+00  9.27968e-01
1.36238e+05  2.20050e+00  9.27243e-01
1.36207e+05  2.20100e+00  9.27175e-01
1.36176e+05  2.20150e+00  9.27034e-01
1.36146e+05  2.20200e+00  9.26269e-01
1.36115e+05  2.20250e+00  9.26630e-01
1.36084e+05  2.20300e+00  9.26462e-01
1.36053e+05  2.20350e+00  9.25864e-01
1.36022e+05  2.20400e+00  9.25383e-01
1.35991e+05  2.20450e+00  9.25585e-01
1.35960e+05  2.20500e+00  9.25094e-01
1.35929e+05  2.20550e+00  9.24659e-01
1.35899e+05  2.20600e+00  9.24113e-01
1.35868e+05  2.20650e+00  9.23655e-01
1.35837e+05  2.20700e+00  9.23507e-01
1.35806e+05  2.20750e+00  9.23481e-01
1.35776e+05  2.20800e+00  9.22910e-01
1.35745e+05  2.20850e+00  9.22120e-01
1.35714e+05  2.20900e+00  9.22637e-01
1.35683e+05  2.20950e+00  9.22139e-01
1.35653e+05  2.21000e+00  9.21015e-01
1.35622e+05  2.21050e+00  9.21188e-01
1.35591e+05  2.21100e+00  9.20554e-01
1.35561e+05  2.21150e+00  9.20026e-01
1.35530e+05  2.21200e+00  9.20189e-01
1.35499e+05  2.21250e+00  9.19100e-01
1.35469e+05  2.21300e+00  9.18796e-01
1.35438e+05  2.21350e+00  9.18860e-01
1.35408e+05  2.21400e+00  9.18208e-01
1.35377e+05  2.21450e+00  9.17631e-01
1.35346e+05  2.21500e+00  9.17188e-01
1.35316e+05  2.21550e+00  9.16671e-01
1.35285e+05  2.21600e+00  9.16259e-01
1.35255e+05  2.21650e+00  9.15881e-01
1.35224e+05  2.21700e+00  9.15457e-01
1.35194e+05  2.21750e+00  9.14652e-01
1.35163e+05  2.21800e+00  9.14400e-01
1.35133e+05  2.21850e+00  9.14160e-01
1.35103e+05  2.21900e+00  9.13390e-01
1.35072e+05  2.21950e+00  9.12559e-01
1.35042e+05  2.22000e+00  9.12862e-01
1.35011e+05  2.22050e+00  9.12070e-01
1.34981e+05  2.22100e+00  9.11142e-01
1.34950e+05  2.22150e+00  9.11080e-01
1.34920e+05  2.22200e+00  9.09821e-01
1.34890e+05  2.22250e+00  9.09943e-01
1.34859e+05  2.22300e+00  9.09954e-01
1.34829e+05  2.22350e+00  9.08664e-01
1.34799e+05  2.22400e+00  9.08139e-01
1.34768e+05  2.22450e+00  9.08302e-01
1.34738e+05  2.22500e+00  9.07424e-01
1.34708e+05  2.22550e+00  9.06681e-01
1.34678e+05  2.22600e+00  9.06425e-01
1.34647e+05  2.22650e+00  9.05368e-01
1.34617e+05  2.22700e+00  9.06037e-01
1.34587e+05  2.22750e+00  9.05439e-01
1.34557e+05  2.22800e+00  9.04273e-01
1.34527e+05  2.22850e+00  9.04210e-01
1.34496e+05  2.22900e+00  9.03772e-01
1.34466e+05  2.22950e+00  9.03270e-01
1.34436e+05  2.23000e+00  9.02786e-01
1.34406e+05  2.23050e+00  9.02374e-01
1.34376e+05  2.23100e+00  9.02041e-01
1.34346e+05  2.23150e+00  9.01271e-01
1.34316e+05  2.23200e+00  9.01269e-01
1.34286e+05  2.23250e+00  9.01356e-01
1.34255e+05  2.23300e+00  9.00312e-01
1.34225e+05  2.23350e+00  9.00009e-01
1.34195e+05  2.23400e+00  9.00148e-01
1.34165e+05  2.23450e+00  8.99268e-01
1.34135e+05  2.23500e+00  8.99195e-01
1.34105e+05  2.23550e+00  8.98819e-01
1.34075e+05  2.23600e+00  8.98234e-01
1.34045e+05  2.23650e+00  8.98334e-01
1.34015e+05  2.23700e+00  8.97734e-01
1.33985e+05  2.23750e+00  8.96951e-01
1.33956e+05  2.23800e+00  8.97214e-01
1.33926e+05  2.23850e+00  8.96680e-01
1.33896e+05  2.23900e+00  8.95924e-01
1.33866e+05  2.23950e+00  8.95940e-01
1.33836e+05  2.24000e+00  8.95683e-01
1.33806e+05  2.24050e+00  8.94605e-01
1.33776e+05  2.24100e+00  8.94485e-01
1.33746e+05  2.24150e+00  8.93770e-01
1.33717e+05  2.24200e+00  8.93336e-01
1.33687e+05  2.24250e+00  8.92844e-01
1.33657e+05  2.24300e+00  8.92432e-01
1.33627e+05  2.24350e+00  8.91660e-01
1.33597e+05  2.24400e+00  8.91138e-01
1.33568e+05  2.24450e+00  8.90643e-01
1.33538e+05  2.24500e+00  8.89996e-01
1.33508e+05  2.24550e+00  8.89070e-01
1.33478e+05  2.24600e+00  8.88649e-01
1.33449e+05  2.24650e+00  8.87378e-01
1.33419e+05  2.24700e+00  8.86307e-01
1.33389e+05  2.24750e+00  8.86031e-01
1.33360e+05  2.24800e+00  8.84891e-01
1.33330e+05  2.24850e+00  8.83694e-01
1.33300e+05  2.24900e+00  8.83208e-01
1.33271e+05  2.24950e+00  8.82006e-01
1.33241e+05  2.25000e+00  8.80389e-01
1.33211e+05  2.25050e+00  8.80216e-01
1.33182e+05  2.25100e+00  8.78539e-01
1.33152e+05  2.25150e+00  8.77438e-01
1.33123e+05  2.25200e+00  8.76920e-01
1.33093e+05  2.25250e+00  8.75181e-01
1.33064e+05  2.25300e+00  8.73957e-01
1.33034e+05  2.25350e+00  8.73034e-01
1.33005e+05  2.25400e+00  8.71435e-01
1.32975e+05  2.25450e+00  8.70218e-01
1.32946e+05  2.25500e+00  8.69732e-01
1.32916e+05  2.25550e+00  8.68237e-01
1.32887e+05  2.25600e+00  8.66902e-01
1.32857e+05  2.25650e+00  8.65976e-01
1.32828e+05  2.25700e+00  8.64656e-01
1.32798e+05  2.25750e+00  8.63786e-01
1.32769e+05  2.25800e+00  8.62792e-01
1.32740e+05  2.25850e+00  8.61457e-01
1.32710e+05  2.25900e+00  8.60153e-01
1.32681e+05  2.25950e+00  8.59209e-01
1.32652e+05  2.26000e+00  8.59043e-01
1.32622e+05  2.26050e+00  8.57509e-01
1.32593e+05  2.26100e+00  8.56822e-01
1.32564e+05  2.26150e+00  8.56455e-01
1.32534e+05  2.26200e+00  8.55375e-01
1.32505e+05  2.26250e+00  8.55239e-01
1.32476e+05  2.26300e+00  8.55056e-01
1.32446e+05  2.26350e+00  8.54233e-01
1.32417e+05  2.26400e+00  8.54173e-01
1.32388e+05  2.26450e+00  8.54622e-01
1.32359e+05  2.26500e+00  8.54030e-01
1.32329e+05  2.26550e+00  8.54545e-01
1.32300e+05  2.26600e+00  8.54806e-01
1.32271e+05  2.26650e+00  8.55135e-01
1.32242e+05  2.26700e+00  8.55921e-01
1.32213e+05  2.26750e+00  8.56670e-01
1.32184e+05  2.26800e+00  8.57189e-01
1.32154e+05  2.26850e+00  8.58504e-01
1.32125e+05  2.26900e+00  8.59832e-01
1.32096e+05  2.26950e+00  8.61173e-01
1.32067e+05  2.27000e+00  8.62321e-01
1.32038e+05  2.27050e+00  8.64105e-01
1.32009e+05  2.27100e+00  8.65790e-01
1.31980e+05  2.27150e+00  8.67678e-01
1.31951e+05  2.27200e+00  8.69998e-01
1.31922e+05  2.27250e+00  8.72299e-01
1.31893e+05  2.27300e+00  8.74675e-01
1.31864e+05  2.27350e+00  8.76887e-01
1.31835e+05  2.27400e+00  8.78815e-01
1.31806e+05  2.27450e+00  8.81695e-01
1.31777e+05  2.27500e+00  8.84953e-01
1.31748e+05  2.27550e+00  8.87893e-01
1.31719e+05  2.27600e+00  8.90231e-01
1.31690e+05  2.27650e+00  8.93533e-01
1.31661e+05  2.27700e+00  8.95929e-01
1.31632e+05  2.27750e+00  8.98655e-01
1.31603e+05  2.27800e+00  9.02055e-01
1.31574e+05  2.27850e+00  9.04895e-01
1.31546e+05  2.27900e+00  9.07376e-01
1.31517e+05  2.27950e+00  9.10246e-01
1.31488e+05  2.28000e+00  9.12512e-01
1.31459e+05  2.28050e+00  9.14767e-01
1.31430e+05  2.28100e+00  9.16852e-01
1.31401e+05  2.28150e+00  9.18873e-01
1.31373e+05  2.28200e+00  9.20149e-01
1.31344e+05  2.28250e+00  9.21447e-01
1.31315e+05  2.28300e+00  9.22216e-01
1.31286e+05  2.28350e+00  9.22701e-01
1.31258e+05  2.28400e+00  9.22264e-01
1.31229e+05  2.28450e+00  9.22009e-01
1.31200e+05  2.28500e+00  9.20549e-01
1.31171e+05  2.28550e+00  9.18578e-01
1.31143e+05  2.28600e+00  9.16635e-01
1.31114e+05  2.28650e+00  9.13242e-01
1.31085e+05  2.28700e+00  9.09217e-01
1.31057e+05  2.28750e+00  9.04496e-01
1.31028e+05  2.28800e+00  8.97862e-01
1.31000e+05  2.28850e+00  8.91708e-01
1.30971e+05  2.28900e+00  8.84685e-01
1.30942e+05  2.28950e+00  8.76488e-01
1.30914e+05  2.29000e+00  8.67085e-01
1.30885e+05  2.29050e+00  8.56952e-01
1.30857e+05  2.29100e+00  8.45097e-01
1.30828e+05  2.29150e+00  8.32444e-01
1.30800e+05  2.29200e+00  8.20054e-01
1.30771e+05  2.29250e+00  8.06571e-01
1.30742e+05  2.29300e+00  7.92052e-01
1.30714e+05  2.29350e+00  7.75881e-01
1.30685e+05  2.29400e+00  7.57163e-01
1.30657e+05  2.29450e+00  7.40398e-01
1.30629e+05  2.29500e+00  7.21399e-01
1.30600e+05  2.29550e+00  7.04188e-01
1.30572e+05  2.29600e+00  6.85569e-01
1.30543e+05  2.29650e+00  6.65237e-01
1.30515e+05  2.29700e+00  6.44105e-01
1.30486e+05  2.29750e+00  6.21426e-01
1.30458e+05  2.29800e+00  6.01655e-01
1.30430e+05  2.29850e+00  5.80842e-01
1.30401e+05  2.29900e+00  5.60170e-01
1.30373e+05  2.29950e+00  5.39662e-01
1.30345e+05  2.30000e+00  5.17060e-01
1.30316e+05  2.30050e+00  4.95431e-01
1.30288e+05  2.30100e+00  4.73943e-01
1.30260e+05  2.30150e+00  4.53727e-01
1.30231e+05  2.30200e+00  4.34463e-01
1.30203e+05  2.30250e+00  4.14782e-01
1.30175e+05  2.30300e+00  3.95607e-01
1.30146e+05  2.30350e+00  3.74034e-01
1.30118e+05  2.30400e+00  3.56113e-01
1.30090e+05  2.30450e+00  3.38604e-01
1.30062e+05  2.30500e+00  3.22295e-01
1.30034e+05  2.30550e+00  3.05755e-01
1.30005e+05  2.30600e+00  2.89098e-01
1.29977e+05  2.30650e+00  2.73864e-01
1.29949e+05  2.30700e+00  2.57368e-01
1.29921e+05  2.30750e+00  2.43491e-01
1.29893e+05  2.30800e+00  2.30675e-01
1.29865e+05  2.30850e+00  2.18757e-01
1.29836e+05  2.30900e+00  2.06448e-01
1.29808e+05  2.30950e+00  1.93564e-01
1.29780e+05  2.31000e+00  1.82144e-01
1.29752e+05  2.31050e+00  1.71489e-01
1.29724e+05  2.31100e+00  1.61850e-01
1.29696e+05  2.31150e+00  1.52825e-01
1.29668e+05  2.31200e+00  1.44477e-01
1.29640e+05  2.31250e+00  1.35712e-01
1.29612e+05  2.31300e+00  1.26649e-01
1.29584e+05  2.31350e+00  1.19229e-01
1.29556e+05  2.31400e+00  1.12220e-01
1.29528e+05  2.31450e+00  1.05947e-01
1.29500e+05  2.31500e+00  1.00003e-01
1.29472e+05  2.31550e+00  9.40500e-02
1.29444e+05  2.31600e+00  8.79870e-02
1.29416e+05  2.31650e+00  8.24480e-02
1.29388e+05  2.31700e+00  7.76860e-02
1.29360e+05  2.31750e+00  7.33710e-02
1.29332e+05  2.31800e+00  6.91680e-02
1.29304e+05  2.31850e+00  6.51760e-02
1.29277e+05  2.31900e+00  6.09840e-02
1.29249e+05  2.31950e+00  5.73120e-02
1.29221e+05  2.32000e+00  5.40030e-02
1.29193e+05  2.32050e+00  5.10250e-02
1.29165e+05  2.32100e+00  4.81790e-02
1.29137e+05  2.32150e+00  4.53750e-02
1.29110e+05  2.32200e+00  4.27720e-02
1.29082e+05  2.32250e+00  4.00120e-02
1.29054e+05  2.32300e+00  3.77330e-02
1.29026e+05  2.32350e+00  3.57200e-02
1.28998e+05  2.32400e+00  3.38070e-02
1.28971e+05  2.32450e+00  3.20090e-02
1.28943e+05  2.32500e+00  3.00990e-02
1.28915e+05  2.32550e+00  2.83840e-02
1.28888e+05  2.32600e+00  2.66850e-02
1.28860e+05  2.32650e+00  2.53390e-02
1.28832e+05  2.32700e+00  2.39760e-02
1.28804e+05  2.32750e+00  2.27830e-02
1.28777e+05  2.32800e+00  2.14570e-02
1.28749e+05  2.32850e+00  2.02300e-02
1.28722e+05  2.32900e+00  1.91380e-02
1.28694e+05  2.32950e+00  1.81400e-02
1.28666e+05  2.33000e+00  1.71990e-02
1.28639e+05  2.33050e+00  1.63370e-02
1.28611e+05  2.33100e+00  1.55080e-02
1.28584e+05  2.33150e+00  1.47280e-02
1.28556e+05  2.33200e+00  1.38910e-02
1.28528e+05  2.33250e+00  1.31060e-02
1.28501e+05  2.33300e+00  1.24690e-02
1.28473e+05  2.33350e+00  1.19260e-02
1.28446e+05  2.33400e+00  1.14040e-02
1.28418e+05  2.33450e+00  1.07690e-02
1.28391e+05  2.33500e+00  1.01830e-02
1.28363e+05  2.33550e+00  9.73500e-03
1.28336e+05  2.33600e+00  9.27300e-03
1.28308e+05  2.33650e+00  8.83400e-03
1.28281e+05  2.33700e+00  8.44100e-03
1.28253e+05  2.33750e+00  7.99700e-03
1.28226e+05  2.33800e+00  7.62800e-03
1.28199e+05  2.33850e+00  7.28200e-03
1.28171e+05  2.33900e+00  6.94300e-03
1.28144e+05  2.33950e+00  6.63200e-03
1.28116e+05  2.34000e+00  6.34800e-03
1.28089e+05  2.34050e+00  6.03800e-03
1.28062e+05  2.34100e+00  5.78400e-03
1.28034e+05  2.34150e+00  5.50000e-03
1.28007e+05  2.34200e+00  5.25200e-03
1.27980e+05  2.34250e+00  4.98400e-03
1.27952e+05  2.34300e+00  4.83700e-03
1.27925e+05  2.34350e+00  4.61800e-03
1.27898e+05  2.34400e+00  4.44100e-03
1.27871e+05  2.34450e+00  4.25700e-03
1.27843e+05  2.34500e+00  4.01700e-03
