UKIRT_UKIDSS_K
frq          wvl          transmission
[GHz]        [micron]                 
1.52916e+05  1.96050e+00  4.40000e-03
1.52877e+05  1.96100e+00  3.30000e-03
1.52838e+05  1.96150e+00  4.10000e-03
1.52799e+05  1.96200e+00  3.90000e-03
1.52760e+05  1.96250e+00  4.70000e-03
1.52722e+05  1.96300e+00  4.20000e-03
1.52683e+05  1.96350e+00  3.40000e-03
1.52644e+05  1.96400e+00  3.20000e-03
1.52605e+05  1.96450e+00  3.80000e-03
1.52566e+05  1.96500e+00  5.30000e-03
1.52527e+05  1.96550e+00  4.60000e-03
1.52489e+05  1.96600e+00  3.50000e-03
1.52450e+05  1.96650e+00  4.70000e-03
1.52411e+05  1.96700e+00  6.10000e-03
1.52372e+05  1.96750e+00  5.20000e-03
1.52334e+05  1.96800e+00  4.00000e-03
1.52295e+05  1.96850e+00  6.10000e-03
1.52256e+05  1.96900e+00  6.50000e-03
1.52218e+05  1.96950e+00  5.30000e-03
1.52179e+05  1.97000e+00  6.00000e-03
1.52140e+05  1.97050e+00  7.30000e-03
1.52102e+05  1.97100e+00  5.90000e-03
1.52063e+05  1.97150e+00  5.30000e-03
1.52025e+05  1.97200e+00  7.20000e-03
1.51986e+05  1.97250e+00  7.10000e-03
1.51948e+05  1.97300e+00  7.00000e-03
1.51909e+05  1.97350e+00  8.30000e-03
1.51871e+05  1.97400e+00  7.30000e-03
1.51832e+05  1.97450e+00  7.70000e-03
1.51794e+05  1.97500e+00  9.00000e-03
1.51755e+05  1.97550e+00  8.60000e-03
1.51717e+05  1.97600e+00  8.40000e-03
1.51678e+05  1.97650e+00  9.60000e-03
1.51640e+05  1.97700e+00  9.40000e-03
1.51602e+05  1.97750e+00  9.60000e-03
1.51563e+05  1.97800e+00  1.00000e-02
1.51525e+05  1.97850e+00  1.00000e-02
1.51487e+05  1.97900e+00  1.06000e-02
1.51449e+05  1.97950e+00  1.02000e-02
1.51410e+05  1.98000e+00  8.30000e-03
1.51372e+05  1.98050e+00  9.20000e-03
1.51334e+05  1.98100e+00  1.14000e-02
1.51296e+05  1.98150e+00  1.18000e-02
1.51258e+05  1.98200e+00  1.20000e-02
1.51219e+05  1.98250e+00  1.22000e-02
1.51181e+05  1.98300e+00  1.18000e-02
1.51143e+05  1.98350e+00  1.28000e-02
1.51105e+05  1.98400e+00  1.31000e-02
1.51067e+05  1.98450e+00  1.33000e-02
1.51029e+05  1.98500e+00  1.33000e-02
1.50991e+05  1.98550e+00  1.36000e-02
1.50953e+05  1.98600e+00  1.42000e-02
1.50915e+05  1.98650e+00  1.44000e-02
1.50877e+05  1.98700e+00  1.11000e-02
1.50839e+05  1.98750e+00  1.49000e-02
1.50801e+05  1.98800e+00  1.54000e-02
1.50763e+05  1.98850e+00  1.58000e-02
1.50725e+05  1.98900e+00  1.62000e-02
1.50687e+05  1.98950e+00  1.65000e-02
1.50649e+05  1.99000e+00  1.51000e-02
1.50612e+05  1.99050e+00  1.63000e-02
1.50574e+05  1.99100e+00  1.75000e-02
1.50536e+05  1.99150e+00  1.82000e-02
1.50498e+05  1.99200e+00  1.85000e-02
1.50460e+05  1.99250e+00  1.89000e-02
1.50423e+05  1.99300e+00  1.94000e-02
1.50385e+05  1.99350e+00  1.98000e-02
1.50347e+05  1.99400e+00  1.93000e-02
1.50310e+05  1.99450e+00  2.03000e-02
1.50272e+05  1.99500e+00  2.11000e-02
1.50234e+05  1.99550e+00  2.06000e-02
1.50197e+05  1.99600e+00  2.12000e-02
1.50159e+05  1.99650e+00  2.09000e-02
1.50121e+05  1.99700e+00  2.03000e-02
1.50084e+05  1.99750e+00  2.02000e-02
1.50046e+05  1.99800e+00  1.81000e-02
1.50009e+05  1.99850e+00  1.86000e-02
1.49971e+05  1.99900e+00  1.71000e-02
1.49934e+05  1.99950e+00  1.71000e-02
1.49896e+05  2.00000e+00  1.82000e-02
1.49859e+05  2.00050e+00  1.64000e-02
1.49821e+05  2.00100e+00  1.39000e-02
1.49784e+05  2.00150e+00  1.18000e-02
1.49746e+05  2.00200e+00  1.17000e-02
1.49709e+05  2.00250e+00  1.06000e-02
1.49672e+05  2.00300e+00  8.50000e-03
1.49634e+05  2.00350e+00  1.03000e-02
1.49597e+05  2.00400e+00  1.02000e-02
1.49560e+05  2.00450e+00  9.50000e-03
1.49522e+05  2.00500e+00  1.16000e-02
1.49485e+05  2.00550e+00  1.29000e-02
1.49448e+05  2.00600e+00  1.71000e-02
1.49411e+05  2.00650e+00  2.08000e-02
1.49373e+05  2.00700e+00  2.21000e-02
1.49336e+05  2.00750e+00  1.97000e-02
1.49299e+05  2.00800e+00  1.79000e-02
1.49262e+05  2.00850e+00  2.59000e-02
1.49225e+05  2.00900e+00  3.65000e-02
1.49188e+05  2.00950e+00  2.42000e-02
1.49150e+05  2.01000e+00  2.61000e-02
1.49113e+05  2.01050e+00  3.22000e-02
1.49076e+05  2.01100e+00  2.30000e-02
1.49039e+05  2.01150e+00  1.78000e-02
1.49002e+05  2.01200e+00  2.79000e-02
1.48965e+05  2.01250e+00  3.31000e-02
1.48928e+05  2.01300e+00  2.29000e-02
1.48891e+05  2.01350e+00  1.97000e-02
1.48854e+05  2.01400e+00  3.73000e-02
1.48817e+05  2.01450e+00  3.25000e-02
1.48780e+05  2.01500e+00  1.91000e-02
1.48743e+05  2.01550e+00  4.27000e-02
1.48707e+05  2.01600e+00  3.86000e-02
1.48670e+05  2.01650e+00  2.46000e-02
1.48633e+05  2.01700e+00  4.70000e-02
1.48596e+05  2.01750e+00  4.06000e-02
1.48559e+05  2.01800e+00  3.21000e-02
1.48522e+05  2.01850e+00  5.83000e-02
1.48486e+05  2.01900e+00  4.02000e-02
1.48449e+05  2.01950e+00  5.62000e-02
1.48412e+05  2.02000e+00  6.30000e-02
1.48375e+05  2.02050e+00  4.68000e-02
1.48339e+05  2.02100e+00  7.41000e-02
1.48302e+05  2.02150e+00  5.90000e-02
1.48265e+05  2.02200e+00  6.87000e-02
1.48229e+05  2.02250e+00  8.43000e-02
1.48192e+05  2.02300e+00  6.68000e-02
1.48155e+05  2.02350e+00  8.90000e-02
1.48119e+05  2.02400e+00  7.39000e-02
1.48082e+05  2.02450e+00  9.22000e-02
1.48046e+05  2.02500e+00  9.18000e-02
1.48009e+05  2.02550e+00  9.63000e-02
1.47973e+05  2.02600e+00  1.02200e-01
1.47936e+05  2.02650e+00  9.89000e-02
1.47900e+05  2.02700e+00  1.09800e-01
1.47863e+05  2.02750e+00  1.04000e-01
1.47827e+05  2.02800e+00  1.13900e-01
1.47790e+05  2.02850e+00  1.09100e-01
1.47754e+05  2.02900e+00  1.21500e-01
1.47717e+05  2.02950e+00  1.18700e-01
1.47681e+05  2.03000e+00  1.27700e-01
1.47645e+05  2.03050e+00  1.25500e-01
1.47608e+05  2.03100e+00  1.31000e-01
1.47572e+05  2.03150e+00  1.33000e-01
1.47536e+05  2.03200e+00  1.36000e-01
1.47499e+05  2.03250e+00  1.37600e-01
1.47463e+05  2.03300e+00  1.39300e-01
1.47427e+05  2.03350e+00  1.41100e-01
1.47391e+05  2.03400e+00  1.44700e-01
1.47354e+05  2.03450e+00  1.46800e-01
1.47318e+05  2.03500e+00  1.49200e-01
1.47282e+05  2.03550e+00  1.51200e-01
1.47246e+05  2.03600e+00  1.52900e-01
1.47210e+05  2.03650e+00  1.54900e-01
1.47174e+05  2.03700e+00  1.57000e-01
1.47137e+05  2.03750e+00  1.58800e-01
1.47101e+05  2.03800e+00  1.61000e-01
1.47065e+05  2.03850e+00  1.62300e-01
1.47029e+05  2.03900e+00  1.64500e-01
1.46993e+05  2.03950e+00  1.64800e-01
1.46957e+05  2.04000e+00  1.62200e-01
1.46921e+05  2.04050e+00  1.62400e-01
1.46885e+05  2.04100e+00  1.65000e-01
1.46849e+05  2.04150e+00  1.66000e-01
1.46813e+05  2.04200e+00  1.68400e-01
1.46777e+05  2.04250e+00  1.73800e-01
1.46741e+05  2.04300e+00  1.76100e-01
1.46705e+05  2.04350e+00  1.78200e-01
1.46670e+05  2.04400e+00  1.74900e-01
1.46634e+05  2.04450e+00  1.76400e-01
1.46598e+05  2.04500e+00  1.80200e-01
1.46562e+05  2.04550e+00  1.82500e-01
1.46526e+05  2.04600e+00  1.82700e-01
1.46490e+05  2.04650e+00  1.80800e-01
1.46455e+05  2.04700e+00  1.79900e-01
1.46419e+05  2.04750e+00  1.76700e-01
1.46383e+05  2.04800e+00  1.72300e-01
1.46347e+05  2.04850e+00  1.73100e-01
1.46312e+05  2.04900e+00  1.70700e-01
1.46276e+05  2.04950e+00  1.57500e-01
1.46240e+05  2.05000e+00  1.56200e-01
1.46205e+05  2.05050e+00  1.52100e-01
1.46169e+05  2.05100e+00  1.35200e-01
1.46133e+05  2.05150e+00  1.35300e-01
1.46098e+05  2.05200e+00  1.38200e-01
1.46062e+05  2.05250e+00  1.38200e-01
1.46027e+05  2.05300e+00  1.57900e-01
1.45991e+05  2.05350e+00  1.63600e-01
1.45955e+05  2.05400e+00  1.54700e-01
1.45920e+05  2.05450e+00  1.35100e-01
1.45884e+05  2.05500e+00  1.20100e-01
1.45849e+05  2.05550e+00  1.16800e-01
1.45813e+05  2.05600e+00  1.49100e-01
1.45778e+05  2.05650e+00  1.62200e-01
1.45743e+05  2.05700e+00  1.60600e-01
1.45707e+05  2.05750e+00  1.30300e-01
1.45672e+05  2.05800e+00  1.30000e-01
1.45636e+05  2.05850e+00  1.68400e-01
1.45601e+05  2.05900e+00  1.83000e-01
1.45566e+05  2.05950e+00  1.72800e-01
1.45530e+05  2.06000e+00  1.71100e-01
1.45495e+05  2.06050e+00  1.99400e-01
1.45460e+05  2.06100e+00  1.60200e-01
1.45424e+05  2.06150e+00  1.65900e-01
1.45389e+05  2.06200e+00  1.88400e-01
1.45354e+05  2.06250e+00  1.62700e-01
1.45319e+05  2.06300e+00  1.22200e-01
1.45283e+05  2.06350e+00  1.68200e-01
1.45248e+05  2.06400e+00  1.81400e-01
1.45213e+05  2.06450e+00  1.31200e-01
1.45178e+05  2.06500e+00  1.45700e-01
1.45143e+05  2.06550e+00  1.86700e-01
1.45108e+05  2.06600e+00  1.55100e-01
1.45073e+05  2.06650e+00  1.36300e-01
1.45037e+05  2.06700e+00  1.86300e-01
1.45002e+05  2.06750e+00  1.74700e-01
1.44967e+05  2.06800e+00  1.38700e-01
1.44932e+05  2.06850e+00  1.88700e-01
1.44897e+05  2.06900e+00  1.82700e-01
1.44862e+05  2.06950e+00  1.47500e-01
1.44827e+05  2.07000e+00  1.94000e-01
1.44792e+05  2.07050e+00  1.83000e-01
1.44757e+05  2.07100e+00  1.59100e-01
1.44722e+05  2.07150e+00  1.97900e-01
1.44687e+05  2.07200e+00  1.75800e-01
1.44653e+05  2.07250e+00  1.81400e-01
1.44618e+05  2.07300e+00  2.03800e-01
1.44583e+05  2.07350e+00  1.75600e-01
1.44548e+05  2.07400e+00  1.96400e-01
1.44513e+05  2.07450e+00  1.96200e-01
1.44478e+05  2.07500e+00  1.76100e-01
1.44443e+05  2.07550e+00  2.04400e-01
1.44409e+05  2.07600e+00  1.95800e-01
1.44374e+05  2.07650e+00  2.02500e-01
1.44339e+05  2.07700e+00  2.04600e-01
1.44304e+05  2.07750e+00  1.96700e-01
1.44270e+05  2.07800e+00  2.08200e-01
1.44235e+05  2.07850e+00  2.05300e-01
1.44200e+05  2.07900e+00  2.11100e-01
1.44166e+05  2.07950e+00  2.13400e-01
1.44131e+05  2.08000e+00  2.09000e-01
1.44096e+05  2.08050e+00  2.14100e-01
1.44062e+05  2.08100e+00  2.10600e-01
1.44027e+05  2.08150e+00  2.11900e-01
1.43993e+05  2.08200e+00  2.09600e-01
1.43958e+05  2.08250e+00  2.10000e-01
1.43923e+05  2.08300e+00  2.10200e-01
1.43889e+05  2.08350e+00  2.09600e-01
1.43854e+05  2.08400e+00  2.09300e-01
1.43820e+05  2.08450e+00  2.10700e-01
1.43785e+05  2.08500e+00  2.08900e-01
1.43751e+05  2.08550e+00  2.09000e-01
1.43716e+05  2.08600e+00  2.13000e-01
1.43682e+05  2.08650e+00  2.14400e-01
1.43648e+05  2.08700e+00  2.10600e-01
1.43613e+05  2.08750e+00  2.15500e-01
1.43579e+05  2.08800e+00  2.16100e-01
1.43544e+05  2.08850e+00  2.11400e-01
1.43510e+05  2.08900e+00  2.17200e-01
1.43476e+05  2.08950e+00  2.16200e-01
1.43441e+05  2.09000e+00  2.11300e-01
1.43407e+05  2.09050e+00  2.18600e-01
1.43373e+05  2.09100e+00  2.16200e-01
1.43338e+05  2.09150e+00  2.16700e-01
1.43304e+05  2.09200e+00  2.19400e-01
1.43270e+05  2.09250e+00  2.16000e-01
1.43236e+05  2.09300e+00  2.19600e-01
1.43202e+05  2.09350e+00  2.19000e-01
1.43167e+05  2.09400e+00  2.15100e-01
1.43133e+05  2.09450e+00  2.20500e-01
1.43099e+05  2.09500e+00  2.19500e-01
1.43065e+05  2.09550e+00  2.20600e-01
1.43031e+05  2.09600e+00  2.20500e-01
1.42997e+05  2.09650e+00  2.21000e-01
1.42963e+05  2.09700e+00  2.21400e-01
1.42928e+05  2.09750e+00  2.21400e-01
1.42894e+05  2.09800e+00  2.21300e-01
1.42860e+05  2.09850e+00  2.18400e-01
1.42826e+05  2.09900e+00  2.19100e-01
1.42792e+05  2.09950e+00  2.22400e-01
1.42758e+05  2.10000e+00  2.21900e-01
1.42724e+05  2.10050e+00  2.19500e-01
1.42690e+05  2.10100e+00  2.21600e-01
1.42656e+05  2.10150e+00  2.19800e-01
1.42622e+05  2.10200e+00  2.21100e-01
1.42589e+05  2.10250e+00  2.22000e-01
1.42555e+05  2.10300e+00  2.22100e-01
1.42521e+05  2.10350e+00  2.23100e-01
1.42487e+05  2.10400e+00  2.23200e-01
1.42453e+05  2.10450e+00  2.22700e-01
1.42419e+05  2.10500e+00  2.22100e-01
1.42385e+05  2.10550e+00  2.22900e-01
1.42352e+05  2.10600e+00  2.23100e-01
1.42318e+05  2.10650e+00  2.22700e-01
1.42284e+05  2.10700e+00  2.22800e-01
1.42250e+05  2.10750e+00  2.22200e-01
1.42217e+05  2.10800e+00  2.22600e-01
1.42183e+05  2.10850e+00  2.22700e-01
1.42149e+05  2.10900e+00  2.21900e-01
1.42115e+05  2.10950e+00  2.22000e-01
1.42082e+05  2.11000e+00  2.21900e-01
1.42048e+05  2.11050e+00  2.22300e-01
1.42014e+05  2.11100e+00  2.22000e-01
1.41981e+05  2.11150e+00  2.23100e-01
1.41947e+05  2.11200e+00  2.21100e-01
1.41914e+05  2.11250e+00  2.21600e-01
1.41880e+05  2.11300e+00  2.24200e-01
1.41846e+05  2.11350e+00  2.24000e-01
1.41813e+05  2.11400e+00  2.23300e-01
1.41779e+05  2.11450e+00  2.24500e-01
1.41746e+05  2.11500e+00  2.23900e-01
1.41712e+05  2.11550e+00  2.23500e-01
1.41679e+05  2.11600e+00  2.24100e-01
1.41645e+05  2.11650e+00  2.23600e-01
1.41612e+05  2.11700e+00  2.23700e-01
1.41578e+05  2.11750e+00  2.24300e-01
1.41545e+05  2.11800e+00  2.23900e-01
1.41512e+05  2.11850e+00  2.17300e-01
1.41478e+05  2.11900e+00  2.24200e-01
1.41445e+05  2.11950e+00  2.23800e-01
1.41412e+05  2.12000e+00  2.23200e-01
1.41378e+05  2.12050e+00  2.23600e-01
1.41345e+05  2.12100e+00  2.24400e-01
1.41312e+05  2.12150e+00  2.24200e-01
1.41278e+05  2.12200e+00  2.24700e-01
1.41245e+05  2.12250e+00  2.24800e-01
1.41212e+05  2.12300e+00  2.24900e-01
1.41178e+05  2.12350e+00  2.25000e-01
1.41145e+05  2.12400e+00  2.25000e-01
1.41112e+05  2.12450e+00  2.21100e-01
1.41079e+05  2.12500e+00  2.24900e-01
1.41046e+05  2.12550e+00  2.25500e-01
1.41012e+05  2.12600e+00  2.25700e-01
1.40979e+05  2.12650e+00  2.25800e-01
1.40946e+05  2.12700e+00  2.25900e-01
1.40913e+05  2.12750e+00  2.24400e-01
1.40880e+05  2.12800e+00  2.23100e-01
1.40847e+05  2.12850e+00  2.26100e-01
1.40814e+05  2.12900e+00  2.26100e-01
1.40781e+05  2.12950e+00  2.26200e-01
1.40748e+05  2.13000e+00  2.26300e-01
1.40715e+05  2.13050e+00  2.26400e-01
1.40682e+05  2.13100e+00  2.26600e-01
1.40649e+05  2.13150e+00  2.26600e-01
1.40616e+05  2.13200e+00  2.26700e-01
1.40583e+05  2.13250e+00  2.26700e-01
1.40550e+05  2.13300e+00  2.26800e-01
1.40517e+05  2.13350e+00  2.26900e-01
1.40484e+05  2.13400e+00  2.27000e-01
1.40451e+05  2.13450e+00  2.27100e-01
1.40418e+05  2.13500e+00  2.27100e-01
1.40385e+05  2.13550e+00  2.27100e-01
1.40352e+05  2.13600e+00  2.25800e-01
1.40319e+05  2.13650e+00  2.27300e-01
1.40287e+05  2.13700e+00  2.27400e-01
1.40254e+05  2.13750e+00  2.27500e-01
1.40221e+05  2.13800e+00  2.27600e-01
1.40188e+05  2.13850e+00  2.27600e-01
1.40155e+05  2.13900e+00  2.27600e-01
1.40123e+05  2.13950e+00  2.27700e-01
1.40090e+05  2.14000e+00  2.27800e-01
1.40057e+05  2.14050e+00  2.27900e-01
1.40025e+05  2.14100e+00  2.27900e-01
1.39992e+05  2.14150e+00  2.28000e-01
1.39959e+05  2.14200e+00  2.28100e-01
1.39926e+05  2.14250e+00  2.28100e-01
1.39894e+05  2.14300e+00  2.27400e-01
1.39861e+05  2.14350e+00  2.28000e-01
1.39829e+05  2.14400e+00  2.28300e-01
1.39796e+05  2.14450e+00  2.28200e-01
1.39763e+05  2.14500e+00  2.28400e-01
1.39731e+05  2.14550e+00  2.28500e-01
1.39698e+05  2.14600e+00  2.28400e-01
1.39666e+05  2.14650e+00  2.28500e-01
1.39633e+05  2.14700e+00  2.28400e-01
1.39601e+05  2.14750e+00  2.28100e-01
1.39568e+05  2.14800e+00  2.28000e-01
1.39536e+05  2.14850e+00  2.28400e-01
1.39503e+05  2.14900e+00  2.27400e-01
1.39471e+05  2.14950e+00  2.27700e-01
1.39438e+05  2.15000e+00  2.27400e-01
1.39406e+05  2.15050e+00  2.28200e-01
1.39374e+05  2.15100e+00  2.27900e-01
1.39341e+05  2.15150e+00  2.24800e-01
1.39309e+05  2.15200e+00  2.26800e-01
1.39276e+05  2.15250e+00  2.27100e-01
1.39244e+05  2.15300e+00  2.26000e-01
1.39212e+05  2.15350e+00  2.27500e-01
1.39179e+05  2.15400e+00  2.28300e-01
1.39147e+05  2.15450e+00  2.28400e-01
1.39115e+05  2.15500e+00  2.27400e-01
1.39083e+05  2.15550e+00  2.27400e-01
1.39050e+05  2.15600e+00  2.29200e-01
1.39018e+05  2.15650e+00  2.28500e-01
1.38986e+05  2.15700e+00  2.29000e-01
1.38954e+05  2.15750e+00  2.28700e-01
1.38921e+05  2.15800e+00  2.28900e-01
1.38889e+05  2.15850e+00  2.29100e-01
1.38857e+05  2.15900e+00  2.26400e-01
1.38825e+05  2.15950e+00  2.28900e-01
1.38793e+05  2.16000e+00  2.27600e-01
1.38761e+05  2.16050e+00  2.29200e-01
1.38729e+05  2.16100e+00  2.23900e-01
1.38696e+05  2.16150e+00  2.26700e-01
1.38664e+05  2.16200e+00  2.29000e-01
1.38632e+05  2.16250e+00  2.27900e-01
1.38600e+05  2.16300e+00  2.28700e-01
1.38568e+05  2.16350e+00  2.16000e-01
1.38536e+05  2.16400e+00  2.28800e-01
1.38504e+05  2.16450e+00  2.29200e-01
1.38472e+05  2.16500e+00  2.28700e-01
1.38440e+05  2.16550e+00  2.28600e-01
1.38408e+05  2.16600e+00  2.28800e-01
1.38376e+05  2.16650e+00  2.28100e-01
1.38344e+05  2.16700e+00  2.24200e-01
1.38313e+05  2.16750e+00  2.28500e-01
1.38281e+05  2.16800e+00  2.28100e-01
1.38249e+05  2.16850e+00  2.25300e-01
1.38217e+05  2.16900e+00  2.27800e-01
1.38185e+05  2.16950e+00  2.29000e-01
1.38153e+05  2.17000e+00  2.29000e-01
1.38121e+05  2.17050e+00  2.28100e-01
1.38090e+05  2.17100e+00  2.29100e-01
1.38058e+05  2.17150e+00  2.29100e-01
1.38026e+05  2.17200e+00  2.29000e-01
1.37994e+05  2.17250e+00  2.21300e-01
1.37962e+05  2.17300e+00  2.25900e-01
1.37931e+05  2.17350e+00  2.28900e-01
1.37899e+05  2.17400e+00  2.28200e-01
1.37867e+05  2.17450e+00  2.24800e-01
1.37836e+05  2.17500e+00  2.27700e-01
1.37804e+05  2.17550e+00  2.28300e-01
1.37772e+05  2.17600e+00  2.27700e-01
1.37741e+05  2.17650e+00  2.27000e-01
1.37709e+05  2.17700e+00  2.28800e-01
1.37677e+05  2.17750e+00  2.28800e-01
1.37646e+05  2.17800e+00  2.27900e-01
1.37614e+05  2.17850e+00  2.16200e-01
1.37583e+05  2.17900e+00  2.27800e-01
1.37551e+05  2.17950e+00  2.25800e-01
1.37519e+05  2.18000e+00  2.28500e-01
1.37488e+05  2.18050e+00  2.28500e-01
1.37456e+05  2.18100e+00  2.28500e-01
1.37425e+05  2.18150e+00  2.28500e-01
1.37393e+05  2.18200e+00  2.28500e-01
1.37362e+05  2.18250e+00  2.28100e-01
1.37330e+05  2.18300e+00  2.26800e-01
1.37299e+05  2.18350e+00  2.19900e-01
1.37268e+05  2.18400e+00  2.21600e-01
1.37236e+05  2.18450e+00  2.26400e-01
1.37205e+05  2.18500e+00  2.17100e-01
1.37173e+05  2.18550e+00  2.27500e-01
1.37142e+05  2.18600e+00  2.28100e-01
1.37111e+05  2.18650e+00  2.28100e-01
1.37079e+05  2.18700e+00  2.26400e-01
1.37048e+05  2.18750e+00  2.27300e-01
1.37017e+05  2.18800e+00  2.26500e-01
1.36985e+05  2.18850e+00  2.27200e-01
1.36954e+05  2.18900e+00  2.28000e-01
1.36923e+05  2.18950e+00  2.25100e-01
1.36892e+05  2.19000e+00  2.27700e-01
1.36860e+05  2.19050e+00  2.23800e-01
1.36829e+05  2.19100e+00  2.27800e-01
1.36798e+05  2.19150e+00  2.27900e-01
1.36767e+05  2.19200e+00  2.27900e-01
1.36735e+05  2.19250e+00  2.27800e-01
1.36704e+05  2.19300e+00  2.27800e-01
1.36673e+05  2.19350e+00  2.27800e-01
1.36642e+05  2.19400e+00  2.27800e-01
1.36611e+05  2.19450e+00  2.24900e-01
1.36580e+05  2.19500e+00  2.20300e-01
1.36549e+05  2.19550e+00  2.27600e-01
1.36518e+05  2.19600e+00  2.27700e-01
1.36486e+05  2.19650e+00  2.26800e-01
1.36455e+05  2.19700e+00  2.27600e-01
1.36424e+05  2.19750e+00  2.26900e-01
1.36393e+05  2.19800e+00  2.25800e-01
1.36362e+05  2.19850e+00  2.20900e-01
1.36331e+05  2.19900e+00  2.23500e-01
1.36300e+05  2.19950e+00  2.15500e-01
1.36269e+05  2.20000e+00  2.06700e-01
1.36238e+05  2.20050e+00  2.02500e-01
1.36207e+05  2.20100e+00  2.24900e-01
1.36176e+05  2.20150e+00  2.22900e-01
1.36146e+05  2.20200e+00  2.20800e-01
1.36115e+05  2.20250e+00  2.20600e-01
1.36084e+05  2.20300e+00  2.23100e-01
1.36053e+05  2.20350e+00  2.26200e-01
1.36022e+05  2.20400e+00  2.25000e-01
1.35991e+05  2.20450e+00  2.23800e-01
1.35960e+05  2.20500e+00  2.16900e-01
1.35929e+05  2.20550e+00  2.25600e-01
1.35899e+05  2.20600e+00  2.26400e-01
1.35868e+05  2.20650e+00  2.27600e-01
1.35837e+05  2.20700e+00  2.27600e-01
1.35806e+05  2.20750e+00  2.26900e-01
1.35776e+05  2.20800e+00  2.28100e-01
1.35745e+05  2.20850e+00  2.28400e-01
1.35714e+05  2.20900e+00  2.28500e-01
1.35683e+05  2.20950e+00  2.28500e-01
1.35653e+05  2.21000e+00  2.28600e-01
1.35622e+05  2.21050e+00  2.27900e-01
1.35591e+05  2.21100e+00  2.26600e-01
1.35561e+05  2.21150e+00  2.28200e-01
1.35530e+05  2.21200e+00  2.28900e-01
1.35499e+05  2.21250e+00  2.29000e-01
1.35469e+05  2.21300e+00  2.29100e-01
1.35438e+05  2.21350e+00  2.29200e-01
1.35408e+05  2.21400e+00  2.28900e-01
1.35377e+05  2.21450e+00  2.29000e-01
1.35346e+05  2.21500e+00  2.27800e-01
1.35316e+05  2.21550e+00  2.29400e-01
1.35285e+05  2.21600e+00  2.24200e-01
1.35255e+05  2.21650e+00  2.18200e-01
1.35224e+05  2.21700e+00  2.28900e-01
1.35194e+05  2.21750e+00  2.29600e-01
1.35163e+05  2.21800e+00  2.29200e-01
1.35133e+05  2.21850e+00  2.29000e-01
1.35103e+05  2.21900e+00  2.30100e-01
1.35072e+05  2.21950e+00  2.30300e-01
1.35042e+05  2.22000e+00  2.30100e-01
1.35011e+05  2.22050e+00  2.29000e-01
1.34981e+05  2.22100e+00  2.29700e-01
1.34950e+05  2.22150e+00  2.17100e-01
1.34920e+05  2.22200e+00  2.25200e-01
1.34890e+05  2.22250e+00  2.30500e-01
1.34859e+05  2.22300e+00  2.30500e-01
1.34829e+05  2.22350e+00  2.30700e-01
1.34799e+05  2.22400e+00  2.29900e-01
1.34768e+05  2.22450e+00  2.30700e-01
1.34738e+05  2.22500e+00  2.30800e-01
1.34708e+05  2.22550e+00  2.31000e-01
1.34678e+05  2.22600e+00  2.30200e-01
1.34647e+05  2.22650e+00  2.24600e-01
1.34617e+05  2.22700e+00  2.26700e-01
1.34587e+05  2.22750e+00  2.30100e-01
1.34557e+05  2.22800e+00  2.31300e-01
1.34527e+05  2.22850e+00  2.31500e-01
1.34496e+05  2.22900e+00  2.31800e-01
1.34466e+05  2.22950e+00  2.32500e-01
1.34436e+05  2.23000e+00  2.32800e-01
1.34406e+05  2.23050e+00  2.32200e-01
1.34376e+05  2.23100e+00  2.31600e-01
1.34346e+05  2.23150e+00  2.23300e-01
1.34316e+05  2.23200e+00  2.31300e-01
1.34286e+05  2.23250e+00  2.21400e-01
1.34255e+05  2.23300e+00  2.31600e-01
1.34225e+05  2.23350e+00  2.29400e-01
1.34195e+05  2.23400e+00  2.33100e-01
1.34165e+05  2.23450e+00  2.32700e-01
1.34135e+05  2.23500e+00  2.33200e-01
1.34105e+05  2.23550e+00  2.34100e-01
1.34075e+05  2.23600e+00  2.31000e-01
1.34045e+05  2.23650e+00  2.27000e-01
1.34015e+05  2.23700e+00  2.33400e-01
1.33985e+05  2.23750e+00  2.27800e-01
1.33956e+05  2.23800e+00  2.28300e-01
1.33926e+05  2.23850e+00  2.35200e-01
1.33896e+05  2.23900e+00  2.35800e-01
1.33866e+05  2.23950e+00  2.34800e-01
1.33836e+05  2.24000e+00  2.35500e-01
1.33806e+05  2.24050e+00  2.30800e-01
1.33776e+05  2.24100e+00  2.33900e-01
1.33746e+05  2.24150e+00  2.26600e-01
1.33717e+05  2.24200e+00  2.36900e-01
1.33687e+05  2.24250e+00  2.34200e-01
1.33657e+05  2.24300e+00  2.33800e-01
1.33627e+05  2.24350e+00  2.34600e-01
1.33597e+05  2.24400e+00  2.26100e-01
1.33568e+05  2.24450e+00  2.34700e-01
1.33538e+05  2.24500e+00  2.37600e-01
1.33508e+05  2.24550e+00  2.37300e-01
1.33478e+05  2.24600e+00  2.28300e-01
1.33449e+05  2.24650e+00  2.31800e-01
1.33419e+05  2.24700e+00  2.26200e-01
1.33389e+05  2.24750e+00  2.31000e-01
1.33360e+05  2.24800e+00  2.37500e-01
1.33330e+05  2.24850e+00  2.38300e-01
1.33300e+05  2.24900e+00  2.36700e-01
1.33271e+05  2.24950e+00  2.36200e-01
1.33241e+05  2.25000e+00  2.36000e-01
1.33211e+05  2.25050e+00  2.31000e-01
1.33182e+05  2.25100e+00  2.34400e-01
1.33152e+05  2.25150e+00  2.37400e-01
1.33123e+05  2.25200e+00  2.37500e-01
1.33093e+05  2.25250e+00  2.33900e-01
1.33064e+05  2.25300e+00  2.34500e-01
1.33034e+05  2.25350e+00  2.32600e-01
1.33005e+05  2.25400e+00  2.22600e-01
1.32975e+05  2.25450e+00  2.34200e-01
1.32946e+05  2.25500e+00  2.37300e-01
1.32916e+05  2.25550e+00  2.29800e-01
1.32887e+05  2.25600e+00  2.27300e-01
1.32857e+05  2.25650e+00  2.31900e-01
1.32828e+05  2.25700e+00  2.21900e-01
1.32798e+05  2.25750e+00  2.35400e-01
1.32769e+05  2.25800e+00  2.33900e-01
1.32740e+05  2.25850e+00  2.29900e-01
1.32710e+05  2.25900e+00  2.37800e-01
1.32681e+05  2.25950e+00  2.36900e-01
1.32652e+05  2.26000e+00  2.31800e-01
1.32622e+05  2.26050e+00  2.35300e-01
1.32593e+05  2.26100e+00  2.15100e-01
1.32564e+05  2.26150e+00  2.26800e-01
1.32534e+05  2.26200e+00  2.22700e-01
1.32505e+05  2.26250e+00  2.22000e-01
1.32476e+05  2.26300e+00  2.38900e-01
1.32446e+05  2.26350e+00  2.27700e-01
1.32417e+05  2.26400e+00  2.32400e-01
1.32388e+05  2.26450e+00  2.29300e-01
1.32359e+05  2.26500e+00  2.24900e-01
1.32329e+05  2.26550e+00  2.36900e-01
1.32300e+05  2.26600e+00  2.37300e-01
1.32271e+05  2.26650e+00  2.37300e-01
1.32242e+05  2.26700e+00  2.34800e-01
1.32213e+05  2.26750e+00  2.29900e-01
1.32184e+05  2.26800e+00  2.28500e-01
1.32154e+05  2.26850e+00  2.13400e-01
1.32125e+05  2.26900e+00  2.21200e-01
1.32096e+05  2.26950e+00  2.34300e-01
1.32067e+05  2.27000e+00  2.33900e-01
1.32038e+05  2.27050e+00  2.14800e-01
1.32009e+05  2.27100e+00  2.34900e-01
1.31980e+05  2.27150e+00  2.28500e-01
1.31951e+05  2.27200e+00  2.29800e-01
1.31922e+05  2.27250e+00  2.11100e-01
1.31893e+05  2.27300e+00  2.33500e-01
1.31864e+05  2.27350e+00  2.28300e-01
1.31835e+05  2.27400e+00  2.34300e-01
1.31806e+05  2.27450e+00  2.32500e-01
1.31777e+05  2.27500e+00  2.26300e-01
1.31748e+05  2.27550e+00  1.95100e-01
1.31719e+05  2.27600e+00  2.07200e-01
1.31690e+05  2.27650e+00  2.14800e-01
1.31661e+05  2.27700e+00  2.22100e-01
1.31632e+05  2.27750e+00  2.27700e-01
1.31603e+05  2.27800e+00  2.27600e-01
1.31574e+05  2.27850e+00  2.29700e-01
1.31546e+05  2.27900e+00  2.30200e-01
1.31517e+05  2.27950e+00  2.30700e-01
1.31488e+05  2.28000e+00  2.30200e-01
1.31459e+05  2.28050e+00  2.18500e-01
1.31430e+05  2.28100e+00  2.12600e-01
1.31401e+05  2.28150e+00  2.24700e-01
1.31373e+05  2.28200e+00  2.26700e-01
1.31344e+05  2.28250e+00  2.20100e-01
1.31315e+05  2.28300e+00  1.83700e-01
1.31286e+05  2.28350e+00  2.26700e-01
1.31258e+05  2.28400e+00  1.92900e-01
1.31229e+05  2.28450e+00  2.25300e-01
1.31200e+05  2.28500e+00  2.20000e-01
1.31171e+05  2.28550e+00  2.06600e-01
1.31143e+05  2.28600e+00  2.25100e-01
1.31114e+05  2.28650e+00  2.22000e-01
1.31085e+05  2.28700e+00  2.21400e-01
1.31057e+05  2.28750e+00  2.20700e-01
1.31028e+05  2.28800e+00  2.22400e-01
1.31000e+05  2.28850e+00  2.20500e-01
1.30971e+05  2.28900e+00  2.21200e-01
1.30942e+05  2.28950e+00  1.93900e-01
1.30914e+05  2.29000e+00  1.85300e-01
1.30885e+05  2.29050e+00  2.17200e-01
1.30857e+05  2.29100e+00  2.13000e-01
1.30828e+05  2.29150e+00  2.16900e-01
1.30800e+05  2.29200e+00  2.18300e-01
1.30771e+05  2.29250e+00  1.97500e-01
1.30742e+05  2.29300e+00  2.17900e-01
1.30714e+05  2.29350e+00  2.14300e-01
1.30685e+05  2.29400e+00  2.05000e-01
1.30657e+05  2.29450e+00  2.14500e-01
1.30629e+05  2.29500e+00  1.95500e-01
1.30600e+05  2.29550e+00  2.07700e-01
1.30572e+05  2.29600e+00  2.01400e-01
1.30543e+05  2.29650e+00  2.11200e-01
1.30515e+05  2.29700e+00  2.14800e-01
1.30486e+05  2.29750e+00  2.15900e-01
1.30458e+05  2.29800e+00  2.07700e-01
1.30430e+05  2.29850e+00  1.85400e-01
1.30401e+05  2.29900e+00  2.00500e-01
1.30373e+05  2.29950e+00  1.99100e-01
1.30345e+05  2.30000e+00  1.96400e-01
1.30316e+05  2.30050e+00  1.96900e-01
1.30288e+05  2.30100e+00  2.00500e-01
1.30260e+05  2.30150e+00  2.11800e-01
1.30231e+05  2.30200e+00  2.06800e-01
1.30203e+05  2.30250e+00  2.05200e-01
1.30175e+05  2.30300e+00  2.08800e-01
1.30146e+05  2.30350e+00  1.94000e-01
1.30118e+05  2.30400e+00  1.98400e-01
1.30090e+05  2.30450e+00  1.83500e-01
1.30062e+05  2.30500e+00  2.02100e-01
1.30034e+05  2.30550e+00  1.96200e-01
1.30005e+05  2.30600e+00  2.02500e-01
1.29977e+05  2.30650e+00  1.99800e-01
1.29949e+05  2.30700e+00  2.06800e-01
1.29921e+05  2.30750e+00  1.74500e-01
1.29893e+05  2.30800e+00  2.06300e-01
1.29865e+05  2.30850e+00  2.08900e-01
1.29836e+05  2.30900e+00  2.04300e-01
1.29808e+05  2.30950e+00  2.03200e-01
1.29780e+05  2.31000e+00  2.05200e-01
1.29752e+05  2.31050e+00  2.11200e-01
1.29724e+05  2.31100e+00  2.11500e-01
1.29696e+05  2.31150e+00  2.11100e-01
1.29668e+05  2.31200e+00  2.05700e-01
1.29640e+05  2.31250e+00  2.10200e-01
1.29612e+05  2.31300e+00  2.11400e-01
1.29584e+05  2.31350e+00  2.11500e-01
1.29556e+05  2.31400e+00  2.11500e-01
1.29528e+05  2.31450e+00  2.11500e-01
1.29500e+05  2.31500e+00  2.10900e-01
1.29472e+05  2.31550e+00  2.10600e-01
1.29444e+05  2.31600e+00  1.93300e-01
1.29416e+05  2.31650e+00  1.84600e-01
1.29388e+05  2.31700e+00  1.46300e-01
1.29360e+05  2.31750e+00  1.78100e-01
1.29332e+05  2.31800e+00  1.76000e-01
1.29304e+05  2.31850e+00  1.80600e-01
1.29277e+05  2.31900e+00  1.99900e-01
1.29249e+05  2.31950e+00  1.95600e-01
1.29221e+05  2.32000e+00  2.00300e-01
1.29193e+05  2.32050e+00  2.04500e-01
1.29165e+05  2.32100e+00  2.02500e-01
1.29137e+05  2.32150e+00  2.06200e-01
1.29110e+05  2.32200e+00  1.96700e-01
1.29082e+05  2.32250e+00  2.01200e-01
1.29054e+05  2.32300e+00  2.05900e-01
1.29026e+05  2.32350e+00  2.11100e-01
1.28998e+05  2.32400e+00  2.06400e-01
1.28971e+05  2.32450e+00  2.13400e-01
1.28943e+05  2.32500e+00  2.12400e-01
1.28915e+05  2.32550e+00  1.95300e-01
1.28888e+05  2.32600e+00  2.14600e-01
1.28860e+05  2.32650e+00  2.05200e-01
1.28832e+05  2.32700e+00  2.15100e-01
1.28804e+05  2.32750e+00  2.16000e-01
1.28777e+05  2.32800e+00  2.17000e-01
1.28749e+05  2.32850e+00  1.77200e-01
1.28722e+05  2.32900e+00  2.10600e-01
1.28694e+05  2.32950e+00  2.10900e-01
1.28666e+05  2.33000e+00  2.18400e-01
1.28639e+05  2.33050e+00  2.18500e-01
1.28611e+05  2.33100e+00  2.09600e-01
1.28584e+05  2.33150e+00  2.10300e-01
1.28556e+05  2.33200e+00  2.08300e-01
1.28528e+05  2.33250e+00  2.14200e-01
1.28501e+05  2.33300e+00  2.17000e-01
1.28473e+05  2.33350e+00  2.18800e-01
1.28446e+05  2.33400e+00  2.07100e-01
1.28418e+05  2.33450e+00  2.14900e-01
1.28391e+05  2.33500e+00  2.07200e-01
1.28363e+05  2.33550e+00  2.20100e-01
1.28336e+05  2.33600e+00  2.04700e-01
1.28308e+05  2.33650e+00  2.20300e-01
1.28281e+05  2.33700e+00  2.22300e-01
1.28253e+05  2.33750e+00  2.20700e-01
1.28226e+05  2.33800e+00  2.16500e-01
1.28199e+05  2.33850e+00  2.07900e-01
1.28171e+05  2.33900e+00  2.17100e-01
1.28144e+05  2.33950e+00  2.13800e-01
1.28116e+05  2.34000e+00  1.88300e-01
1.28089e+05  2.34050e+00  2.04800e-01
1.28062e+05  2.34100e+00  2.06800e-01
1.28034e+05  2.34150e+00  2.10200e-01
1.28007e+05  2.34200e+00  2.14700e-01
1.27980e+05  2.34250e+00  2.19400e-01
1.27952e+05  2.34300e+00  2.22600e-01
1.27925e+05  2.34350e+00  2.14100e-01
1.27898e+05  2.34400e+00  2.22300e-01
1.27871e+05  2.34450e+00  2.20800e-01
1.27843e+05  2.34500e+00  2.10600e-01
1.27816e+05  2.34550e+00  2.14000e-01
1.27789e+05  2.34600e+00  2.19300e-01
1.27762e+05  2.34650e+00  2.11500e-01
1.27734e+05  2.34700e+00  2.17200e-01
1.27707e+05  2.34750e+00  2.05300e-01
1.27680e+05  2.34800e+00  1.97900e-01
1.27653e+05  2.34850e+00  2.06600e-01
1.27626e+05  2.34900e+00  2.21600e-01
1.27598e+05  2.34950e+00  2.18500e-01
1.27571e+05  2.35000e+00  2.18400e-01
1.27544e+05  2.35050e+00  1.93600e-01
1.27517e+05  2.35100e+00  1.80800e-01
1.27490e+05  2.35150e+00  2.16200e-01
1.27463e+05  2.35200e+00  2.10700e-01
1.27436e+05  2.35250e+00  1.86600e-01
1.27409e+05  2.35300e+00  2.20700e-01
1.27382e+05  2.35350e+00  1.89200e-01
1.27354e+05  2.35400e+00  2.24700e-01
1.27327e+05  2.35450e+00  2.16800e-01
1.27300e+05  2.35500e+00  2.13900e-01
1.27273e+05  2.35550e+00  2.18800e-01
1.27246e+05  2.35600e+00  1.65200e-01
1.27219e+05  2.35650e+00  2.16900e-01
1.27192e+05  2.35700e+00  2.16800e-01
1.27165e+05  2.35750e+00  2.15100e-01
1.27138e+05  2.35800e+00  2.09000e-01
1.27111e+05  2.35850e+00  1.81800e-01
1.27085e+05  2.35900e+00  1.76800e-01
1.27058e+05  2.35950e+00  2.16300e-01
1.27031e+05  2.36000e+00  2.14400e-01
1.27004e+05  2.36050e+00  2.12800e-01
1.26977e+05  2.36100e+00  2.11500e-01
1.26950e+05  2.36150e+00  1.82900e-01
1.26923e+05  2.36200e+00  2.02400e-01
1.26896e+05  2.36250e+00  2.06400e-01
1.26869e+05  2.36300e+00  2.04900e-01
1.26843e+05  2.36350e+00  2.02000e-01
1.26816e+05  2.36400e+00  1.81800e-01
1.26789e+05  2.36450e+00  1.80100e-01
1.26762e+05  2.36500e+00  1.96200e-01
1.26735e+05  2.36550e+00  1.95200e-01
1.26709e+05  2.36600e+00  1.89900e-01
1.26682e+05  2.36650e+00  1.87500e-01
1.26655e+05  2.36700e+00  1.85500e-01
1.26628e+05  2.36750e+00  1.52200e-01
1.26602e+05  2.36800e+00  1.78800e-01
1.26575e+05  2.36850e+00  1.77100e-01
1.26548e+05  2.36900e+00  1.63700e-01
1.26521e+05  2.36950e+00  1.76700e-01
1.26495e+05  2.37000e+00  1.51600e-01
1.26468e+05  2.37050e+00  9.35000e-02
1.26441e+05  2.37100e+00  1.26200e-01
1.26415e+05  2.37150e+00  1.17100e-01
1.26388e+05  2.37200e+00  1.44100e-01
1.26361e+05  2.37250e+00  1.42100e-01
1.26335e+05  2.37300e+00  1.49300e-01
1.26308e+05  2.37350e+00  1.50300e-01
1.26282e+05  2.37400e+00  1.55100e-01
1.26255e+05  2.37450e+00  1.51200e-01
1.26228e+05  2.37500e+00  1.45700e-01
1.26202e+05  2.37550e+00  1.46900e-01
1.26175e+05  2.37600e+00  1.44500e-01
1.26149e+05  2.37650e+00  1.30200e-01
1.26122e+05  2.37700e+00  1.25600e-01
1.26096e+05  2.37750e+00  1.36000e-01
1.26069e+05  2.37800e+00  1.26100e-01
1.26043e+05  2.37850e+00  1.29600e-01
1.26016e+05  2.37900e+00  1.34000e-01
1.25990e+05  2.37950e+00  1.30600e-01
1.25963e+05  2.38000e+00  1.18400e-01
1.25937e+05  2.38050e+00  1.14000e-01
1.25910e+05  2.38100e+00  1.24800e-01
1.25884e+05  2.38150e+00  1.23700e-01
1.25857e+05  2.38200e+00  1.22100e-01
1.25831e+05  2.38250e+00  1.18300e-01
1.25805e+05  2.38300e+00  1.01800e-01
1.25778e+05  2.38350e+00  9.79000e-02
1.25752e+05  2.38400e+00  7.79000e-02
1.25726e+05  2.38450e+00  1.03300e-01
1.25699e+05  2.38500e+00  1.08800e-01
1.25673e+05  2.38550e+00  1.06200e-01
1.25646e+05  2.38600e+00  8.45000e-02
1.25620e+05  2.38650e+00  9.22000e-02
1.25594e+05  2.38700e+00  1.00200e-01
1.25568e+05  2.38750e+00  9.01000e-02
1.25541e+05  2.38800e+00  8.23000e-02
1.25515e+05  2.38850e+00  9.39000e-02
1.25489e+05  2.38900e+00  9.38000e-02
1.25462e+05  2.38950e+00  9.03000e-02
1.25436e+05  2.39000e+00  8.22000e-02
1.25410e+05  2.39050e+00  8.76000e-02
1.25384e+05  2.39100e+00  7.98000e-02
1.25357e+05  2.39150e+00  5.04000e-02
1.25331e+05  2.39200e+00  8.23000e-02
1.25305e+05  2.39250e+00  8.02000e-02
1.25279e+05  2.39300e+00  7.78000e-02
1.25253e+05  2.39350e+00  7.50000e-02
1.25227e+05  2.39400e+00  7.53000e-02
1.25200e+05  2.39450e+00  7.10000e-02
1.25174e+05  2.39500e+00  6.99000e-02
1.25148e+05  2.39550e+00  6.75000e-02
1.25122e+05  2.39600e+00  6.93000e-02
1.25096e+05  2.39650e+00  5.96000e-02
1.25070e+05  2.39700e+00  5.99000e-02
1.25044e+05  2.39750e+00  6.19000e-02
1.25018e+05  2.39800e+00  6.20000e-02
1.24992e+05  2.39850e+00  6.20000e-02
1.24966e+05  2.39900e+00  5.92000e-02
1.24940e+05  2.39950e+00  5.80000e-02
1.24914e+05  2.40000e+00  5.77000e-02
1.24888e+05  2.40050e+00  4.95000e-02
1.24861e+05  2.40100e+00  5.57000e-02
1.24836e+05  2.40150e+00  5.47000e-02
1.24810e+05  2.40200e+00  5.23000e-02
1.24784e+05  2.40250e+00  5.18000e-02
1.24758e+05  2.40300e+00  5.04000e-02
1.24732e+05  2.40350e+00  4.95000e-02
1.24706e+05  2.40400e+00  4.28000e-02
1.24680e+05  2.40450e+00  4.02000e-02
1.24654e+05  2.40500e+00  4.62000e-02
1.24628e+05  2.40550e+00  4.35000e-02
1.24602e+05  2.40600e+00  4.23000e-02
1.24576e+05  2.40650e+00  4.28000e-02
1.24550e+05  2.40700e+00  3.20000e-02
1.24524e+05  2.40750e+00  3.73000e-02
1.24499e+05  2.40800e+00  3.85000e-02
1.24473e+05  2.40850e+00  3.93000e-02
1.24447e+05  2.40900e+00  3.74000e-02
1.24421e+05  2.40950e+00  3.60000e-02
1.24395e+05  2.41000e+00  2.85000e-02
1.24369e+05  2.41050e+00  3.51000e-02
1.24344e+05  2.41100e+00  3.47000e-02
1.24318e+05  2.41150e+00  3.26000e-02
1.24292e+05  2.41200e+00  3.13000e-02
1.24266e+05  2.41250e+00  3.18000e-02
1.24241e+05  2.41300e+00  3.13000e-02
1.24215e+05  2.41350e+00  3.00000e-02
1.24189e+05  2.41400e+00  2.80000e-02
1.24163e+05  2.41450e+00  2.41000e-02
1.24138e+05  2.41500e+00  2.80000e-02
1.24112e+05  2.41550e+00  2.63000e-02
1.24086e+05  2.41600e+00  1.46000e-02
1.24061e+05  2.41650e+00  2.37000e-02
1.24035e+05  2.41700e+00  2.51000e-02
1.24009e+05  2.41750e+00  2.42000e-02
1.23984e+05  2.41800e+00  2.36000e-02
1.23958e+05  2.41850e+00  1.36000e-02
1.23932e+05  2.41900e+00  1.52000e-02
1.23907e+05  2.41950e+00  1.61000e-02
1.23881e+05  2.42000e+00  2.11000e-02
1.23856e+05  2.42050e+00  2.09000e-02
1.23830e+05  2.42100e+00  2.03000e-02
1.23804e+05  2.42150e+00  1.98000e-02
1.23779e+05  2.42200e+00  1.80000e-02
1.23753e+05  2.42250e+00  1.86000e-02
1.23728e+05  2.42300e+00  1.81000e-02
1.23702e+05  2.42350e+00  1.77000e-02
1.23677e+05  2.42400e+00  1.35000e-02
1.23651e+05  2.42450e+00  1.64000e-02
1.23626e+05  2.42500e+00  1.57000e-02
1.23600e+05  2.42550e+00  1.56000e-02
1.23575e+05  2.42600e+00  1.51000e-02
1.23549e+05  2.42650e+00  1.17000e-02
1.23524e+05  2.42700e+00  1.45000e-02
1.23498e+05  2.42750e+00  1.40000e-02
1.23473e+05  2.42800e+00  1.37000e-02
1.23448e+05  2.42850e+00  1.35000e-02
1.23422e+05  2.42900e+00  1.30000e-02
1.23397e+05  2.42950e+00  1.26000e-02
1.23371e+05  2.43000e+00  1.22000e-02
1.23346e+05  2.43050e+00  1.20000e-02
1.23321e+05  2.43100e+00  1.16000e-02
1.23295e+05  2.43150e+00  1.13000e-02
1.23270e+05  2.43200e+00  1.10000e-02
1.23245e+05  2.43250e+00  1.06000e-02
1.23219e+05  2.43300e+00  9.90000e-03
1.23194e+05  2.43350e+00  8.10000e-03
1.23169e+05  2.43400e+00  9.70000e-03
1.23143e+05  2.43450e+00  9.10000e-03
1.23118e+05  2.43500e+00  7.40000e-03
