WHT_G
frq          wvl          transmission
[GHz]        [micron]                 
7.88928e+05  3.80000e-01  3.70000e-05
7.87891e+05  3.80500e-01  3.70000e-05
7.86857e+05  3.81000e-01  3.80000e-05
7.85826e+05  3.81500e-01  3.40000e-05
7.84797e+05  3.82000e-01  3.20000e-05
7.83771e+05  3.82500e-01  3.10000e-05
7.82748e+05  3.83000e-01  3.00000e-05
7.81727e+05  3.83500e-01  3.40000e-05
7.80710e+05  3.84000e-01  3.30000e-05
7.79694e+05  3.84500e-01  3.30000e-05
7.78682e+05  3.85000e-01  3.90000e-05
7.77672e+05  3.85500e-01  4.40000e-05
7.76664e+05  3.86000e-01  3.70000e-05
7.75660e+05  3.86500e-01  4.70000e-05
7.74658e+05  3.87000e-01  5.00000e-05
7.73658e+05  3.87500e-01  5.30000e-05
7.72661e+05  3.88000e-01  5.00000e-05
7.71667e+05  3.88500e-01  4.80000e-05
7.70675e+05  3.89000e-01  4.60000e-05
7.69685e+05  3.89500e-01  4.60000e-05
7.68699e+05  3.90000e-01  3.40000e-05
7.67714e+05  3.90500e-01  3.60000e-05
7.66733e+05  3.91000e-01  3.90000e-05
7.65753e+05  3.91500e-01  3.20000e-05
7.64777e+05  3.92000e-01  3.20000e-05
7.63802e+05  3.92500e-01  3.60000e-05
7.62831e+05  3.93000e-01  2.70000e-05
7.61861e+05  3.93500e-01  3.30000e-05
7.60895e+05  3.94000e-01  3.50000e-05
7.59930e+05  3.94500e-01  4.50000e-05
7.58968e+05  3.95000e-01  4.50000e-05
7.58009e+05  3.95500e-01  4.60000e-05
7.57052e+05  3.96000e-01  5.40000e-05
7.56097e+05  3.96500e-01  6.70000e-05
7.55145e+05  3.97000e-01  7.70000e-05
7.54195e+05  3.97500e-01  8.80000e-05
7.53247e+05  3.98000e-01  1.13000e-04
7.52302e+05  3.98500e-01  1.65000e-04
7.51360e+05  3.99000e-01  2.47000e-04
7.50419e+05  3.99500e-01  3.80000e-04
7.49481e+05  4.00000e-01  5.59000e-04
7.48545e+05  4.00500e-01  8.41000e-04
7.47612e+05  4.01000e-01  1.24300e-03
7.46681e+05  4.01500e-01  1.81700e-03
7.45752e+05  4.02000e-01  2.59500e-03
7.44826e+05  4.02500e-01  3.67300e-03
7.43902e+05  4.03000e-01  5.18200e-03
7.42980e+05  4.03500e-01  7.22300e-03
7.42061e+05  4.04000e-01  9.86100e-03
7.41143e+05  4.04500e-01  1.33560e-02
7.40228e+05  4.05000e-01  1.79960e-02
7.39316e+05  4.05500e-01  2.38100e-02
7.38405e+05  4.06000e-01  3.08570e-02
7.37497e+05  4.06500e-01  3.94830e-02
7.36591e+05  4.07000e-01  4.92720e-02
7.35687e+05  4.07500e-01  6.01490e-02
7.34785e+05  4.08000e-01  7.13770e-02
7.33886e+05  4.08500e-01  8.29420e-02
7.32989e+05  4.09000e-01  9.42760e-02
7.32094e+05  4.09500e-01  1.04757e-01
7.31201e+05  4.10000e-01  1.14280e-01
7.30310e+05  4.10500e-01  1.23480e-01
7.29422e+05  4.11000e-01  1.32056e-01
7.28536e+05  4.11500e-01  1.40612e-01
7.27652e+05  4.12000e-01  1.49236e-01
7.26770e+05  4.12500e-01  1.58627e-01
7.25890e+05  4.13000e-01  1.69260e-01
7.25012e+05  4.13500e-01  1.80906e-01
7.24136e+05  4.14000e-01  1.94133e-01
7.23263e+05  4.14500e-01  2.09423e-01
7.22391e+05  4.15000e-01  2.26967e-01
7.21522e+05  4.15500e-01  2.46870e-01
7.20655e+05  4.16000e-01  2.68198e-01
7.19790e+05  4.16500e-01  2.91640e-01
7.18927e+05  4.17000e-01  3.16533e-01
7.18066e+05  4.17500e-01  3.41305e-01
7.17207e+05  4.18000e-01  3.65917e-01
7.16350e+05  4.18500e-01  3.89265e-01
7.15495e+05  4.19000e-01  4.10611e-01
7.14642e+05  4.19500e-01  4.28793e-01
7.13792e+05  4.20000e-01  4.42993e-01
7.12943e+05  4.20500e-01  4.53560e-01
7.12096e+05  4.21000e-01  4.61331e-01
7.11251e+05  4.21500e-01  4.66207e-01
7.10409e+05  4.22000e-01  4.69095e-01
7.09568e+05  4.22500e-01  4.71039e-01
7.08729e+05  4.23000e-01  4.72694e-01
7.07892e+05  4.23500e-01  4.75006e-01
7.07058e+05  4.24000e-01  4.78573e-01
7.06225e+05  4.24500e-01  4.83855e-01
7.05394e+05  4.25000e-01  4.91113e-01
7.04565e+05  4.25500e-01  5.00319e-01
7.03738e+05  4.26000e-01  5.12030e-01
7.02913e+05  4.26500e-01  5.25187e-01
7.02090e+05  4.27000e-01  5.39909e-01
7.01269e+05  4.27500e-01  5.57117e-01
7.00450e+05  4.28000e-01  5.74526e-01
6.99632e+05  4.28500e-01  5.92670e-01
6.98817e+05  4.29000e-01  6.10901e-01
6.98003e+05  4.29500e-01  6.27883e-01
6.97192e+05  4.30000e-01  6.42640e-01
6.96382e+05  4.30500e-01  6.56924e-01
6.95574e+05  4.31000e-01  6.67669e-01
6.94768e+05  4.31500e-01  6.76522e-01
6.93964e+05  4.32000e-01  6.83029e-01
6.93162e+05  4.32500e-01  6.87089e-01
6.92361e+05  4.33000e-01  6.89485e-01
6.91563e+05  4.33500e-01  6.90813e-01
6.90766e+05  4.34000e-01  6.90628e-01
6.89971e+05  4.34500e-01  6.90472e-01
6.89178e+05  4.35000e-01  6.90858e-01
6.88387e+05  4.35500e-01  6.91076e-01
6.87597e+05  4.36000e-01  6.93134e-01
6.86810e+05  4.36500e-01  6.95537e-01
6.86024e+05  4.37000e-01  6.99543e-01
6.85240e+05  4.37500e-01  7.03935e-01
6.84458e+05  4.38000e-01  7.09774e-01
6.83677e+05  4.38500e-01  7.16410e-01
6.82899e+05  4.39000e-01  7.23058e-01
6.82122e+05  4.39500e-01  7.30985e-01
6.81346e+05  4.40000e-01  7.38461e-01
6.80573e+05  4.40500e-01  7.45700e-01
6.79801e+05  4.41000e-01  7.52328e-01
6.79032e+05  4.41500e-01  7.57676e-01
6.78263e+05  4.42000e-01  7.62572e-01
6.77497e+05  4.42500e-01  7.66481e-01
6.76732e+05  4.43000e-01  7.69120e-01
6.75969e+05  4.43500e-01  7.70752e-01
6.75208e+05  4.44000e-01  7.72026e-01
6.74449e+05  4.44500e-01  7.71923e-01
6.73691e+05  4.45000e-01  7.71838e-01
6.72935e+05  4.45500e-01  7.72325e-01
6.72180e+05  4.46000e-01  7.72092e-01
6.71428e+05  4.46500e-01  7.72285e-01
6.70677e+05  4.47000e-01  7.73840e-01
6.69927e+05  4.47500e-01  7.75316e-01
6.69180e+05  4.48000e-01  7.76836e-01
6.68434e+05  4.48500e-01  7.80107e-01
6.67689e+05  4.49000e-01  7.82698e-01
6.66947e+05  4.49500e-01  7.86718e-01
6.66205e+05  4.50000e-01  7.91555e-01
6.65466e+05  4.50500e-01  7.96301e-01
6.64728e+05  4.51000e-01  8.01101e-01
6.63992e+05  4.51500e-01  8.06230e-01
6.63258e+05  4.52000e-01  8.10167e-01
6.62525e+05  4.52500e-01  8.13785e-01
6.61794e+05  4.53000e-01  8.17557e-01
6.61064e+05  4.53500e-01  8.19469e-01
6.60336e+05  4.54000e-01  8.21307e-01
6.59609e+05  4.54500e-01  8.22284e-01
6.58885e+05  4.55000e-01  8.22605e-01
6.58161e+05  4.55500e-01  8.22501e-01
6.57440e+05  4.56000e-01  8.21531e-01
6.56720e+05  4.56500e-01  8.21127e-01
6.56001e+05  4.57000e-01  8.19301e-01
6.55284e+05  4.57500e-01  8.19198e-01
6.54569e+05  4.58000e-01  8.18487e-01
6.53855e+05  4.58500e-01  8.17937e-01
6.53143e+05  4.59000e-01  8.18311e-01
6.52432e+05  4.59500e-01  8.18840e-01
6.51723e+05  4.60000e-01  8.20407e-01
6.51015e+05  4.60500e-01  8.22879e-01
6.50309e+05  4.61000e-01  8.25421e-01
6.49604e+05  4.61500e-01  8.27925e-01
6.48901e+05  4.62000e-01  8.31020e-01
6.48200e+05  4.62500e-01  8.34992e-01
6.47500e+05  4.63000e-01  8.38357e-01
6.46801e+05  4.63500e-01  8.42026e-01
6.46104e+05  4.64000e-01  8.46070e-01
6.45409e+05  4.64500e-01  8.48674e-01
6.44715e+05  4.65000e-01  8.51540e-01
6.44022e+05  4.65500e-01  8.53807e-01
6.43331e+05  4.66000e-01  8.55627e-01
6.42642e+05  4.66500e-01  8.57111e-01
6.41954e+05  4.67000e-01  8.57711e-01
6.41267e+05  4.67500e-01  8.57818e-01
6.40582e+05  4.68000e-01  8.57497e-01
6.39899e+05  4.68500e-01  8.57498e-01
6.39216e+05  4.69000e-01  8.56433e-01
6.38536e+05  4.69500e-01  8.55333e-01
6.37856e+05  4.70000e-01  8.55089e-01
6.37178e+05  4.70500e-01  8.53583e-01
6.36502e+05  4.71000e-01  8.53652e-01
6.35827e+05  4.71500e-01  8.53199e-01
6.35154e+05  4.72000e-01  8.52810e-01
6.34481e+05  4.72500e-01  8.53522e-01
6.33811e+05  4.73000e-01  8.54418e-01
6.33141e+05  4.73500e-01  8.54940e-01
6.32474e+05  4.74000e-01  8.56354e-01
6.31807e+05  4.74500e-01  8.57859e-01
6.31142e+05  4.75000e-01  8.59859e-01
6.30478e+05  4.75500e-01  8.61693e-01
6.29816e+05  4.76000e-01  8.64549e-01
6.29155e+05  4.76500e-01  8.66703e-01
6.28496e+05  4.77000e-01  8.69236e-01
6.27838e+05  4.77500e-01  8.71253e-01
6.27181e+05  4.78000e-01  8.72726e-01
6.26526e+05  4.78500e-01  8.74970e-01
6.25872e+05  4.79000e-01  8.77253e-01
6.25219e+05  4.79500e-01  8.78825e-01
6.24568e+05  4.80000e-01  8.79714e-01
6.23918e+05  4.80500e-01  8.81553e-01
6.23269e+05  4.81000e-01  8.82900e-01
6.22622e+05  4.81500e-01  8.84009e-01
6.21976e+05  4.82000e-01  8.85191e-01
6.21332e+05  4.82500e-01  8.85840e-01
6.20688e+05  4.83000e-01  8.86124e-01
6.20046e+05  4.83500e-01  8.87568e-01
6.19406e+05  4.84000e-01  8.87509e-01
6.18767e+05  4.84500e-01  8.88580e-01
6.18129e+05  4.85000e-01  8.89516e-01
6.17492e+05  4.85500e-01  8.90010e-01
6.16857e+05  4.86000e-01  8.91244e-01
6.16223e+05  4.86500e-01  8.91589e-01
6.15590e+05  4.87000e-01  8.92293e-01
6.14959e+05  4.87500e-01  8.92628e-01
6.14329e+05  4.88000e-01  8.93523e-01
6.13700e+05  4.88500e-01  8.93639e-01
6.13073e+05  4.89000e-01  8.93779e-01
6.12446e+05  4.89500e-01  8.93372e-01
6.11821e+05  4.90000e-01  8.92220e-01
6.11198e+05  4.90500e-01  8.91587e-01
6.10575e+05  4.91000e-01  8.91311e-01
6.09954e+05  4.91500e-01  8.89823e-01
6.09334e+05  4.92000e-01  8.88613e-01
6.08716e+05  4.92500e-01  8.87419e-01
6.08098e+05  4.93000e-01  8.86195e-01
6.07482e+05  4.93500e-01  8.84693e-01
6.06867e+05  4.94000e-01  8.83677e-01
6.06254e+05  4.94500e-01  8.83167e-01
6.05641e+05  4.95000e-01  8.81634e-01
6.05030e+05  4.95500e-01  8.81430e-01
6.04420e+05  4.96000e-01  8.81868e-01
6.03812e+05  4.96500e-01  8.82130e-01
6.03204e+05  4.97000e-01  8.83048e-01
6.02598e+05  4.97500e-01  8.83610e-01
6.01993e+05  4.98000e-01  8.85616e-01
6.01389e+05  4.98500e-01  8.86481e-01
6.00786e+05  4.99000e-01  8.88768e-01
6.00185e+05  4.99500e-01  8.90088e-01
5.99585e+05  5.00000e-01  8.92166e-01
5.98986e+05  5.00500e-01  8.93683e-01
5.98388e+05  5.01000e-01  8.95275e-01
5.97792e+05  5.01500e-01  8.96297e-01
5.97196e+05  5.02000e-01  8.96784e-01
5.96602e+05  5.02500e-01  8.96758e-01
5.96009e+05  5.03000e-01  8.96555e-01
5.95417e+05  5.03500e-01  8.95509e-01
5.94826e+05  5.04000e-01  8.94560e-01
5.94237e+05  5.04500e-01  8.92637e-01
5.93648e+05  5.05000e-01  8.90309e-01
5.93061e+05  5.05500e-01  8.87221e-01
5.92475e+05  5.06000e-01  8.84092e-01
5.91890e+05  5.06500e-01  8.81223e-01
5.91307e+05  5.07000e-01  8.77989e-01
5.90724e+05  5.07500e-01  8.74431e-01
5.90143e+05  5.08000e-01  8.71750e-01
5.89562e+05  5.08500e-01  8.69345e-01
5.88983e+05  5.09000e-01  8.66554e-01
5.88405e+05  5.09500e-01  8.65549e-01
5.87828e+05  5.10000e-01  8.64228e-01
5.87253e+05  5.10500e-01  8.64389e-01
5.86678e+05  5.11000e-01  8.64301e-01
5.86105e+05  5.11500e-01  8.65070e-01
5.85532e+05  5.12000e-01  8.66666e-01
5.84961e+05  5.12500e-01  8.68814e-01
5.84391e+05  5.13000e-01  8.70787e-01
5.83822e+05  5.13500e-01  8.74069e-01
5.83254e+05  5.14000e-01  8.77878e-01
5.82687e+05  5.14500e-01  8.80287e-01
5.82121e+05  5.15000e-01  8.83193e-01
5.81557e+05  5.15500e-01  8.86366e-01
5.80993e+05  5.16000e-01  8.88290e-01
5.80431e+05  5.16500e-01  8.90695e-01
5.79869e+05  5.17000e-01  8.91605e-01
5.79309e+05  5.17500e-01  8.92036e-01
5.78750e+05  5.18000e-01  8.91091e-01
5.78192e+05  5.18500e-01  8.90791e-01
5.77635e+05  5.19000e-01  8.88476e-01
5.77079e+05  5.19500e-01  8.85591e-01
5.76524e+05  5.20000e-01  8.82656e-01
5.75970e+05  5.20500e-01  8.80190e-01
5.75417e+05  5.21000e-01  8.75840e-01
5.74866e+05  5.21500e-01  8.72460e-01
5.74315e+05  5.22000e-01  8.68526e-01
5.73765e+05  5.22500e-01  8.65069e-01
5.73217e+05  5.23000e-01  8.61956e-01
5.72669e+05  5.23500e-01  8.59453e-01
5.72123e+05  5.24000e-01  8.56860e-01
5.71578e+05  5.24500e-01  8.56051e-01
5.71033e+05  5.25000e-01  8.54916e-01
5.70490e+05  5.25500e-01  8.54507e-01
5.69948e+05  5.26000e-01  8.55329e-01
5.69406e+05  5.26500e-01  8.56063e-01
5.68866e+05  5.27000e-01  8.57324e-01
5.68327e+05  5.27500e-01  8.59481e-01
5.67789e+05  5.28000e-01  8.60755e-01
5.67252e+05  5.28500e-01  8.62266e-01
5.66715e+05  5.29000e-01  8.64625e-01
5.66180e+05  5.29500e-01  8.66049e-01
5.65646e+05  5.30000e-01  8.66746e-01
5.65113e+05  5.30500e-01  8.67132e-01
5.64581e+05  5.31000e-01  8.67285e-01
5.64050e+05  5.31500e-01  8.66047e-01
5.63520e+05  5.32000e-01  8.65164e-01
5.62991e+05  5.32500e-01  8.63768e-01
5.62462e+05  5.33000e-01  8.61820e-01
5.61935e+05  5.33500e-01  8.59469e-01
5.61409e+05  5.34000e-01  8.57545e-01
5.60884e+05  5.34500e-01  8.55422e-01
5.60360e+05  5.35000e-01  8.53359e-01
5.59837e+05  5.35500e-01  8.51665e-01
5.59314e+05  5.36000e-01  8.50182e-01
5.58793e+05  5.36500e-01  8.48177e-01
5.58273e+05  5.37000e-01  8.46797e-01
5.57753e+05  5.37500e-01  8.44689e-01
5.57235e+05  5.38000e-01  8.42769e-01
5.56718e+05  5.38500e-01  8.39268e-01
5.56201e+05  5.39000e-01  8.34681e-01
5.55686e+05  5.39500e-01  8.29229e-01
5.55171e+05  5.40000e-01  8.22278e-01
5.54658e+05  5.40500e-01  8.13747e-01
5.54145e+05  5.41000e-01  8.03831e-01
5.53633e+05  5.41500e-01  7.92924e-01
5.53123e+05  5.42000e-01  7.81905e-01
5.52613e+05  5.42500e-01  7.70349e-01
5.52104e+05  5.43000e-01  7.61228e-01
5.51596e+05  5.43500e-01  7.53554e-01
5.51089e+05  5.44000e-01  7.49220e-01
5.50583e+05  5.44500e-01  7.47852e-01
5.50078e+05  5.45000e-01  7.49238e-01
5.49574e+05  5.45500e-01  7.52550e-01
5.49070e+05  5.46000e-01  7.53539e-01
5.48568e+05  5.46500e-01  7.48517e-01
5.48067e+05  5.47000e-01  7.28527e-01
5.47566e+05  5.47500e-01  6.86342e-01
5.47067e+05  5.48000e-01  6.22398e-01
5.46568e+05  5.48500e-01  5.35927e-01
5.46070e+05  5.49000e-01  4.37038e-01
5.45573e+05  5.49500e-01  3.39797e-01
5.45077e+05  5.50000e-01  2.53738e-01
5.44582e+05  5.50500e-01  1.82523e-01
5.44088e+05  5.51000e-01  1.29199e-01
5.43595e+05  5.51500e-01  8.97470e-02
5.43102e+05  5.52000e-01  6.35940e-02
5.42611e+05  5.52500e-01  4.47270e-02
5.42120e+05  5.53000e-01  3.17920e-02
5.41630e+05  5.53500e-01  2.29740e-02
5.41142e+05  5.54000e-01  1.68980e-02
5.40654e+05  5.54500e-01  1.24540e-02
5.40167e+05  5.55000e-01  9.34200e-03
5.39680e+05  5.55500e-01  7.01100e-03
5.39195e+05  5.56000e-01  5.37900e-03
5.38711e+05  5.56500e-01  4.15600e-03
5.38227e+05  5.57000e-01  3.21800e-03
5.37744e+05  5.57500e-01  2.51900e-03
5.37262e+05  5.58000e-01  1.99500e-03
5.36781e+05  5.58500e-01  1.58100e-03
5.36301e+05  5.59000e-01  1.27200e-03
5.35822e+05  5.59500e-01  1.00800e-03
5.35344e+05  5.60000e-01  8.30000e-04
5.34866e+05  5.60500e-01  6.75000e-04
5.34389e+05  5.61000e-01  5.44000e-04
5.33914e+05  5.61500e-01  4.51000e-04
5.33439e+05  5.62000e-01  3.72000e-04
5.32964e+05  5.62500e-01  3.13000e-04
5.32491e+05  5.63000e-01  2.59000e-04
5.32019e+05  5.63500e-01  2.20000e-04
5.31547e+05  5.64000e-01  1.91000e-04
5.31076e+05  5.64500e-01  1.53000e-04
5.30606e+05  5.65000e-01  1.31000e-04
5.30137e+05  5.65500e-01  1.13000e-04
5.29669e+05  5.66000e-01  9.90000e-05
5.29201e+05  5.66500e-01  8.50000e-05
5.28734e+05  5.67000e-01  7.20000e-05
5.28269e+05  5.67500e-01  6.00000e-05
5.27804e+05  5.68000e-01  5.50000e-05
5.27339e+05  5.68500e-01  4.60000e-05
5.26876e+05  5.69000e-01  2.90000e-05
5.26413e+05  5.69500e-01  3.90000e-05
5.25952e+05  5.70000e-01  3.20000e-05
5.25491e+05  5.70500e-01  2.40000e-05
5.25031e+05  5.71000e-01  2.50000e-05
5.24571e+05  5.71500e-01  1.70000e-05
5.24113e+05  5.72000e-01  1.00000e-05
5.23655e+05  5.72500e-01  1.60000e-05
5.23198e+05  5.73000e-01  1.70000e-05
5.22742e+05  5.73500e-01  1.90000e-05
5.22287e+05  5.74000e-01  9.00000e-06
5.21832e+05  5.74500e-01  4.00000e-06
5.21378e+05  5.75000e-01  1.10000e-05
5.20925e+05  5.75500e-01  7.00000e-06
5.20473e+05  5.76000e-01  5.00000e-06
5.20022e+05  5.76500e-01  4.00000e-06
5.19571e+05  5.77000e-01  3.00000e-06
5.19121e+05  5.77500e-01  2.00000e-06
5.18672e+05  5.78000e-01  -2.00000e-06
5.18224e+05  5.78500e-01  5.00000e-06
5.17776e+05  5.79000e-01  3.00000e-06
5.17330e+05  5.79500e-01  6.00000e-06
5.16884e+05  5.80000e-01  6.00000e-06
