WHT_R
frq          wvl          transmission
[GHz]        [micron]                 
5.99585e+05  5.00000e-01  9.00000e-06
5.98986e+05  5.00500e-01  1.20000e-05
5.98388e+05  5.01000e-01  2.00000e-05
5.97792e+05  5.01500e-01  1.80000e-05
5.97196e+05  5.02000e-01  8.00000e-06
5.96602e+05  5.02500e-01  1.30000e-05
5.96009e+05  5.03000e-01  1.30000e-05
5.95417e+05  5.03500e-01  1.40000e-05
5.94826e+05  5.04000e-01  7.00000e-06
5.94237e+05  5.04500e-01  9.00000e-06
5.93648e+05  5.05000e-01  6.00000e-06
5.93061e+05  5.05500e-01  1.00000e-05
5.92475e+05  5.06000e-01  1.00000e-05
5.91890e+05  5.06500e-01  1.00000e-05
5.91307e+05  5.07000e-01  5.00000e-06
5.90724e+05  5.07500e-01  9.00000e-06
5.90143e+05  5.08000e-01  1.10000e-05
5.89562e+05  5.08500e-01  1.00000e-05
5.88983e+05  5.09000e-01  1.10000e-05
5.88405e+05  5.09500e-01  7.00000e-06
5.87828e+05  5.10000e-01  8.00000e-06
5.87253e+05  5.10500e-01  1.00000e-05
5.86678e+05  5.11000e-01  8.00000e-06
5.86105e+05  5.11500e-01  4.00000e-06
5.85532e+05  5.12000e-01  7.00000e-06
5.84961e+05  5.12500e-01  7.00000e-06
5.84391e+05  5.13000e-01  6.00000e-06
5.83822e+05  5.13500e-01  1.40000e-05
5.83254e+05  5.14000e-01  5.00000e-06
5.82687e+05  5.14500e-01  6.00000e-06
5.82121e+05  5.15000e-01  9.00000e-06
5.81557e+05  5.15500e-01  1.30000e-05
5.80993e+05  5.16000e-01  5.00000e-06
5.80431e+05  5.16500e-01  8.00000e-06
5.79869e+05  5.17000e-01  3.00000e-06
5.79309e+05  5.17500e-01  2.00000e-06
5.78750e+05  5.18000e-01  4.00000e-06
5.78192e+05  5.18500e-01  -1.00000e-06
5.77635e+05  5.19000e-01  4.00000e-06
5.77079e+05  5.19500e-01  3.00000e-06
5.76524e+05  5.20000e-01  -4.00000e-06
5.75970e+05  5.20500e-01  -3.00000e-06
5.75417e+05  5.21000e-01  3.00000e-06
5.74866e+05  5.21500e-01  2.00000e-06
5.74315e+05  5.22000e-01  7.00000e-06
5.73765e+05  5.22500e-01  6.00000e-06
5.73217e+05  5.23000e-01  1.30000e-05
5.72669e+05  5.23500e-01  7.00000e-06
5.72123e+05  5.24000e-01  1.10000e-05
5.71578e+05  5.24500e-01  4.00000e-06
5.71033e+05  5.25000e-01  8.00000e-06
5.70490e+05  5.25500e-01  1.40000e-05
5.69948e+05  5.26000e-01  1.20000e-05
5.69406e+05  5.26500e-01  1.00000e-05
5.68866e+05  5.27000e-01  1.50000e-05
5.68327e+05  5.27500e-01  1.30000e-05
5.67789e+05  5.28000e-01  9.00000e-06
5.67252e+05  5.28500e-01  1.10000e-05
5.66715e+05  5.29000e-01  8.00000e-06
5.66180e+05  5.29500e-01  8.00000e-06
5.65646e+05  5.30000e-01  5.00000e-06
5.65113e+05  5.30500e-01  7.00000e-06
5.64581e+05  5.31000e-01  9.00000e-06
5.64050e+05  5.31500e-01  -1.00000e-06
5.63520e+05  5.32000e-01  8.00000e-06
5.62991e+05  5.32500e-01  1.00000e-05
5.62462e+05  5.33000e-01  9.00000e-06
5.61935e+05  5.33500e-01  9.00000e-06
5.61409e+05  5.34000e-01  7.00000e-06
5.60884e+05  5.34500e-01  4.00000e-06
5.60360e+05  5.35000e-01  5.00000e-06
5.59837e+05  5.35500e-01  4.00000e-07
5.59314e+05  5.36000e-01  -2.00000e-06
5.58793e+05  5.36500e-01  -4.00000e-07
5.58273e+05  5.37000e-01  1.00000e-06
5.57753e+05  5.37500e-01  -1.00000e-06
5.57235e+05  5.38000e-01  3.00000e-06
5.56718e+05  5.38500e-01  1.00000e-06
5.56201e+05  5.39000e-01  4.00000e-06
5.55686e+05  5.39500e-01  7.00000e-06
5.55171e+05  5.40000e-01  4.00000e-06
5.54658e+05  5.40500e-01  1.00000e-05
5.54145e+05  5.41000e-01  9.00000e-06
5.53633e+05  5.41500e-01  1.00000e-05
5.53123e+05  5.42000e-01  1.10000e-05
5.52613e+05  5.42500e-01  1.10000e-05
5.52104e+05  5.43000e-01  1.20000e-05
5.51596e+05  5.43500e-01  8.00000e-06
5.51089e+05  5.44000e-01  8.00000e-06
5.50583e+05  5.44500e-01  1.10000e-05
5.50078e+05  5.45000e-01  1.10000e-05
5.49574e+05  5.45500e-01  1.20000e-05
5.49070e+05  5.46000e-01  1.10000e-05
5.48568e+05  5.46500e-01  1.70000e-05
5.48067e+05  5.47000e-01  1.90000e-05
5.47566e+05  5.47500e-01  2.70000e-05
5.47067e+05  5.48000e-01  2.90000e-05
5.46568e+05  5.48500e-01  3.60000e-05
5.46070e+05  5.49000e-01  4.80000e-05
5.45573e+05  5.49500e-01  6.70000e-05
5.45077e+05  5.50000e-01  8.70000e-05
5.44582e+05  5.50500e-01  1.27000e-04
5.44088e+05  5.51000e-01  1.80000e-04
5.43595e+05  5.51500e-01  2.59000e-04
5.43102e+05  5.52000e-01  3.60000e-04
5.42611e+05  5.52500e-01  5.19000e-04
5.42120e+05  5.53000e-01  7.31000e-04
5.41630e+05  5.53500e-01  1.04800e-03
5.41142e+05  5.54000e-01  1.49100e-03
5.40654e+05  5.54500e-01  2.09200e-03
5.40167e+05  5.55000e-01  2.90800e-03
5.39680e+05  5.55500e-01  4.07800e-03
5.39195e+05  5.56000e-01  5.55300e-03
5.38711e+05  5.56500e-01  7.57900e-03
5.38227e+05  5.57000e-01  1.01840e-02
5.37744e+05  5.57500e-01  1.35820e-02
5.37262e+05  5.58000e-01  1.78540e-02
5.36781e+05  5.58500e-01  2.32300e-02
5.36301e+05  5.59000e-01  2.96890e-02
5.35822e+05  5.59500e-01  3.78650e-02
5.35344e+05  5.60000e-01  4.70380e-02
5.34866e+05  5.60500e-01  5.82260e-02
5.34389e+05  5.61000e-01  7.10140e-02
5.33914e+05  5.61500e-01  8.56460e-02
5.33439e+05  5.62000e-01  1.01973e-01
5.32964e+05  5.62500e-01  1.19956e-01
5.32491e+05  5.63000e-01  1.39314e-01
5.32019e+05  5.63500e-01  1.61181e-01
5.31547e+05  5.64000e-01  1.83079e-01
5.31076e+05  5.64500e-01  2.06982e-01
5.30606e+05  5.65000e-01  2.31498e-01
5.30137e+05  5.65500e-01  2.57336e-01
5.29669e+05  5.66000e-01  2.83123e-01
5.29201e+05  5.66500e-01  3.09515e-01
5.28734e+05  5.67000e-01  3.35099e-01
5.28269e+05  5.67500e-01  3.61963e-01
5.27804e+05  5.68000e-01  3.87171e-01
5.27339e+05  5.68500e-01  4.13112e-01
5.26876e+05  5.69000e-01  4.23878e-01
5.26413e+05  5.69500e-01  4.62338e-01
5.25952e+05  5.70000e-01  4.85332e-01
5.25491e+05  5.70500e-01  5.07466e-01
5.25031e+05  5.71000e-01  5.28798e-01
5.24571e+05  5.71500e-01  5.49615e-01
5.24113e+05  5.72000e-01  5.68502e-01
5.23655e+05  5.72500e-01  5.86807e-01
5.23198e+05  5.73000e-01  6.04372e-01
5.22742e+05  5.73500e-01  6.20383e-01
5.22287e+05  5.74000e-01  6.35986e-01
5.21832e+05  5.74500e-01  6.50393e-01
5.21378e+05  5.75000e-01  6.63147e-01
5.20925e+05  5.75500e-01  6.75966e-01
5.20473e+05  5.76000e-01  6.86912e-01
5.20022e+05  5.76500e-01  6.97645e-01
5.19571e+05  5.77000e-01  7.07586e-01
5.19121e+05  5.77500e-01  7.17447e-01
5.18672e+05  5.78000e-01  7.25790e-01
5.18224e+05  5.78500e-01  7.33734e-01
5.17776e+05  5.79000e-01  7.41284e-01
5.17330e+05  5.79500e-01  7.47715e-01
5.16884e+05  5.80000e-01  7.54288e-01
5.16438e+05  5.80500e-01  7.60303e-01
5.15994e+05  5.81000e-01  7.65676e-01
5.15550e+05  5.81500e-01  7.70919e-01
5.15107e+05  5.82000e-01  7.74857e-01
5.14665e+05  5.82500e-01  7.79050e-01
5.14224e+05  5.83000e-01  7.83359e-01
5.13783e+05  5.83500e-01  7.87076e-01
5.13343e+05  5.84000e-01  7.90191e-01
5.12904e+05  5.84500e-01  7.92989e-01
5.12466e+05  5.85000e-01  7.95509e-01
5.12028e+05  5.85500e-01  7.98121e-01
5.11591e+05  5.86000e-01  8.00502e-01
5.11155e+05  5.86500e-01  8.02683e-01
5.10720e+05  5.87000e-01  8.04585e-01
5.10285e+05  5.87500e-01  8.06004e-01
5.09851e+05  5.88000e-01  8.07617e-01
5.09418e+05  5.88500e-01  8.09109e-01
5.08985e+05  5.89000e-01  8.10930e-01
5.08554e+05  5.89500e-01  8.11474e-01
5.08123e+05  5.90000e-01  8.12199e-01
5.07693e+05  5.90500e-01  8.14132e-01
5.07263e+05  5.91000e-01  8.14013e-01
5.06834e+05  5.91500e-01  8.15282e-01
5.06406e+05  5.92000e-01  8.16323e-01
5.05979e+05  5.92500e-01  8.16581e-01
5.05552e+05  5.93000e-01  8.17314e-01
5.05126e+05  5.93500e-01  8.17524e-01
5.04701e+05  5.94000e-01  8.18131e-01
5.04277e+05  5.94500e-01  8.17701e-01
5.03853e+05  5.95000e-01  8.18680e-01
5.03430e+05  5.95500e-01  8.18108e-01
5.03007e+05  5.96000e-01  8.18028e-01
5.02586e+05  5.96500e-01  8.18117e-01
5.02165e+05  5.97000e-01  8.18025e-01
5.01745e+05  5.97500e-01  8.17318e-01
5.01325e+05  5.98000e-01  8.17240e-01
5.00906e+05  5.98500e-01  8.16742e-01
5.00488e+05  5.99000e-01  8.17404e-01
5.00071e+05  5.99500e-01  8.16909e-01
4.99654e+05  6.00000e-01  8.16456e-01
4.99238e+05  6.00500e-01  8.15749e-01
4.98823e+05  6.01000e-01  8.15803e-01
4.98408e+05  6.01500e-01  8.15240e-01
4.97994e+05  6.02000e-01  8.14845e-01
4.97581e+05  6.02500e-01  8.14884e-01
4.97168e+05  6.03000e-01  8.14237e-01
4.96756e+05  6.03500e-01  8.13175e-01
4.96345e+05  6.04000e-01  8.13381e-01
4.95935e+05  6.04500e-01  8.11944e-01
4.95525e+05  6.05000e-01  8.11743e-01
4.95116e+05  6.05500e-01  8.11466e-01
4.94707e+05  6.06000e-01  8.10983e-01
4.94299e+05  6.06500e-01  8.09467e-01
4.93892e+05  6.07000e-01  8.09188e-01
4.93486e+05  6.07500e-01  8.08756e-01
4.93080e+05  6.08000e-01  8.07681e-01
4.92675e+05  6.08500e-01  8.07096e-01
4.92270e+05  6.09000e-01  8.06638e-01
4.91866e+05  6.09500e-01  8.05225e-01
4.91463e+05  6.10000e-01  8.05129e-01
4.91061e+05  6.10500e-01  8.03576e-01
4.90659e+05  6.11000e-01  8.03927e-01
4.90257e+05  6.11500e-01  8.02998e-01
4.89857e+05  6.12000e-01  8.01734e-01
4.89457e+05  6.12500e-01  8.01190e-01
4.89058e+05  6.13000e-01  7.99809e-01
4.88659e+05  6.13500e-01  7.99421e-01
4.88261e+05  6.14000e-01  7.97997e-01
4.87864e+05  6.14500e-01  7.97306e-01
4.87467e+05  6.15000e-01  7.96529e-01
4.87071e+05  6.15500e-01  7.94547e-01
4.86676e+05  6.16000e-01  7.93959e-01
4.86281e+05  6.16500e-01  7.93431e-01
4.85887e+05  6.17000e-01  7.92068e-01
4.85494e+05  6.17500e-01  7.90863e-01
4.85101e+05  6.18000e-01  7.89688e-01
4.84709e+05  6.18500e-01  7.88429e-01
4.84317e+05  6.19000e-01  7.87444e-01
4.83926e+05  6.19500e-01  7.85785e-01
4.83536e+05  6.20000e-01  7.85285e-01
4.83147e+05  6.20500e-01  7.83948e-01
4.82758e+05  6.21000e-01  7.82283e-01
4.82369e+05  6.21500e-01  7.81064e-01
4.81981e+05  6.22000e-01  7.79829e-01
4.81594e+05  6.22500e-01  7.79070e-01
4.81208e+05  6.23000e-01  7.77910e-01
4.80822e+05  6.23500e-01  7.75846e-01
4.80437e+05  6.24000e-01  7.74834e-01
4.80052e+05  6.24500e-01  7.73605e-01
4.79668e+05  6.25000e-01  7.72342e-01
4.79285e+05  6.25500e-01  7.70943e-01
4.78902e+05  6.26000e-01  7.70157e-01
4.78519e+05  6.26500e-01  7.68591e-01
4.78138e+05  6.27000e-01  7.66835e-01
4.77757e+05  6.27500e-01  7.65476e-01
4.77377e+05  6.28000e-01  7.64472e-01
4.76997e+05  6.28500e-01  7.64014e-01
4.76618e+05  6.29000e-01  7.61860e-01
4.76239e+05  6.29500e-01  7.60995e-01
4.75861e+05  6.30000e-01  7.59284e-01
4.75484e+05  6.30500e-01  7.57476e-01
4.75107e+05  6.31000e-01  7.56784e-01
4.74731e+05  6.31500e-01  7.55925e-01
4.74355e+05  6.32000e-01  7.54263e-01
4.73980e+05  6.32500e-01  7.53110e-01
4.73606e+05  6.33000e-01  7.50859e-01
4.73232e+05  6.33500e-01  7.49788e-01
4.72859e+05  6.34000e-01  7.48664e-01
4.72486e+05  6.34500e-01  7.47497e-01
4.72114e+05  6.35000e-01  7.45889e-01
4.71743e+05  6.35500e-01  7.44721e-01
4.71372e+05  6.36000e-01  7.43151e-01
4.71002e+05  6.36500e-01  7.41838e-01
4.70632e+05  6.37000e-01  7.40178e-01
4.70263e+05  6.37500e-01  7.38934e-01
4.69894e+05  6.38000e-01  7.37017e-01
4.69526e+05  6.38500e-01  7.35688e-01
4.69159e+05  6.39000e-01  7.33922e-01
4.68792e+05  6.39500e-01  7.32441e-01
4.68426e+05  6.40000e-01  7.31513e-01
4.68060e+05  6.40500e-01  7.29428e-01
4.67695e+05  6.41000e-01  7.27579e-01
4.67330e+05  6.41500e-01  7.25976e-01
4.66966e+05  6.42000e-01  7.25262e-01
4.66603e+05  6.42500e-01  7.22779e-01
4.66240e+05  6.43000e-01  7.22074e-01
4.65878e+05  6.43500e-01  7.20279e-01
4.65516e+05  6.44000e-01  7.18504e-01
4.65155e+05  6.44500e-01  7.17241e-01
4.64795e+05  6.45000e-01  7.15327e-01
4.64434e+05  6.45500e-01  7.13784e-01
4.64075e+05  6.46000e-01  7.12446e-01
4.63716e+05  6.46500e-01  7.10647e-01
4.63358e+05  6.47000e-01  7.09426e-01
4.63000e+05  6.47500e-01  7.06537e-01
4.62643e+05  6.48000e-01  7.05268e-01
4.62286e+05  6.48500e-01  7.04016e-01
4.61930e+05  6.49000e-01  7.02527e-01
4.61574e+05  6.49500e-01  7.00570e-01
4.61219e+05  6.50000e-01  6.98618e-01
4.60865e+05  6.50500e-01  6.97201e-01
4.60511e+05  6.51000e-01  6.95231e-01
4.60157e+05  6.51500e-01  6.93506e-01
4.59804e+05  6.52000e-01  6.92096e-01
4.59452e+05  6.52500e-01  6.90744e-01
4.59100e+05  6.53000e-01  6.88842e-01
4.58749e+05  6.53500e-01  6.87118e-01
4.58398e+05  6.54000e-01  6.85472e-01
4.58048e+05  6.54500e-01  6.83424e-01
4.57698e+05  6.55000e-01  6.81392e-01
4.57349e+05  6.55500e-01  6.79720e-01
4.57001e+05  6.56000e-01  6.78168e-01
4.56653e+05  6.56500e-01  6.76943e-01
4.56305e+05  6.57000e-01  6.75258e-01
4.55958e+05  6.57500e-01  6.72709e-01
4.55612e+05  6.58000e-01  6.71512e-01
4.55266e+05  6.58500e-01  6.70327e-01
4.54920e+05  6.59000e-01  6.67715e-01
4.54575e+05  6.59500e-01  6.66253e-01
4.54231e+05  6.60000e-01  6.64143e-01
4.53887e+05  6.60500e-01  6.62608e-01
4.53544e+05  6.61000e-01  6.61174e-01
4.53201e+05  6.61500e-01  6.59406e-01
4.52859e+05  6.62000e-01  6.57512e-01
4.52517e+05  6.62500e-01  6.55990e-01
4.52176e+05  6.63000e-01  6.53758e-01
4.51835e+05  6.63500e-01  6.52196e-01
4.51495e+05  6.64000e-01  6.50135e-01
4.51155e+05  6.64500e-01  6.48833e-01
4.50816e+05  6.65000e-01  6.46361e-01
4.50477e+05  6.65500e-01  6.44581e-01
4.50139e+05  6.66000e-01  6.43495e-01
4.49801e+05  6.66500e-01  6.41642e-01
4.49464e+05  6.67000e-01  6.39153e-01
4.49127e+05  6.67500e-01  6.37090e-01
4.48791e+05  6.68000e-01  6.35409e-01
4.48455e+05  6.68500e-01  6.34481e-01
4.48120e+05  6.69000e-01  6.32639e-01
4.47786e+05  6.69500e-01  6.30671e-01
4.47451e+05  6.70000e-01  6.28606e-01
4.47118e+05  6.70500e-01  6.26735e-01
4.46785e+05  6.71000e-01  6.24250e-01
4.46452e+05  6.71500e-01  6.22270e-01
4.46120e+05  6.72000e-01  6.21273e-01
4.45788e+05  6.72500e-01  6.18599e-01
4.45457e+05  6.73000e-01  6.16840e-01
4.45126e+05  6.73500e-01  6.14252e-01
4.44796e+05  6.74000e-01  6.13055e-01
4.44466e+05  6.74500e-01  6.10719e-01
4.44137e+05  6.75000e-01  6.09684e-01
4.43808e+05  6.75500e-01  6.08346e-01
4.43480e+05  6.76000e-01  6.05270e-01
4.43152e+05  6.76500e-01  6.03173e-01
4.42825e+05  6.77000e-01  6.01889e-01
4.42498e+05  6.77500e-01  5.99276e-01
4.42172e+05  6.78000e-01  5.97404e-01
4.41846e+05  6.78500e-01  5.95409e-01
4.41521e+05  6.79000e-01  5.93403e-01
4.41196e+05  6.79500e-01  5.91046e-01
4.40871e+05  6.80000e-01  5.88746e-01
4.40547e+05  6.80500e-01  5.87225e-01
4.40224e+05  6.81000e-01  5.84871e-01
4.39901e+05  6.81500e-01  5.83163e-01
4.39578e+05  6.82000e-01  5.79949e-01
4.39256e+05  6.82500e-01  5.78243e-01
4.38935e+05  6.83000e-01  5.76379e-01
4.38614e+05  6.83500e-01  5.74006e-01
4.38293e+05  6.84000e-01  5.72050e-01
4.37973e+05  6.84500e-01  5.69515e-01
4.37653e+05  6.85000e-01  5.67655e-01
4.37334e+05  6.85500e-01  5.65345e-01
4.37015e+05  6.86000e-01  5.63001e-01
4.36697e+05  6.86500e-01  5.60684e-01
4.36379e+05  6.87000e-01  5.58201e-01
4.36062e+05  6.87500e-01  5.56268e-01
4.35745e+05  6.88000e-01  5.53644e-01
4.35428e+05  6.88500e-01  5.51886e-01
4.35112e+05  6.89000e-01  5.49803e-01
4.34797e+05  6.89500e-01  5.47776e-01
4.34482e+05  6.90000e-01  5.45311e-01
4.34167e+05  6.90500e-01  5.43152e-01
4.33853e+05  6.91000e-01  5.40768e-01
4.33539e+05  6.91500e-01  5.38211e-01
4.33226e+05  6.92000e-01  5.35974e-01
4.32913e+05  6.92500e-01  5.33418e-01
4.32601e+05  6.93000e-01  5.31710e-01
4.32289e+05  6.93500e-01  5.29471e-01
4.31978e+05  6.94000e-01  5.26986e-01
4.31667e+05  6.94500e-01  5.24371e-01
4.31356e+05  6.95000e-01  5.22086e-01
4.31046e+05  6.95500e-01  5.19991e-01
4.30736e+05  6.96000e-01  5.17254e-01
4.30427e+05  6.96500e-01  5.15256e-01
4.30118e+05  6.97000e-01  5.13367e-01
4.29810e+05  6.97500e-01  5.10745e-01
4.29502e+05  6.98000e-01  5.09259e-01
4.29195e+05  6.98500e-01  5.06415e-01
4.28888e+05  6.99000e-01  5.04421e-01
4.28581e+05  6.99500e-01  5.01629e-01
4.28275e+05  7.00000e-01  4.99449e-01
4.27969e+05  7.00500e-01  4.96727e-01
4.27664e+05  7.01000e-01  4.95481e-01
4.27359e+05  7.01500e-01  4.92888e-01
4.27055e+05  7.02000e-01  4.90340e-01
4.26751e+05  7.02500e-01  4.88039e-01
4.26447e+05  7.03000e-01  4.85903e-01
4.26144e+05  7.03500e-01  4.83014e-01
4.25842e+05  7.04000e-01  4.81531e-01
4.25539e+05  7.04500e-01  4.78558e-01
4.25238e+05  7.05000e-01  4.77297e-01
4.24936e+05  7.05500e-01  4.74433e-01
4.24635e+05  7.06000e-01  4.71514e-01
4.24335e+05  7.06500e-01  4.70217e-01
4.24035e+05  7.07000e-01  4.67184e-01
4.23735e+05  7.07500e-01  4.65657e-01
4.23436e+05  7.08000e-01  4.63333e-01
4.23137e+05  7.08500e-01  4.61072e-01
4.22838e+05  7.09000e-01  4.58779e-01
4.22540e+05  7.09500e-01  4.56075e-01
4.22243e+05  7.10000e-01  4.53725e-01
4.21946e+05  7.10500e-01  4.51727e-01
4.21649e+05  7.11000e-01  4.49781e-01
4.21353e+05  7.11500e-01  4.47618e-01
4.21057e+05  7.12000e-01  4.44839e-01
4.20761e+05  7.12500e-01  4.43058e-01
4.20466e+05  7.13000e-01  4.39974e-01
4.20172e+05  7.13500e-01  4.38273e-01
4.19877e+05  7.14000e-01  4.36197e-01
4.19584e+05  7.14500e-01  4.33521e-01
4.19290e+05  7.15000e-01  4.31642e-01
4.18997e+05  7.15500e-01  4.28949e-01
4.18705e+05  7.16000e-01  4.27318e-01
4.18412e+05  7.16500e-01  4.25046e-01
4.18121e+05  7.17000e-01  4.22585e-01
4.17829e+05  7.17500e-01  4.20327e-01
4.17538e+05  7.18000e-01  4.18140e-01
4.17248e+05  7.18500e-01  4.16639e-01
4.16958e+05  7.19000e-01  4.14834e-01
4.16668e+05  7.19500e-01  4.11499e-01
4.16378e+05  7.20000e-01  4.09080e-01
4.16089e+05  7.20500e-01  4.07832e-01
4.15801e+05  7.21000e-01  4.05293e-01
4.15513e+05  7.21500e-01  4.03316e-01
4.15225e+05  7.22000e-01  4.00874e-01
4.14938e+05  7.22500e-01  3.98350e-01
4.14651e+05  7.23000e-01  3.97115e-01
4.14364e+05  7.23500e-01  3.93723e-01
4.14078e+05  7.24000e-01  3.92459e-01
4.13792e+05  7.24500e-01  3.90064e-01
4.13507e+05  7.25000e-01  3.87801e-01
4.13222e+05  7.25500e-01  3.86153e-01
4.12937e+05  7.26000e-01  3.83329e-01
4.12653e+05  7.26500e-01  3.81484e-01
4.12369e+05  7.27000e-01  3.78717e-01
4.12086e+05  7.27500e-01  3.77219e-01
4.11803e+05  7.28000e-01  3.75149e-01
4.11520e+05  7.28500e-01  3.72735e-01
4.11238e+05  7.29000e-01  3.70891e-01
4.10956e+05  7.29500e-01  3.67976e-01
4.10675e+05  7.30000e-01  3.66550e-01
4.10394e+05  7.30500e-01  3.64425e-01
4.10113e+05  7.31000e-01  3.62312e-01
4.09832e+05  7.31500e-01  3.59839e-01
4.09553e+05  7.32000e-01  3.57485e-01
4.09273e+05  7.32500e-01  3.56201e-01
4.08994e+05  7.33000e-01  3.53800e-01
4.08715e+05  7.33500e-01  3.51335e-01
4.08437e+05  7.34000e-01  3.49511e-01
4.08159e+05  7.34500e-01  3.47523e-01
4.07881e+05  7.35000e-01  3.45419e-01
4.07604e+05  7.35500e-01  3.43386e-01
4.07327e+05  7.36000e-01  3.41104e-01
4.07050e+05  7.36500e-01  3.39036e-01
4.06774e+05  7.37000e-01  3.36961e-01
4.06498e+05  7.37500e-01  3.34925e-01
4.06223e+05  7.38000e-01  3.33443e-01
4.05948e+05  7.38500e-01  3.30812e-01
4.05673e+05  7.39000e-01  3.28433e-01
4.05399e+05  7.39500e-01  3.26771e-01
4.05125e+05  7.40000e-01  3.24584e-01
4.04851e+05  7.40500e-01  3.22767e-01
4.04578e+05  7.41000e-01  3.20658e-01
4.04305e+05  7.41500e-01  3.18510e-01
4.04033e+05  7.42000e-01  3.16469e-01
4.03761e+05  7.42500e-01  3.14837e-01
4.03489e+05  7.43000e-01  3.13182e-01
4.03218e+05  7.43500e-01  3.10564e-01
4.02947e+05  7.44000e-01  3.08316e-01
4.02676e+05  7.44500e-01  3.06389e-01
4.02406e+05  7.45000e-01  3.05055e-01
4.02136e+05  7.45500e-01  3.02183e-01
4.01867e+05  7.46000e-01  3.00451e-01
4.01597e+05  7.46500e-01  2.98683e-01
4.01329e+05  7.47000e-01  2.95996e-01
4.01060e+05  7.47500e-01  2.94085e-01
4.00792e+05  7.48000e-01  2.92398e-01
4.00524e+05  7.48500e-01  2.90536e-01
4.00257e+05  7.49000e-01  2.88461e-01
3.99990e+05  7.49500e-01  2.86749e-01
3.99723e+05  7.50000e-01  2.84549e-01
3.99457e+05  7.50500e-01  2.82282e-01
3.99191e+05  7.51000e-01  2.80137e-01
3.98925e+05  7.51500e-01  2.78901e-01
3.98660e+05  7.52000e-01  2.77089e-01
3.98395e+05  7.52500e-01  2.74944e-01
3.98131e+05  7.53000e-01  2.73270e-01
3.97867e+05  7.53500e-01  2.70768e-01
3.97603e+05  7.54000e-01  2.69620e-01
3.97339e+05  7.54500e-01  2.67475e-01
3.97076e+05  7.55000e-01  2.65797e-01
3.96813e+05  7.55500e-01  2.63432e-01
3.96551e+05  7.56000e-01  2.61421e-01
3.96289e+05  7.56500e-01  2.59621e-01
3.96027e+05  7.57000e-01  2.57859e-01
3.95766e+05  7.57500e-01  2.55680e-01
3.95505e+05  7.58000e-01  2.53943e-01
3.95244e+05  7.58500e-01  2.52418e-01
3.94983e+05  7.59000e-01  2.50490e-01
3.94723e+05  7.59500e-01  2.48416e-01
3.94464e+05  7.60000e-01  2.46807e-01
3.94204e+05  7.60500e-01  2.44659e-01
3.93945e+05  7.61000e-01  2.42785e-01
3.93687e+05  7.61500e-01  2.41353e-01
3.93428e+05  7.62000e-01  2.39859e-01
3.93170e+05  7.62500e-01  2.38160e-01
3.92913e+05  7.63000e-01  2.36096e-01
3.92655e+05  7.63500e-01  2.34403e-01
3.92399e+05  7.64000e-01  2.31632e-01
3.92142e+05  7.64500e-01  2.30543e-01
3.91886e+05  7.65000e-01  2.29423e-01
3.91630e+05  7.65500e-01  2.26739e-01
3.91374e+05  7.66000e-01  2.25114e-01
3.91119e+05  7.66500e-01  2.23725e-01
3.90864e+05  7.67000e-01  2.21941e-01
3.90609e+05  7.67500e-01  2.19927e-01
3.90355e+05  7.68000e-01  2.18695e-01
3.90101e+05  7.68500e-01  2.17172e-01
3.89847e+05  7.69000e-01  2.15149e-01
3.89594e+05  7.69500e-01  2.13100e-01
3.89341e+05  7.70000e-01  2.11579e-01
3.89088e+05  7.70500e-01  2.10204e-01
3.88836e+05  7.71000e-01  2.08720e-01
3.88584e+05  7.71500e-01  2.06565e-01
3.88332e+05  7.72000e-01  2.05293e-01
3.88081e+05  7.72500e-01  2.03504e-01
3.87830e+05  7.73000e-01  2.02239e-01
3.87579e+05  7.73500e-01  2.00445e-01
3.87329e+05  7.74000e-01  1.98155e-01
3.87079e+05  7.74500e-01  1.96923e-01
3.86829e+05  7.75000e-01  1.94826e-01
3.86580e+05  7.75500e-01  1.93573e-01
3.86330e+05  7.76000e-01  1.92378e-01
3.86082e+05  7.76500e-01  1.90649e-01
3.85833e+05  7.77000e-01  1.89061e-01
3.85585e+05  7.77500e-01  1.87720e-01
3.85337e+05  7.78000e-01  1.86125e-01
3.85090e+05  7.78500e-01  1.84231e-01
3.84843e+05  7.79000e-01  1.83128e-01
3.84596e+05  7.79500e-01  1.80980e-01
3.84349e+05  7.80000e-01  1.79673e-01
3.84103e+05  7.80500e-01  1.78456e-01
3.83857e+05  7.81000e-01  1.77001e-01
3.83612e+05  7.81500e-01  1.75152e-01
3.83366e+05  7.82000e-01  1.73808e-01
3.83121e+05  7.82500e-01  1.72075e-01
3.82877e+05  7.83000e-01  1.71284e-01
3.82632e+05  7.83500e-01  1.69140e-01
3.82388e+05  7.84000e-01  1.67999e-01
3.82145e+05  7.84500e-01  1.67023e-01
3.81901e+05  7.85000e-01  1.65250e-01
3.81658e+05  7.85500e-01  1.63769e-01
3.81415e+05  7.86000e-01  1.62409e-01
3.81173e+05  7.86500e-01  1.60849e-01
3.80931e+05  7.87000e-01  1.58934e-01
3.80689e+05  7.87500e-01  1.58225e-01
3.80447e+05  7.88000e-01  1.57183e-01
3.80206e+05  7.88500e-01  1.55645e-01
3.79965e+05  7.89000e-01  1.54101e-01
3.79724e+05  7.89500e-01  1.52620e-01
3.79484e+05  7.90000e-01  1.51451e-01
3.79244e+05  7.90500e-01  1.49979e-01
3.79004e+05  7.91000e-01  1.48730e-01
3.78765e+05  7.91500e-01  1.47684e-01
3.78526e+05  7.92000e-01  1.45805e-01
3.78287e+05  7.92500e-01  1.44642e-01
3.78048e+05  7.93000e-01  1.43421e-01
3.77810e+05  7.93500e-01  1.42161e-01
3.77572e+05  7.94000e-01  1.40748e-01
3.77335e+05  7.94500e-01  1.39532e-01
3.77097e+05  7.95000e-01  1.38250e-01
3.76860e+05  7.95500e-01  1.37732e-01
3.76624e+05  7.96000e-01  1.35723e-01
3.76387e+05  7.96500e-01  1.34151e-01
3.76151e+05  7.97000e-01  1.33264e-01
3.75915e+05  7.97500e-01  1.31625e-01
3.75680e+05  7.98000e-01  1.30754e-01
3.75445e+05  7.98500e-01  1.29239e-01
3.75210e+05  7.99000e-01  1.28656e-01
3.74975e+05  7.99500e-01  1.27618e-01
3.74741e+05  8.00000e-01  1.26269e-01
3.74507e+05  8.00500e-01  1.25089e-01
3.74273e+05  8.01000e-01  1.23823e-01
3.74039e+05  8.01500e-01  1.22246e-01
3.73806e+05  8.02000e-01  1.21364e-01
3.73573e+05  8.02500e-01  1.20122e-01
3.73341e+05  8.03000e-01  1.19731e-01
3.73108e+05  8.03500e-01  1.18274e-01
3.72876e+05  8.04000e-01  1.17078e-01
3.72644e+05  8.04500e-01  1.15771e-01
3.72413e+05  8.05000e-01  1.14350e-01
3.72182e+05  8.05500e-01  1.13547e-01
3.71951e+05  8.06000e-01  1.12582e-01
3.71720e+05  8.06500e-01  1.11380e-01
3.71490e+05  8.07000e-01  1.10655e-01
3.71260e+05  8.07500e-01  1.09240e-01
3.71030e+05  8.08000e-01  1.08304e-01
3.70801e+05  8.08500e-01  1.07501e-01
3.70572e+05  8.09000e-01  1.06472e-01
3.70343e+05  8.09500e-01  1.05240e-01
3.70114e+05  8.10000e-01  1.03784e-01
3.69886e+05  8.10500e-01  1.02798e-01
3.69658e+05  8.11000e-01  1.01881e-01
3.69430e+05  8.11500e-01  1.00985e-01
3.69203e+05  8.12000e-01  1.00046e-01
3.68975e+05  8.12500e-01  9.92880e-02
3.68748e+05  8.13000e-01  9.83020e-02
3.68522e+05  8.13500e-01  9.74050e-02
3.68295e+05  8.14000e-01  9.64300e-02
3.68069e+05  8.14500e-01  9.51930e-02
3.67844e+05  8.15000e-01  9.44600e-02
3.67618e+05  8.15500e-01  9.40390e-02
3.67393e+05  8.16000e-01  9.26300e-02
3.67168e+05  8.16500e-01  9.21000e-02
3.66943e+05  8.17000e-01  9.06520e-02
3.66719e+05  8.17500e-01  8.95480e-02
3.66494e+05  8.18000e-01  8.87930e-02
3.66271e+05  8.18500e-01  8.83740e-02
3.66047e+05  8.19000e-01  8.72040e-02
3.65824e+05  8.19500e-01  8.65190e-02
3.65601e+05  8.20000e-01  8.57100e-02
3.65378e+05  8.20500e-01  8.46850e-02
3.65155e+05  8.21000e-01  8.39690e-02
3.64933e+05  8.21500e-01  8.29100e-02
3.64711e+05  8.22000e-01  8.21660e-02
3.64489e+05  8.22500e-01  8.13760e-02
3.64268e+05  8.23000e-01  8.06430e-02
3.64047e+05  8.23500e-01  7.97800e-02
3.63826e+05  8.24000e-01  7.89410e-02
3.63605e+05  8.24500e-01  7.82070e-02
3.63385e+05  8.25000e-01  7.71580e-02
3.63165e+05  8.25500e-01  7.68990e-02
3.62945e+05  8.26000e-01  7.57190e-02
3.62725e+05  8.26500e-01  7.51060e-02
3.62506e+05  8.27000e-01  7.41440e-02
3.62287e+05  8.27500e-01  7.31110e-02
3.62068e+05  8.28000e-01  7.28230e-02
3.61850e+05  8.28500e-01  7.17090e-02
3.61631e+05  8.29000e-01  7.08300e-02
3.61413e+05  8.29500e-01  7.03940e-02
3.61196e+05  8.30000e-01  6.97990e-02
3.60978e+05  8.30500e-01  6.81670e-02
3.60761e+05  8.31000e-01  6.81170e-02
3.60544e+05  8.31500e-01  6.75450e-02
3.60327e+05  8.32000e-01  6.66420e-02
3.60111e+05  8.32500e-01  6.61980e-02
3.59895e+05  8.33000e-01  6.56360e-02
3.59679e+05  8.33500e-01  6.42790e-02
3.59463e+05  8.34000e-01  6.39400e-02
3.59248e+05  8.34500e-01  6.32140e-02
3.59033e+05  8.35000e-01  6.29920e-02
3.58818e+05  8.35500e-01  6.15030e-02
3.58603e+05  8.36000e-01  6.10740e-02
3.58389e+05  8.36500e-01  6.06930e-02
3.58175e+05  8.37000e-01  6.01290e-02
3.57961e+05  8.37500e-01  5.90270e-02
3.57748e+05  8.38000e-01  5.86030e-02
3.57534e+05  8.38500e-01  5.80920e-02
3.57321e+05  8.39000e-01  5.74860e-02
3.57108e+05  8.39500e-01  5.73330e-02
3.56896e+05  8.40000e-01  5.65790e-02
3.56683e+05  8.40500e-01  5.58030e-02
3.56471e+05  8.41000e-01  5.50830e-02
3.56260e+05  8.41500e-01  5.47700e-02
3.56048e+05  8.42000e-01  5.39520e-02
3.55837e+05  8.42500e-01  5.30560e-02
3.55626e+05  8.43000e-01  5.25310e-02
3.55415e+05  8.43500e-01  5.25140e-02
3.55204e+05  8.44000e-01  5.15980e-02
3.54994e+05  8.44500e-01  5.11980e-02
3.54784e+05  8.45000e-01  5.08590e-02
3.54574e+05  8.45500e-01  4.99590e-02
3.54365e+05  8.46000e-01  4.94580e-02
3.54155e+05  8.46500e-01  4.83160e-02
3.53946e+05  8.47000e-01  4.86170e-02
3.53737e+05  8.47500e-01  4.75420e-02
3.53529e+05  8.48000e-01  4.74870e-02
3.53321e+05  8.48500e-01  4.71350e-02
3.53112e+05  8.49000e-01  4.61050e-02
3.52905e+05  8.49500e-01  4.53130e-02
3.52697e+05  8.50000e-01  4.55630e-02
3.52490e+05  8.50500e-01  4.48000e-02
3.52283e+05  8.51000e-01  4.42200e-02
3.52076e+05  8.51500e-01  4.40170e-02
3.51869e+05  8.52000e-01  4.33600e-02
3.51663e+05  8.52500e-01  4.28880e-02
3.51457e+05  8.53000e-01  4.25160e-02
3.51251e+05  8.53500e-01  4.22640e-02
3.51045e+05  8.54000e-01  4.14680e-02
3.50840e+05  8.54500e-01  4.12400e-02
3.50634e+05  8.55000e-01  4.07500e-02
3.50430e+05  8.55500e-01  3.98560e-02
3.50225e+05  8.56000e-01  3.97030e-02
3.50020e+05  8.56500e-01  3.87160e-02
3.49816e+05  8.57000e-01  3.84850e-02
3.49612e+05  8.57500e-01  3.78120e-02
3.49408e+05  8.58000e-01  3.79430e-02
3.49205e+05  8.58500e-01  3.75570e-02
3.49002e+05  8.59000e-01  3.69850e-02
3.48799e+05  8.59500e-01  3.71250e-02
3.48596e+05  8.60000e-01  3.64640e-02
3.48393e+05  8.60500e-01  3.55550e-02
3.48191e+05  8.61000e-01  3.54830e-02
3.47989e+05  8.61500e-01  3.51740e-02
3.47787e+05  8.62000e-01  3.45960e-02
3.47585e+05  8.62500e-01  3.37440e-02
3.47384e+05  8.63000e-01  3.40360e-02
3.47183e+05  8.63500e-01  3.28820e-02
3.46982e+05  8.64000e-01  3.31850e-02
3.46781e+05  8.64500e-01  3.32690e-02
3.46581e+05  8.65000e-01  3.22150e-02
3.46381e+05  8.65500e-01  3.22700e-02
3.46181e+05  8.66000e-01  3.16250e-02
3.45981e+05  8.66500e-01  3.12280e-02
3.45781e+05  8.67000e-01  3.13240e-02
3.45582e+05  8.67500e-01  3.03370e-02
3.45383e+05  8.68000e-01  3.13980e-02
3.45184e+05  8.68500e-01  3.08020e-02
3.44986e+05  8.69000e-01  2.96210e-02
3.44787e+05  8.69500e-01  2.94690e-02
3.44589e+05  8.70000e-01  2.82050e-02
3.44391e+05  8.70500e-01  2.78070e-02
3.44193e+05  8.71000e-01  2.83220e-02
3.43996e+05  8.71500e-01  2.77910e-02
3.43799e+05  8.72000e-01  2.83380e-02
3.43602e+05  8.72500e-01  2.74490e-02
3.43405e+05  8.73000e-01  2.64360e-02
3.43208e+05  8.73500e-01  2.54810e-02
3.43012e+05  8.74000e-01  2.52960e-02
3.42816e+05  8.74500e-01  2.68860e-02
3.42620e+05  8.75000e-01  2.60160e-02
3.42424e+05  8.75500e-01  2.59420e-02
3.42229e+05  8.76000e-01  2.57400e-02
3.42034e+05  8.76500e-01  2.60920e-02
3.41839e+05  8.77000e-01  2.51690e-02
3.41644e+05  8.77500e-01  2.51390e-02
3.41449e+05  8.78000e-01  2.43760e-02
3.41255e+05  8.78500e-01  2.47320e-02
3.41061e+05  8.79000e-01  2.34990e-02
3.40867e+05  8.79500e-01  2.25270e-02
3.40673e+05  8.80000e-01  2.25170e-02
3.40480e+05  8.80500e-01  2.26840e-02
3.40287e+05  8.81000e-01  2.23780e-02
3.40094e+05  8.81500e-01  2.36170e-02
3.39901e+05  8.82000e-01  2.17540e-02
3.39708e+05  8.82500e-01  2.21520e-02
3.39516e+05  8.83000e-01  2.24140e-02
3.39324e+05  8.83500e-01  2.13260e-02
3.39132e+05  8.84000e-01  2.18510e-02
3.38940e+05  8.84500e-01  1.87730e-02
3.38749e+05  8.85000e-01  2.07430e-02
3.38557e+05  8.85500e-01  2.08480e-02
3.38366e+05  8.86000e-01  2.19620e-02
3.38175e+05  8.86500e-01  1.90780e-02
3.37985e+05  8.87000e-01  2.01910e-02
3.37794e+05  8.87500e-01  2.01020e-02
3.37604e+05  8.88000e-01  2.03090e-02
3.37414e+05  8.88500e-01  2.11630e-02
3.37224e+05  8.89000e-01  1.92570e-02
3.37035e+05  8.89500e-01  1.82040e-02
3.36845e+05  8.90000e-01  1.72140e-02
3.36656e+05  8.90500e-01  1.86100e-02
3.36467e+05  8.91000e-01  1.94700e-02
3.36279e+05  8.91500e-01  1.73200e-02
3.36090e+05  8.92000e-01  1.78130e-02
3.35902e+05  8.92500e-01  1.83580e-02
3.35714e+05  8.93000e-01  1.72060e-02
3.35526e+05  8.93500e-01  1.73060e-02
3.35338e+05  8.94000e-01  1.76910e-02
3.35151e+05  8.94500e-01  1.84170e-02
3.34964e+05  8.95000e-01  1.87620e-02
3.34777e+05  8.95500e-01  1.62610e-02
3.34590e+05  8.96000e-01  1.67560e-02
3.34403e+05  8.96500e-01  1.37510e-02
3.34217e+05  8.97000e-01  1.84790e-02
3.34031e+05  8.97500e-01  1.67370e-02
3.33845e+05  8.98000e-01  1.80290e-02
3.33659e+05  8.98500e-01  1.90900e-02
3.33473e+05  8.99000e-01  1.77360e-02
3.33288e+05  8.99500e-01  1.85580e-02
3.33103e+05  9.00000e-01  1.70550e-02
