WHT_H
frq          wvl          transmission
[GHz]        [micron]                 
2.12659e+05  1.40973e+00  3.18873e-02
2.12515e+05  1.41069e+00  3.13853e-02
2.12370e+05  1.41165e+00  3.25905e-02
2.12224e+05  1.41262e+00  3.51119e-02
2.12080e+05  1.41358e+00  3.71029e-02
2.11936e+05  1.41454e+00  3.66448e-02
2.11793e+05  1.41550e+00  3.59148e-02
2.11648e+05  1.41647e+00  3.71713e-02
2.11504e+05  1.41743e+00  3.96955e-02
2.11361e+05  1.41839e+00  4.21371e-02
2.11217e+05  1.41936e+00  4.17301e-02
2.11074e+05  1.42032e+00  4.05128e-02
2.10931e+05  1.42128e+00  4.19048e-02
2.10789e+05  1.42224e+00  4.26493e-02
2.10645e+05  1.42321e+00  4.42472e-02
2.10503e+05  1.42417e+00  4.36491e-02
2.10361e+05  1.42513e+00  4.42245e-02
2.10220e+05  1.42609e+00  4.51904e-02
2.10077e+05  1.42706e+00  4.54179e-02
2.09936e+05  1.42802e+00  4.56477e-02
2.09795e+05  1.42898e+00  4.52253e-02
2.09654e+05  1.42994e+00  4.60131e-02
2.09512e+05  1.43091e+00  4.86857e-02
2.09371e+05  1.43187e+00  4.86801e-02
2.09231e+05  1.43283e+00  4.86775e-02
2.09089e+05  1.43380e+00  4.84057e-02
2.08950e+05  1.43476e+00  4.79931e-02
2.08810e+05  1.43572e+00  4.80006e-02
2.08670e+05  1.43668e+00  4.89073e-02
2.08530e+05  1.43765e+00  4.98192e-02
2.08390e+05  1.43861e+00  4.95252e-02
2.08251e+05  1.43957e+00  4.92014e-02
2.08113e+05  1.44053e+00  4.95280e-02
2.07973e+05  1.44150e+00  4.95943e-02
2.07834e+05  1.44246e+00  5.12585e-02
2.07696e+05  1.44342e+00  5.16756e-02
2.07558e+05  1.44438e+00  5.18073e-02
2.07419e+05  1.44535e+00  5.30585e-02
2.07281e+05  1.44631e+00  5.24480e-02
2.07143e+05  1.44727e+00  5.16937e-02
2.07005e+05  1.44824e+00  5.23384e-02
2.06868e+05  1.44920e+00  5.55381e-02
2.06731e+05  1.45016e+00  5.84799e-02
2.06594e+05  1.45112e+00  5.96943e-02
2.06456e+05  1.45209e+00  6.01578e-02
2.06319e+05  1.45305e+00  6.20236e-02
2.06183e+05  1.45401e+00  6.41599e-02
2.06047e+05  1.45497e+00  6.76816e-02
2.05910e+05  1.45594e+00  7.11144e-02
2.05774e+05  1.45690e+00  7.57851e-02
2.05639e+05  1.45786e+00  8.10389e-02
2.05503e+05  1.45882e+00  8.73783e-02
2.05367e+05  1.45979e+00  9.45106e-02
2.05232e+05  1.46075e+00  1.02794e-01
2.05097e+05  1.46171e+00  1.11045e-01
2.04961e+05  1.46268e+00  1.21829e-01
2.04827e+05  1.46364e+00  1.32947e-01
2.04692e+05  1.46460e+00  1.45123e-01
2.04558e+05  1.46556e+00  1.58977e-01
2.04423e+05  1.46653e+00  1.74162e-01
2.04289e+05  1.46749e+00  1.89949e-01
2.04156e+05  1.46845e+00  2.05237e-01
2.04022e+05  1.46941e+00  2.22462e-01
2.03888e+05  1.47038e+00  2.41897e-01
2.03755e+05  1.47134e+00  2.61432e-01
2.03622e+05  1.47230e+00  2.81573e-01
2.03489e+05  1.47326e+00  3.01431e-01
2.03355e+05  1.47423e+00  3.20457e-01
2.03223e+05  1.47519e+00  3.40201e-01
2.03091e+05  1.47615e+00  3.61497e-01
2.02957e+05  1.47712e+00  3.83739e-01
2.02826e+05  1.47808e+00  4.05719e-01
2.02694e+05  1.47904e+00  4.26501e-01
2.02562e+05  1.48000e+00  4.49330e-01
2.02430e+05  1.48097e+00  4.72200e-01
2.02299e+05  1.48193e+00  4.94382e-01
2.02168e+05  1.48289e+00  5.15594e-01
2.02037e+05  1.48385e+00  5.37502e-01
2.01905e+05  1.48482e+00  5.58299e-01
2.01774e+05  1.48578e+00  5.79674e-01
2.01644e+05  1.48674e+00  6.00538e-01
2.01514e+05  1.48770e+00  6.20369e-01
2.01383e+05  1.48867e+00  6.39368e-01
2.01253e+05  1.48963e+00  6.56933e-01
2.01123e+05  1.49059e+00  6.73080e-01
2.00993e+05  1.49156e+00  6.88609e-01
2.00863e+05  1.49252e+00  7.01338e-01
2.00734e+05  1.49348e+00  7.13826e-01
2.00605e+05  1.49444e+00  7.24861e-01
2.00475e+05  1.49541e+00  7.33395e-01
2.00346e+05  1.49637e+00  7.40515e-01
2.00218e+05  1.49733e+00  7.46834e-01
2.00090e+05  1.49829e+00  7.51055e-01
1.99960e+05  1.49926e+00  7.54498e-01
1.99832e+05  1.50022e+00  7.56628e-01
1.99705e+05  1.50118e+00  7.58544e-01
1.99577e+05  1.50214e+00  7.58935e-01
1.99448e+05  1.50311e+00  7.59643e-01
1.99321e+05  1.50407e+00  7.59555e-01
1.99194e+05  1.50503e+00  7.59076e-01
1.99065e+05  1.50600e+00  7.58036e-01
1.98939e+05  1.50696e+00  7.57419e-01
1.98812e+05  1.50792e+00  7.56276e-01
1.98685e+05  1.50888e+00  7.55866e-01
1.98558e+05  1.50985e+00  7.55549e-01
1.98432e+05  1.51081e+00  7.54385e-01
1.98306e+05  1.51177e+00  7.55445e-01
1.98180e+05  1.51273e+00  7.55694e-01
1.98053e+05  1.51370e+00  7.54928e-01
1.97927e+05  1.51466e+00  7.55629e-01
1.97802e+05  1.51562e+00  7.57162e-01
1.97677e+05  1.51658e+00  7.57864e-01
1.97550e+05  1.51755e+00  7.59633e-01
1.97425e+05  1.51851e+00  7.61591e-01
1.97301e+05  1.51947e+00  7.63380e-01
1.97175e+05  1.52044e+00  7.65501e-01
1.97050e+05  1.52140e+00  7.67919e-01
1.96926e+05  1.52236e+00  7.70697e-01
1.96802e+05  1.52332e+00  7.72995e-01
1.96677e+05  1.52429e+00  7.75871e-01
1.96553e+05  1.52525e+00  7.78721e-01
1.96429e+05  1.52621e+00  7.82328e-01
1.96306e+05  1.52717e+00  7.86271e-01
1.96181e+05  1.52814e+00  7.88931e-01
1.96058e+05  1.52910e+00  7.92653e-01
1.95935e+05  1.53006e+00  7.96080e-01
1.95812e+05  1.53102e+00  7.99370e-01
1.95688e+05  1.53199e+00  8.01982e-01
1.95566e+05  1.53295e+00  8.06105e-01
1.95443e+05  1.53391e+00  8.09679e-01
1.95320e+05  1.53488e+00  8.13247e-01
1.95198e+05  1.53584e+00  8.17324e-01
1.95076e+05  1.53680e+00  8.21165e-01
1.94954e+05  1.53776e+00  8.23409e-01
1.94831e+05  1.53873e+00  8.27083e-01
1.94710e+05  1.53969e+00  8.31017e-01
1.94588e+05  1.54065e+00  8.33733e-01
1.94467e+05  1.54161e+00  8.36956e-01
1.94345e+05  1.54258e+00  8.39009e-01
1.94224e+05  1.54354e+00  8.42785e-01
1.94103e+05  1.54450e+00  8.44776e-01
1.93983e+05  1.54546e+00  8.46965e-01
1.93861e+05  1.54643e+00  8.49145e-01
1.93741e+05  1.54739e+00  8.50895e-01
1.93621e+05  1.54835e+00  8.52850e-01
1.93499e+05  1.54932e+00  8.53687e-01
1.93380e+05  1.55028e+00  8.53895e-01
1.93260e+05  1.55124e+00  8.53918e-01
1.93140e+05  1.55220e+00  8.54688e-01
1.93020e+05  1.55317e+00  8.54875e-01
1.92901e+05  1.55413e+00  8.54400e-01
1.92781e+05  1.55509e+00  8.52783e-01
1.92662e+05  1.55605e+00  8.51853e-01
1.92542e+05  1.55702e+00  8.50945e-01
1.92424e+05  1.55798e+00  8.48622e-01
1.92305e+05  1.55894e+00  8.46842e-01
1.92187e+05  1.55990e+00  8.44093e-01
1.92068e+05  1.56087e+00  8.42355e-01
1.91949e+05  1.56183e+00  8.39492e-01
1.91832e+05  1.56279e+00  8.37457e-01
1.91713e+05  1.56376e+00  8.35028e-01
1.91595e+05  1.56472e+00  8.31723e-01
1.91477e+05  1.56568e+00  8.29046e-01
1.91360e+05  1.56664e+00  8.26282e-01
1.91242e+05  1.56761e+00  8.23562e-01
1.91125e+05  1.56857e+00  8.20545e-01
1.91008e+05  1.56953e+00  8.17671e-01
1.90891e+05  1.57049e+00  8.14576e-01
1.90773e+05  1.57146e+00  8.12168e-01
1.90657e+05  1.57242e+00  8.09215e-01
1.90540e+05  1.57338e+00  8.06476e-01
1.90424e+05  1.57434e+00  8.04267e-01
1.90307e+05  1.57531e+00  8.02414e-01
1.90191e+05  1.57627e+00  8.00914e-01
1.90075e+05  1.57723e+00  7.98808e-01
1.89960e+05  1.57819e+00  7.97078e-01
1.89843e+05  1.57916e+00  7.95895e-01
1.89728e+05  1.58012e+00  7.94991e-01
1.89612e+05  1.58108e+00  7.94419e-01
1.89496e+05  1.58205e+00  7.93206e-01
1.89381e+05  1.58301e+00  7.92612e-01
1.89266e+05  1.58397e+00  7.92435e-01
1.89152e+05  1.58493e+00  7.93087e-01
1.89036e+05  1.58590e+00  7.93342e-01
1.88922e+05  1.58686e+00  7.93733e-01
1.88808e+05  1.58782e+00  7.94692e-01
1.88693e+05  1.58878e+00  7.95735e-01
1.88578e+05  1.58975e+00  7.96132e-01
1.88465e+05  1.59071e+00  7.97550e-01
1.88351e+05  1.59167e+00  7.98188e-01
1.88237e+05  1.59263e+00  7.99240e-01
1.88123e+05  1.59360e+00  8.01523e-01
1.88010e+05  1.59456e+00  8.03386e-01
1.87896e+05  1.59552e+00  8.05181e-01
1.87782e+05  1.59649e+00  8.07119e-01
1.87669e+05  1.59745e+00  8.08294e-01
1.87557e+05  1.59841e+00  8.10192e-01
1.87444e+05  1.59937e+00  8.12003e-01
1.87330e+05  1.60034e+00  8.13862e-01
1.87218e+05  1.60130e+00  8.15763e-01
1.87106e+05  1.60226e+00  8.18403e-01
1.86994e+05  1.60322e+00  8.20741e-01
1.86881e+05  1.60419e+00  8.22563e-01
1.86769e+05  1.60515e+00  8.24198e-01
1.86657e+05  1.60611e+00  8.26284e-01
1.86546e+05  1.60707e+00  8.27804e-01
1.86433e+05  1.60804e+00  8.30154e-01
1.86322e+05  1.60900e+00  8.32138e-01
1.86211e+05  1.60996e+00  8.33553e-01
1.86099e+05  1.61093e+00  8.35474e-01
1.85988e+05  1.61189e+00  8.37499e-01
1.85877e+05  1.61285e+00  8.39373e-01
1.85767e+05  1.61381e+00  8.41252e-01
1.85655e+05  1.61478e+00  8.42597e-01
1.85545e+05  1.61574e+00  8.43876e-01
1.85435e+05  1.61670e+00  8.45493e-01
1.85325e+05  1.61766e+00  8.47460e-01
1.85214e+05  1.61863e+00  8.48630e-01
1.85104e+05  1.61959e+00  8.49738e-01
1.84994e+05  1.62055e+00  8.51176e-01
1.84885e+05  1.62151e+00  8.52686e-01
1.84774e+05  1.62248e+00  8.54253e-01
1.84665e+05  1.62344e+00  8.55819e-01
1.84556e+05  1.62440e+00  8.57152e-01
1.84446e+05  1.62537e+00  8.58077e-01
1.84337e+05  1.62633e+00  8.59419e-01
1.84228e+05  1.62729e+00  8.60960e-01
1.84119e+05  1.62825e+00  8.61436e-01
1.84010e+05  1.62922e+00  8.62916e-01
1.83901e+05  1.63018e+00  8.64105e-01
1.83793e+05  1.63114e+00  8.63685e-01
1.83685e+05  1.63210e+00  8.65087e-01
1.83576e+05  1.63307e+00  8.66301e-01
1.83468e+05  1.63403e+00  8.67102e-01
1.83360e+05  1.63499e+00  8.66917e-01
1.83253e+05  1.63595e+00  8.67147e-01
1.83144e+05  1.63692e+00  8.68660e-01
1.83037e+05  1.63788e+00  8.69128e-01
1.82930e+05  1.63884e+00  8.68359e-01
1.82821e+05  1.63981e+00  8.68557e-01
1.82714e+05  1.64077e+00  8.67422e-01
1.82608e+05  1.64173e+00  8.68767e-01
1.82501e+05  1.64269e+00  8.68221e-01
1.82393e+05  1.64366e+00  8.67624e-01
1.82287e+05  1.64462e+00  8.66044e-01
1.82180e+05  1.64558e+00  8.64952e-01
1.82074e+05  1.64654e+00  8.63757e-01
1.81967e+05  1.64751e+00  8.63036e-01
1.81861e+05  1.64847e+00  8.61296e-01
1.81755e+05  1.64943e+00  8.58959e-01
1.81649e+05  1.65039e+00  8.57972e-01
1.81543e+05  1.65136e+00  8.55597e-01
1.81437e+05  1.65232e+00  8.52561e-01
1.81332e+05  1.65328e+00  8.51702e-01
1.81226e+05  1.65425e+00  8.48710e-01
1.81120e+05  1.65521e+00  8.46059e-01
1.81016e+05  1.65617e+00  8.42369e-01
1.80911e+05  1.65713e+00  8.40589e-01
1.80805e+05  1.65810e+00  8.37145e-01
1.80700e+05  1.65906e+00  8.33628e-01
1.80596e+05  1.66002e+00  8.30373e-01
1.80491e+05  1.66098e+00  8.27152e-01
1.80386e+05  1.66195e+00  8.23593e-01
1.80282e+05  1.66291e+00  8.19680e-01
1.80178e+05  1.66387e+00  8.16469e-01
1.80074e+05  1.66483e+00  8.13075e-01
1.79969e+05  1.66580e+00  8.09015e-01
1.79865e+05  1.66676e+00  8.05390e-01
1.79762e+05  1.66772e+00  8.03395e-01
1.79657e+05  1.66869e+00  7.98915e-01
1.79554e+05  1.66965e+00  7.96230e-01
1.79451e+05  1.67061e+00  7.92829e-01
1.79348e+05  1.67157e+00  7.88730e-01
1.79244e+05  1.67254e+00  7.85075e-01
1.79141e+05  1.67350e+00  7.82161e-01
1.79038e+05  1.67446e+00  7.79552e-01
1.78936e+05  1.67542e+00  7.76365e-01
1.78832e+05  1.67639e+00  7.73830e-01
1.78730e+05  1.67735e+00  7.71321e-01
1.78628e+05  1.67831e+00  7.69617e-01
1.78525e+05  1.67927e+00  7.67480e-01
1.78422e+05  1.68024e+00  7.65624e-01
1.78321e+05  1.68120e+00  7.64891e-01
1.78219e+05  1.68216e+00  7.63029e-01
1.78116e+05  1.68313e+00  7.61472e-01
1.78015e+05  1.68409e+00  7.59941e-01
1.77913e+05  1.68505e+00  7.59739e-01
1.77812e+05  1.68601e+00  7.58973e-01
1.77710e+05  1.68698e+00  7.58974e-01
1.77608e+05  1.68794e+00  7.58581e-01
1.77508e+05  1.68890e+00  7.59075e-01
1.77407e+05  1.68986e+00  7.58095e-01
1.77305e+05  1.69083e+00  7.59906e-01
1.77204e+05  1.69179e+00  7.60944e-01
1.77104e+05  1.69275e+00  7.62335e-01
1.77003e+05  1.69371e+00  7.63574e-01
1.76902e+05  1.69468e+00  7.64512e-01
1.76802e+05  1.69564e+00  7.66769e-01
1.76702e+05  1.69660e+00  7.68698e-01
1.76601e+05  1.69757e+00  7.69795e-01
1.76501e+05  1.69853e+00  7.71733e-01
1.76401e+05  1.69949e+00  7.74019e-01
1.76302e+05  1.70045e+00  7.76034e-01
1.76201e+05  1.70142e+00  7.78152e-01
1.76102e+05  1.70238e+00  7.81275e-01
1.76003e+05  1.70334e+00  7.84052e-01
1.75904e+05  1.70430e+00  7.86609e-01
1.75804e+05  1.70527e+00  7.88894e-01
1.75705e+05  1.70623e+00  7.91621e-01
1.75606e+05  1.70719e+00  7.93898e-01
1.75507e+05  1.70815e+00  7.96929e-01
1.75407e+05  1.70912e+00  7.98472e-01
1.75309e+05  1.71008e+00  8.01361e-01
1.75211e+05  1.71104e+00  8.03160e-01
1.75111e+05  1.71201e+00  8.04339e-01
1.75013e+05  1.71297e+00  8.06655e-01
1.74915e+05  1.71393e+00  8.08750e-01
1.74817e+05  1.71489e+00  8.10768e-01
1.74718e+05  1.71586e+00  8.11977e-01
1.74621e+05  1.71682e+00  8.13955e-01
1.74523e+05  1.71778e+00  8.15541e-01
1.74426e+05  1.71874e+00  8.16424e-01
1.74327e+05  1.71971e+00  8.17943e-01
1.74230e+05  1.72067e+00  8.19033e-01
1.74133e+05  1.72163e+00  8.19549e-01
1.74036e+05  1.72259e+00  8.20102e-01
1.73938e+05  1.72356e+00  8.20711e-01
1.73841e+05  1.72452e+00  8.22093e-01
1.73744e+05  1.72548e+00  8.22326e-01
1.73647e+05  1.72645e+00  8.22802e-01
1.73550e+05  1.72741e+00  8.23702e-01
1.73454e+05  1.72837e+00  8.23308e-01
1.73358e+05  1.72933e+00  8.24139e-01
1.73260e+05  1.73030e+00  8.24374e-01
1.73164e+05  1.73126e+00  8.24323e-01
1.73068e+05  1.73222e+00  8.25111e-01
1.72972e+05  1.73318e+00  8.25130e-01
1.72876e+05  1.73415e+00  8.25768e-01
1.72780e+05  1.73511e+00  8.25944e-01
1.72685e+05  1.73607e+00  8.25866e-01
1.72589e+05  1.73703e+00  8.25556e-01
1.72493e+05  1.73800e+00  8.25151e-01
1.72398e+05  1.73896e+00  8.24635e-01
1.72302e+05  1.73992e+00  8.24146e-01
1.72206e+05  1.74089e+00  8.24839e-01
1.72112e+05  1.74185e+00  8.24772e-01
1.72017e+05  1.74281e+00  8.23042e-01
1.71922e+05  1.74377e+00  8.22242e-01
1.71826e+05  1.74474e+00  8.20745e-01
1.71732e+05  1.74570e+00  8.18782e-01
1.71638e+05  1.74666e+00  8.17710e-01
1.71543e+05  1.74762e+00  8.16519e-01
1.71448e+05  1.74859e+00  8.12525e-01
1.71354e+05  1.74955e+00  8.09577e-01
1.71260e+05  1.75051e+00  8.06302e-01
1.71166e+05  1.75147e+00  8.03402e-01
1.71071e+05  1.75244e+00  7.99627e-01
1.70978e+05  1.75340e+00  7.94795e-01
1.70884e+05  1.75436e+00  7.90580e-01
1.70791e+05  1.75532e+00  7.84048e-01
1.70696e+05  1.75629e+00  7.77767e-01
1.70603e+05  1.75725e+00  7.70780e-01
1.70510e+05  1.75821e+00  7.62304e-01
1.70416e+05  1.75918e+00  7.53292e-01
1.70323e+05  1.76014e+00  7.44631e-01
1.70230e+05  1.76110e+00  7.33902e-01
1.70137e+05  1.76206e+00  7.21982e-01
1.70044e+05  1.76303e+00  7.08466e-01
1.69951e+05  1.76399e+00  6.94863e-01
1.69859e+05  1.76495e+00  6.78290e-01
1.69767e+05  1.76591e+00  6.60550e-01
1.69673e+05  1.76688e+00  6.39882e-01
1.69581e+05  1.76784e+00  6.18215e-01
1.69489e+05  1.76880e+00  5.95921e-01
1.69396e+05  1.76977e+00  5.71401e-01
1.69304e+05  1.77073e+00  5.44345e-01
1.69213e+05  1.77169e+00  5.16705e-01
1.69121e+05  1.77265e+00  4.87386e-01
1.69029e+05  1.77362e+00  4.58227e-01
1.68937e+05  1.77458e+00  4.27255e-01
1.68846e+05  1.77554e+00  3.96788e-01
1.68755e+05  1.77650e+00  3.66903e-01
1.68662e+05  1.77747e+00  3.37252e-01
1.68571e+05  1.77843e+00  3.08842e-01
1.68480e+05  1.77939e+00  2.82449e-01
1.68390e+05  1.78035e+00  2.56965e-01
1.68298e+05  1.78132e+00  2.32946e-01
1.68207e+05  1.78228e+00  2.11652e-01
1.68117e+05  1.78324e+00  1.92786e-01
1.68026e+05  1.78420e+00  1.76404e-01
1.67935e+05  1.78517e+00  1.59838e-01
1.67845e+05  1.78613e+00  1.44766e-01
1.67755e+05  1.78709e+00  1.32347e-01
1.67664e+05  1.78806e+00  1.21315e-01
1.67574e+05  1.78902e+00  1.11305e-01
1.67484e+05  1.78998e+00  1.02794e-01
1.67394e+05  1.79094e+00  9.65176e-02
1.67303e+05  1.79191e+00  9.09496e-02
1.67214e+05  1.79287e+00  8.55405e-02
1.67124e+05  1.79383e+00  8.07318e-02
1.67035e+05  1.79479e+00  7.67772e-02
1.66945e+05  1.79576e+00  7.26819e-02
1.66855e+05  1.79672e+00  6.89566e-02
1.66766e+05  1.79768e+00  6.61383e-02
1.66677e+05  1.79864e+00  6.46356e-02
1.66587e+05  1.79961e+00  6.47883e-02
1.66499e+05  1.80057e+00  6.56582e-02
1.66410e+05  1.80153e+00  6.41307e-02
1.66320e+05  1.80250e+00  6.15329e-02
1.66232e+05  1.80346e+00  5.89235e-02
1.66143e+05  1.80442e+00  5.81059e-02
1.66055e+05  1.80538e+00  5.82364e-02
1.65966e+05  1.80635e+00  5.88262e-02
1.65878e+05  1.80731e+00  5.75592e-02
1.65790e+05  1.80827e+00  5.54316e-02
1.65702e+05  1.80923e+00  5.55921e-02
1.65613e+05  1.81020e+00  5.64085e-02
1.65525e+05  1.81116e+00  5.99450e-02
1.65437e+05  1.81212e+00  5.99152e-02
1.65350e+05  1.81308e+00  5.84252e-02
1.65261e+05  1.81405e+00  5.79208e-02
1.65174e+05  1.81501e+00  5.83070e-02
1.65087e+05  1.81597e+00  5.86635e-02
1.64999e+05  1.81694e+00  5.79292e-02
1.64911e+05  1.81790e+00  5.72191e-02
1.64824e+05  1.81886e+00  6.13623e-02
1.64737e+05  1.81982e+00  6.78475e-02
