WISE4
frq          wvl          transmission
[GHz]        [micron]                 
1.57371e+04  1.90500e+01  5.46480e-05
1.57289e+04  1.90600e+01  1.02640e-04
1.57206e+04  1.90700e+01  3.42720e-04
1.57124e+04  1.90800e+01  8.04070e-04
1.57042e+04  1.90900e+01  1.49780e-03
1.56959e+04  1.91000e+01  2.06290e-03
1.56877e+04  1.91100e+01  2.50770e-03
1.56795e+04  1.91200e+01  2.64330e-03
1.56713e+04  1.91300e+01  2.69800e-03
1.56631e+04  1.91400e+01  2.59060e-03
1.56550e+04  1.91500e+01  2.42550e-03
1.56468e+04  1.91600e+01  2.14090e-03
1.56386e+04  1.91700e+01  1.75870e-03
1.56305e+04  1.91800e+01  1.29640e-03
1.56223e+04  1.91900e+01  7.05300e-04
1.56142e+04  1.92000e+01  3.08280e-04
1.56061e+04  1.92100e+01  1.76390e-04
1.55979e+04  1.92200e+01  6.78570e-05
1.55898e+04  1.92300e+01  1.64380e-04
1.55817e+04  1.92400e+01  1.80230e-04
1.55736e+04  1.92500e+01  1.63690e-04
1.55655e+04  1.92600e+01  3.00850e-04
1.55575e+04  1.92700e+01  4.27050e-04
1.55494e+04  1.92800e+01  5.46170e-04
1.55413e+04  1.92900e+01  6.54900e-04
1.55333e+04  1.93000e+01  1.50950e-04
1.55252e+04  1.93100e+01  7.45500e-04
1.55172e+04  1.93200e+01  8.15690e-04
1.55092e+04  1.93300e+01  9.22680e-04
1.55012e+04  1.93400e+01  1.05300e-03
1.54932e+04  1.93500e+01  1.22650e-03
1.54851e+04  1.93600e+01  1.40290e-03
1.54772e+04  1.93700e+01  1.77620e-03
1.54692e+04  1.93800e+01  2.20900e-03
1.54612e+04  1.93900e+01  2.96420e-03
1.54532e+04  1.94000e+01  3.86720e-03
1.54453e+04  1.94100e+01  4.79120e-03
1.54373e+04  1.94200e+01  5.63440e-03
1.54294e+04  1.94300e+01  6.33930e-03
1.54214e+04  1.94400e+01  6.85120e-03
1.54135e+04  1.94500e+01  7.31520e-03
1.54056e+04  1.94600e+01  7.64930e-03
1.53977e+04  1.94700e+01  7.97760e-03
1.53898e+04  1.94800e+01  8.23350e-03
1.53819e+04  1.94900e+01  8.48670e-03
1.53740e+04  1.95000e+01  8.85540e-03
1.53661e+04  1.95100e+01  9.30660e-03
1.53582e+04  1.95200e+01  9.99230e-03
1.53504e+04  1.95300e+01  1.09160e-02
1.53425e+04  1.95400e+01  1.20810e-02
1.53347e+04  1.95500e+01  1.36490e-02
1.53268e+04  1.95600e+01  1.54140e-02
1.53190e+04  1.95700e+01  1.78870e-02
1.53112e+04  1.95800e+01  2.05000e-02
1.53033e+04  1.95900e+01  2.40440e-02
1.52955e+04  1.96000e+01  2.77770e-02
1.52877e+04  1.96100e+01  3.24940e-02
1.52799e+04  1.96200e+01  3.73690e-02
1.52722e+04  1.96300e+01  4.28600e-02
1.52644e+04  1.96400e+01  4.89690e-02
1.52566e+04  1.96500e+01  5.60020e-02
1.52489e+04  1.96600e+01  6.36540e-02
1.52411e+04  1.96700e+01  7.19270e-02
1.52334e+04  1.96800e+01  8.14340e-02
1.52256e+04  1.96900e+01  9.15640e-02
1.52179e+04  1.97000e+01  1.04130e-01
1.52102e+04  1.97100e+01  1.17010e-01
1.52025e+04  1.97200e+01  1.32610e-01
1.51948e+04  1.97300e+01  1.48870e-01
1.51871e+04  1.97400e+01  1.67850e-01
1.51794e+04  1.97500e+01  1.87130e-01
1.51717e+04  1.97600e+01  2.08580e-01
1.51640e+04  1.97700e+01  2.31320e-01
1.51563e+04  1.97800e+01  2.55580e-01
1.51487e+04  1.97900e+01  2.82030e-01
1.51410e+04  1.98000e+01  3.09280e-01
1.51334e+04  1.98100e+01  3.43370e-01
1.51258e+04  1.98200e+01  3.77190e-01
1.51181e+04  1.98300e+01  4.14440e-01
1.51105e+04  1.98400e+01  4.51420e-01
1.51029e+04  1.98500e+01  4.88740e-01
1.50953e+04  1.98600e+01  5.26100e-01
1.50877e+04  1.98700e+01  5.57310e-01
1.50801e+04  1.98800e+01  5.88550e-01
1.50725e+04  1.98900e+01  6.17040e-01
1.50649e+04  1.99000e+01  6.42450e-01
1.50574e+04  1.99100e+01  6.64790e-01
1.50498e+04  1.99200e+01  6.87150e-01
1.50423e+04  1.99300e+01  7.06120e-01
1.50347e+04  1.99400e+01  7.25410e-01
1.50272e+04  1.99500e+01  7.41310e-01
1.50197e+04  1.99600e+01  7.54430e-01
1.50121e+04  1.99700e+01  7.61030e-01
1.50046e+04  1.99800e+01  7.67940e-01
1.49971e+04  1.99900e+01  7.68330e-01
1.49896e+04  2.00000e+01  7.69020e-01
1.49821e+04  2.00100e+01  7.66290e-01
1.49746e+04  2.00200e+01  7.66670e-01
1.49672e+04  2.00300e+01  7.67370e-01
1.49597e+04  2.00400e+01  7.67750e-01
1.49522e+04  2.00500e+01  7.71260e-01
1.49448e+04  2.00600e+01  7.75080e-01
1.49373e+04  2.00700e+01  7.78590e-01
1.49299e+04  2.00800e+01  7.82110e-01
1.49225e+04  2.00900e+01  7.85620e-01
1.49150e+04  2.01000e+01  7.86010e-01
1.49076e+04  2.01100e+01  7.86720e-01
1.49002e+04  2.01200e+01  7.90240e-01
1.48928e+04  2.01300e+01  7.96910e-01
1.48854e+04  2.01400e+01  8.06710e-01
1.48780e+04  2.01500e+01  8.16530e-01
1.48707e+04  2.01600e+01  8.29490e-01
1.48633e+04  2.01700e+01  8.39330e-01
1.48559e+04  2.01800e+01  8.48860e-01
1.48486e+04  2.01900e+01  8.55560e-01
1.48412e+04  2.02000e+01  8.55990e-01
1.48339e+04  2.02100e+01  8.59560e-01
1.48265e+04  2.02200e+01  8.56840e-01
1.48192e+04  2.02300e+01  8.57260e-01
1.48119e+04  2.02400e+01  8.54530e-01
1.48046e+04  2.02500e+01  8.51800e-01
1.47973e+04  2.02600e+01  8.49380e-01
1.47900e+04  2.02700e+01  8.49800e-01
1.47827e+04  2.02800e+01  8.43900e-01
1.47754e+04  2.02900e+01  8.38000e-01
1.47681e+04  2.03000e+01  8.32090e-01
1.47608e+04  2.03100e+01  8.26170e-01
1.47536e+04  2.03200e+01  8.20250e-01
1.47463e+04  2.03300e+01  8.17490e-01
1.47391e+04  2.03400e+01  8.17890e-01
1.47318e+04  2.03500e+01  8.18290e-01
1.47246e+04  2.03600e+01  8.24720e-01
1.47174e+04  2.03700e+01  8.31470e-01
1.47101e+04  2.03800e+01  8.41400e-01
1.47029e+04  2.03900e+01  8.48160e-01
1.46957e+04  2.04000e+01  8.54930e-01
1.46885e+04  2.04100e+01  8.58530e-01
1.46813e+04  2.04200e+01  8.62130e-01
1.46741e+04  2.04300e+01  8.65730e-01
1.46670e+04  2.04400e+01  8.69340e-01
1.46598e+04  2.04500e+01  8.76140e-01
1.46526e+04  2.04600e+01  8.82940e-01
1.46455e+04  2.04700e+01  8.92930e-01
1.46383e+04  2.04800e+01  8.99750e-01
1.46312e+04  2.04900e+01  9.09760e-01
1.46240e+04  2.05000e+01  9.10200e-01
1.46169e+04  2.05100e+01  9.13840e-01
1.46098e+04  2.05200e+01  9.11090e-01
1.46027e+04  2.05300e+01  9.08340e-01
1.45955e+04  2.05400e+01  9.02380e-01
1.45884e+04  2.05500e+01  8.99620e-01
1.45813e+04  2.05600e+01  8.96860e-01
1.45743e+04  2.05700e+01  8.94090e-01
1.45672e+04  2.05800e+01  8.94530e-01
1.45601e+04  2.05900e+01  8.94960e-01
1.45530e+04  2.06000e+01  8.92190e-01
1.45460e+04  2.06100e+01  8.89410e-01
1.45389e+04  2.06200e+01  8.86630e-01
1.45319e+04  2.06300e+01  8.80640e-01
1.45248e+04  2.06400e+01  8.77850e-01
1.45178e+04  2.06500e+01  8.71840e-01
1.45108e+04  2.06600e+01  8.72260e-01
1.45037e+04  2.06700e+01  8.75900e-01
1.44967e+04  2.06800e+01  8.82770e-01
1.44897e+04  2.06900e+01  8.92860e-01
1.44827e+04  2.07000e+01  8.99740e-01
1.44757e+04  2.07100e+01  9.06630e-01
1.44687e+04  2.07200e+01  9.10290e-01
1.44618e+04  2.07300e+01  9.10730e-01
1.44548e+04  2.07400e+01  9.07940e-01
1.44478e+04  2.07500e+01  9.01920e-01
1.44409e+04  2.07600e+01  8.95880e-01
1.44339e+04  2.07700e+01  8.89850e-01
1.44270e+04  2.07800e+01  8.83800e-01
1.44200e+04  2.07900e+01  8.84230e-01
1.44131e+04  2.08000e+01  8.84650e-01
1.44062e+04  2.08100e+01  8.88320e-01
1.43993e+04  2.08200e+01  8.88750e-01
1.43923e+04  2.08300e+01  8.92420e-01
1.43854e+04  2.08400e+01  8.96090e-01
1.43785e+04  2.08500e+01  8.96520e-01
1.43716e+04  2.08600e+01  8.93700e-01
1.43648e+04  2.08700e+01  8.94130e-01
1.43579e+04  2.08800e+01  8.94560e-01
1.43510e+04  2.08900e+01  8.94990e-01
1.43441e+04  2.09000e+01  8.98670e-01
1.43373e+04  2.09100e+01  8.99100e-01
1.43304e+04  2.09200e+01  9.02790e-01
1.43236e+04  2.09300e+01  9.03220e-01
1.43167e+04  2.09400e+01  9.03650e-01
1.43099e+04  2.09500e+01  8.97560e-01
1.43031e+04  2.09600e+01  8.91460e-01
1.42963e+04  2.09700e+01  8.85350e-01
1.42894e+04  2.09800e+01  8.75970e-01
1.42826e+04  2.09900e+01  8.66580e-01
1.42758e+04  2.10000e+01  8.63730e-01
1.42690e+04  2.10100e+01  8.57590e-01
1.42622e+04  2.10200e+01  8.61270e-01
1.42555e+04  2.10300e+01  8.61680e-01
1.42487e+04  2.10400e+01  8.68650e-01
1.42419e+04  2.10500e+01  8.75620e-01
1.42352e+04  2.10600e+01  8.79310e-01
1.42284e+04  2.10700e+01  8.86290e-01
1.42217e+04  2.10800e+01  8.93280e-01
1.42149e+04  2.10900e+01  8.96990e-01
1.42082e+04  2.11000e+01  9.03980e-01
1.42014e+04  2.11100e+01  9.10990e-01
1.41947e+04  2.11200e+01  9.18000e-01
1.41880e+04  2.11300e+01  9.28300e-01
1.41813e+04  2.11400e+01  9.38620e-01
1.41746e+04  2.11500e+01  9.48620e-01
1.41679e+04  2.11600e+01  9.58950e-01
1.41612e+04  2.11700e+01  9.66000e-01
1.41545e+04  2.11800e+01  9.73050e-01
1.41478e+04  2.11900e+01  9.73510e-01
1.41412e+04  2.12000e+01  9.73970e-01
1.41345e+04  2.12100e+01  9.74430e-01
1.41278e+04  2.12200e+01  9.74890e-01
1.41212e+04  2.12300e+01  9.78650e-01
1.41145e+04  2.12400e+01  9.79120e-01
1.41079e+04  2.12500e+01  9.82890e-01
1.41012e+04  2.12600e+01  9.89970e-01
1.40946e+04  2.12700e+01  9.93750e-01
1.40880e+04  2.12800e+01  9.94220e-01
1.40814e+04  2.12900e+01  9.94680e-01
1.40748e+04  2.13000e+01  9.88520e-01
1.40682e+04  2.13100e+01  9.82340e-01
1.40616e+04  2.13200e+01  9.72840e-01
1.40550e+04  2.13300e+01  9.60010e-01
1.40484e+04  2.13400e+01  9.53810e-01
1.40418e+04  2.13500e+01  9.44290e-01
1.40352e+04  2.13600e+01  9.38080e-01
1.40287e+04  2.13700e+01  9.35190e-01
1.40221e+04  2.13800e+01  9.32300e-01
1.40155e+04  2.13900e+01  9.29400e-01
1.40090e+04  2.14000e+01  9.26500e-01
1.40025e+04  2.14100e+01  9.23600e-01
1.39959e+04  2.14200e+01  9.20700e-01
1.39894e+04  2.14300e+01  9.14450e-01
1.39829e+04  2.14400e+01  9.11540e-01
1.39763e+04  2.14500e+01  9.08620e-01
1.39698e+04  2.14600e+01  9.09050e-01
1.39633e+04  2.14700e+01  9.16160e-01
1.39568e+04  2.14800e+01  9.23280e-01
1.39503e+04  2.14900e+01  9.33750e-01
1.39438e+04  2.15000e+01  9.47570e-01
1.39374e+04  2.15100e+01  9.61410e-01
1.39309e+04  2.15200e+01  9.71910e-01
1.39244e+04  2.15300e+01  9.82430e-01
1.39179e+04  2.15400e+01  9.89590e-01
1.39115e+04  2.15500e+01  9.93410e-01
1.39050e+04  2.15600e+01  9.97220e-01
1.38986e+04  2.15700e+01  9.97690e-01
1.38921e+04  2.15800e+01  9.98150e-01
1.38857e+04  2.15900e+01  9.98610e-01
1.38793e+04  2.16000e+01  9.99070e-01
1.38729e+04  2.16100e+01  9.99540e-01
1.38664e+04  2.16200e+01  1.00000e+00
1.38600e+04  2.16300e+01  9.93730e-01
1.38536e+04  2.16400e+01  9.90810e-01
1.38472e+04  2.16500e+01  9.81160e-01
1.38408e+04  2.16600e+01  9.68120e-01
1.38344e+04  2.16700e+01  9.55070e-01
1.38281e+04  2.16800e+01  9.38620e-01
1.38217e+04  2.16900e+01  9.22170e-01
1.38153e+04  2.17000e+01  9.09080e-01
1.38090e+04  2.17100e+01  8.99350e-01
1.38026e+04  2.17200e+01  8.93000e-01
1.37962e+04  2.17300e+01  8.86640e-01
1.37899e+04  2.17400e+01  8.87050e-01
1.37836e+04  2.17500e+01  8.87460e-01
1.37772e+04  2.17600e+01  8.87870e-01
1.37709e+04  2.17700e+01  8.91670e-01
1.37646e+04  2.17800e+01  8.92080e-01
1.37583e+04  2.17900e+01  8.92480e-01
1.37519e+04  2.18000e+01  8.92890e-01
1.37456e+04  2.18100e+01  8.96700e-01
1.37393e+04  2.18200e+01  9.03910e-01
1.37330e+04  2.18300e+01  9.11120e-01
1.37268e+04  2.18400e+01  9.25140e-01
1.37205e+04  2.18500e+01  9.35780e-01
1.37142e+04  2.18600e+01  9.52890e-01
1.37079e+04  2.18700e+01  9.70350e-01
1.37017e+04  2.18800e+01  9.81020e-01
1.36954e+04  2.18900e+01  9.91690e-01
1.36892e+04  2.19000e+01  9.98970e-01
1.36829e+04  2.19100e+01  9.96010e-01
1.36767e+04  2.19200e+01  9.93050e-01
1.36704e+04  2.19300e+01  9.86670e-01
1.36642e+04  2.19400e+01  9.76870e-01
1.36580e+04  2.19500e+01  9.70480e-01
1.36518e+04  2.19600e+01  9.64080e-01
1.36455e+04  2.19700e+01  9.57680e-01
1.36393e+04  2.19800e+01  9.54690e-01
1.36331e+04  2.19900e+01  9.51700e-01
1.36269e+04  2.20000e+01  9.48710e-01
1.36207e+04  2.20100e+01  9.49140e-01
1.36146e+04  2.20200e+01  9.46140e-01
1.36084e+04  2.20300e+01  9.43140e-01
1.36022e+04  2.20400e+01  9.36710e-01
1.35960e+04  2.20500e+01  9.33700e-01
1.35899e+04  2.20600e+01  9.27250e-01
1.35837e+04  2.20700e+01  9.20790e-01
1.35776e+04  2.20800e+01  9.18120e-01
1.35714e+04  2.20900e+01  9.15090e-01
1.35653e+04  2.21000e+01  9.12070e-01
1.35591e+04  2.21100e+01  9.12480e-01
1.35530e+04  2.21200e+01  9.09450e-01
1.35469e+04  2.21300e+01  9.09860e-01
1.35408e+04  2.21400e+01  9.06820e-01
1.35346e+04  2.21500e+01  9.00330e-01
1.35285e+04  2.21600e+01  8.97290e-01
1.35224e+04  2.21700e+01  8.90790e-01
1.35163e+04  2.21800e+01  8.84280e-01
1.35103e+04  2.21900e+01  8.81220e-01
1.35042e+04  2.22000e+01  8.74700e-01
1.34981e+04  2.22100e+01  8.71640e-01
1.34920e+04  2.22200e+01  8.72030e-01
1.34859e+04  2.22300e+01  8.72420e-01
1.34799e+04  2.22400e+01  8.72820e-01
1.34738e+04  2.22500e+01  8.73210e-01
1.34678e+04  2.22600e+01  8.70140e-01
1.34617e+04  2.22700e+01  8.67060e-01
1.34557e+04  2.22800e+01  8.63980e-01
1.34496e+04  2.22900e+01  8.57420e-01
1.34436e+04  2.23000e+01  8.50860e-01
1.34376e+04  2.23100e+01  8.44290e-01
1.34316e+04  2.23200e+01  8.34240e-01
1.34255e+04  2.23300e+01  8.31140e-01
1.34195e+04  2.23400e+01  8.24550e-01
1.34135e+04  2.23500e+01  8.21440e-01
1.34075e+04  2.23600e+01  8.21810e-01
1.34015e+04  2.23700e+01  8.18690e-01
1.33956e+04  2.23800e+01  8.15570e-01
1.33896e+04  2.23900e+01  8.12450e-01
1.33836e+04  2.24000e+01  8.05840e-01
1.33776e+04  2.24100e+01  7.99220e-01
1.33717e+04  2.24200e+01  7.89100e-01
1.33657e+04  2.24300e+01  7.75480e-01
1.33597e+04  2.24400e+01  7.61850e-01
1.33538e+04  2.24500e+01  7.48200e-01
1.33478e+04  2.24600e+01  7.34540e-01
1.33419e+04  2.24700e+01  7.24370e-01
1.33360e+04  2.24800e+01  7.17690e-01
1.33300e+04  2.24900e+01  7.11010e-01
1.33241e+04  2.25000e+01  7.07820e-01
1.33182e+04  2.25100e+01  7.08130e-01
1.33123e+04  2.25200e+01  7.04940e-01
1.33064e+04  2.25300e+01  7.01740e-01
1.33005e+04  2.25400e+01  6.98550e-01
1.32946e+04  2.25500e+01  6.95340e-01
1.32887e+04  2.25600e+01  6.88630e-01
1.32828e+04  2.25700e+01  6.85420e-01
1.32769e+04  2.25800e+01  6.82200e-01
1.32710e+04  2.25900e+01  6.78990e-01
1.32652e+04  2.26000e+01  6.79290e-01
1.32593e+04  2.26100e+01  6.79590e-01
1.32534e+04  2.26200e+01  6.86930e-01
1.32476e+04  2.26300e+01  6.90760e-01
1.32417e+04  2.26400e+01  6.98120e-01
1.32359e+04  2.26500e+01  7.01950e-01
1.32300e+04  2.26600e+01  7.09320e-01
1.32242e+04  2.26700e+01  7.09640e-01
1.32184e+04  2.26800e+01  7.09950e-01
1.32125e+04  2.26900e+01  7.10260e-01
1.32067e+04  2.27000e+01  7.07040e-01
1.32009e+04  2.27100e+01  7.03810e-01
1.31951e+04  2.27200e+01  7.04120e-01
1.31893e+04  2.27300e+01  7.04430e-01
1.31835e+04  2.27400e+01  7.04740e-01
1.31777e+04  2.27500e+01  7.08600e-01
1.31719e+04  2.27600e+01  7.12450e-01
1.31661e+04  2.27700e+01  7.16310e-01
1.31603e+04  2.27800e+01  7.20170e-01
1.31546e+04  2.27900e+01  7.20490e-01
1.31488e+04  2.28000e+01  7.17260e-01
1.31430e+04  2.28100e+01  7.17570e-01
1.31373e+04  2.28200e+01  7.10780e-01
1.31315e+04  2.28300e+01  7.03980e-01
1.31258e+04  2.28400e+01  6.93620e-01
1.31200e+04  2.28500e+01  6.86800e-01
1.31143e+04  2.28600e+01  6.79980e-01
1.31085e+04  2.28700e+01  6.76720e-01
1.31028e+04  2.28800e+01  6.73450e-01
1.30971e+04  2.28900e+01  6.73740e-01
1.30914e+04  2.29000e+01  6.74040e-01
1.30857e+04  2.29100e+01  6.77900e-01
1.30800e+04  2.29200e+01  6.78200e-01
1.30742e+04  2.29300e+01  6.82060e-01
1.30685e+04  2.29400e+01  6.85930e-01
1.30629e+04  2.29500e+01  6.85880e-01
1.30572e+04  2.29600e+01  6.86170e-01
1.30515e+04  2.29700e+01  6.86470e-01
1.30458e+04  2.29800e+01  6.90350e-01
1.30401e+04  2.29900e+01  6.90650e-01
1.30345e+04  2.30000e+01  6.98120e-01
1.30288e+04  2.30100e+01  7.02000e-01
1.30231e+04  2.30200e+01  7.09480e-01
1.30175e+04  2.30300e+01  7.16960e-01
1.30118e+04  2.30400e+01  7.24450e-01
1.30062e+04  2.30500e+01  7.28350e-01
1.30005e+04  2.30600e+01  7.32260e-01
1.29949e+04  2.30700e+01  7.32580e-01
1.29893e+04  2.30800e+01  7.29300e-01
1.29836e+04  2.30900e+01  7.29620e-01
1.29780e+04  2.31000e+01  7.26330e-01
1.29724e+04  2.31100e+01  7.19450e-01
1.29668e+04  2.31200e+01  7.16160e-01
1.29612e+04  2.31300e+01  7.12870e-01
1.29556e+04  2.31400e+01  7.09930e-01
1.29500e+04  2.31500e+01  7.06630e-01
1.29444e+04  2.31600e+01  7.06940e-01
1.29388e+04  2.31700e+01  7.03640e-01
1.29332e+04  2.31800e+01  6.96720e-01
1.29277e+04  2.31900e+01  6.93410e-01
1.29221e+04  2.32000e+01  6.86480e-01
1.29165e+04  2.32100e+01  6.75930e-01
1.29110e+04  2.32200e+01  6.68990e-01
1.29054e+04  2.32300e+01  6.54810e-01
1.28998e+04  2.32400e+01  6.40620e-01
1.28943e+04  2.32500e+01  6.30030e-01
1.28888e+04  2.32600e+01  6.15810e-01
1.28832e+04  2.32700e+01  6.05200e-01
1.28777e+04  2.32800e+01  5.94590e-01
1.28722e+04  2.32900e+01  5.87590e-01
1.28666e+04  2.33000e+01  5.80580e-01
1.28611e+04  2.33100e+01  5.77200e-01
1.28556e+04  2.33200e+01  5.70190e-01
1.28501e+04  2.33300e+01  5.63160e-01
1.28446e+04  2.33400e+01  5.59770e-01
1.28391e+04  2.33500e+01  5.52740e-01
1.28336e+04  2.33600e+01  5.45700e-01
1.28281e+04  2.33700e+01  5.38650e-01
1.28226e+04  2.33800e+01  5.31600e-01
1.28171e+04  2.33900e+01  5.24540e-01
1.28116e+04  2.34000e+01  5.17480e-01
1.28062e+04  2.34100e+01  5.14050e-01
1.28007e+04  2.34200e+01  5.10630e-01
1.27952e+04  2.34300e+01  5.07190e-01
1.27898e+04  2.34400e+01  5.03760e-01
1.27843e+04  2.34500e+01  5.03980e-01
1.27789e+04  2.34600e+01  5.00540e-01
1.27734e+04  2.34700e+01  4.97100e-01
1.27680e+04  2.34800e+01  4.93650e-01
1.27626e+04  2.34900e+01  4.86540e-01
1.27571e+04  2.35000e+01  4.79430e-01
1.27517e+04  2.35100e+01  4.72310e-01
1.27463e+04  2.35200e+01  4.65190e-01
1.27409e+04  2.35300e+01  4.54390e-01
1.27354e+04  2.35400e+01  4.47250e-01
1.27300e+04  2.35500e+01  4.43780e-01
1.27246e+04  2.35600e+01  4.36630e-01
1.27192e+04  2.35700e+01  4.33140e-01
1.27138e+04  2.35800e+01  4.33320e-01
1.27085e+04  2.35900e+01  4.29830e-01
1.27031e+04  2.36000e+01  4.30020e-01
1.26977e+04  2.36100e+01  4.33880e-01
1.26923e+04  2.36200e+01  4.34060e-01
1.26869e+04  2.36300e+01  4.34240e-01
1.26816e+04  2.36400e+01  4.34430e-01
1.26762e+04  2.36500e+01  4.34610e-01
1.26709e+04  2.36600e+01  4.34800e-01
1.26655e+04  2.36700e+01  4.34980e-01
1.26602e+04  2.36800e+01  4.35160e-01
1.26548e+04  2.36900e+01  4.35350e-01
1.26495e+04  2.37000e+01  4.39220e-01
1.26441e+04  2.37100e+01  4.39410e-01
1.26388e+04  2.37200e+01  4.43290e-01
1.26335e+04  2.37300e+01  4.47170e-01
1.26282e+04  2.37400e+01  4.51050e-01
1.26228e+04  2.37500e+01  4.51240e-01
1.26175e+04  2.37600e+01  4.51430e-01
1.26122e+04  2.37700e+01  4.51620e-01
1.26069e+04  2.37800e+01  4.51810e-01
1.26016e+04  2.37900e+01  4.48300e-01
1.25963e+04  2.38000e+01  4.48490e-01
1.25910e+04  2.38100e+01  4.44970e-01
1.25857e+04  2.38200e+01  4.45150e-01
1.25805e+04  2.38300e+01  4.41630e-01
1.25752e+04  2.38400e+01  4.41820e-01
1.25699e+04  2.38500e+01  4.45720e-01
1.25646e+04  2.38600e+01  4.45900e-01
1.25594e+04  2.38700e+01  4.49810e-01
1.25541e+04  2.38800e+01  4.57430e-01
1.25489e+04  2.38900e+01  4.61340e-01
1.25436e+04  2.39000e+01  4.68980e-01
1.25384e+04  2.39100e+01  4.72900e-01
1.25331e+04  2.39200e+01  4.76820e-01
1.25279e+04  2.39300e+01  4.80750e-01
1.25227e+04  2.39400e+01  4.84680e-01
1.25174e+04  2.39500e+01  4.88610e-01
1.25122e+04  2.39600e+01  4.92550e-01
1.25070e+04  2.39700e+01  4.92750e-01
1.25018e+04  2.39800e+01  4.96690e-01
1.24966e+04  2.39900e+01  5.00640e-01
1.24914e+04  2.40000e+01  5.04580e-01
1.24861e+04  2.40100e+01  5.08530e-01
1.24810e+04  2.40200e+01  5.16230e-01
1.24758e+04  2.40300e+01  5.20180e-01
1.24706e+04  2.40400e+01  5.27890e-01
1.24654e+04  2.40500e+01  5.35600e-01
1.24602e+04  2.40600e+01  5.39570e-01
1.24550e+04  2.40700e+01  5.43540e-01
1.24499e+04  2.40800e+01  5.43770e-01
1.24447e+04  2.40900e+01  5.47740e-01
1.24395e+04  2.41000e+01  5.47970e-01
1.24344e+04  2.41100e+01  5.48200e-01
1.24292e+04  2.41200e+01  5.48430e-01
1.24241e+04  2.41300e+01  5.48650e-01
1.24189e+04  2.41400e+01  5.48880e-01
1.24138e+04  2.41500e+01  5.49110e-01
1.24086e+04  2.41600e+01  5.53100e-01
1.24035e+04  2.41700e+01  5.57090e-01
1.23984e+04  2.41800e+01  5.61090e-01
1.23932e+04  2.41900e+01  5.65090e-01
1.23881e+04  2.42000e+01  5.69090e-01
1.23830e+04  2.42100e+01  5.69320e-01
1.23779e+04  2.42200e+01  5.69560e-01
1.23728e+04  2.42300e+01  5.69790e-01
1.23677e+04  2.42400e+01  5.66250e-01
1.23626e+04  2.42500e+01  5.66490e-01
1.23575e+04  2.42600e+01  5.62940e-01
1.23524e+04  2.42700e+01  5.59400e-01
1.23473e+04  2.42800e+01  5.55850e-01
1.23422e+04  2.42900e+01  5.56070e-01
1.23371e+04  2.43000e+01  5.52520e-01
1.23321e+04  2.43100e+01  5.52750e-01
1.23270e+04  2.43200e+01  5.56760e-01
1.23219e+04  2.43300e+01  5.60780e-01
1.23169e+04  2.43400e+01  5.61010e-01
1.23118e+04  2.43500e+01  5.65030e-01
1.23068e+04  2.43600e+01  5.65260e-01
1.23017e+04  2.43700e+01  5.69290e-01
1.22967e+04  2.43800e+01  5.69530e-01
1.22916e+04  2.43900e+01  5.69760e-01
1.22866e+04  2.44000e+01  5.69990e-01
1.22815e+04  2.44100e+01  5.66420e-01
1.22765e+04  2.44200e+01  5.66660e-01
1.22715e+04  2.44300e+01  5.63080e-01
1.22665e+04  2.44400e+01  5.63310e-01
1.22615e+04  2.44500e+01  5.63540e-01
1.22564e+04  2.44600e+01  5.59970e-01
1.22514e+04  2.44700e+01  5.60190e-01
1.22464e+04  2.44800e+01  5.60420e-01
1.22414e+04  2.44900e+01  5.56840e-01
1.22364e+04  2.45000e+01  5.57070e-01
1.22314e+04  2.45100e+01  5.53480e-01
1.22264e+04  2.45200e+01  5.49880e-01
1.22215e+04  2.45300e+01  5.42850e-01
1.22165e+04  2.45400e+01  5.39250e-01
1.22115e+04  2.45500e+01  5.31820e-01
1.22065e+04  2.45600e+01  5.24390e-01
1.22016e+04  2.45700e+01  5.16950e-01
1.21966e+04  2.45800e+01  5.09500e-01
1.21916e+04  2.45900e+01  5.02050e-01
1.21867e+04  2.46000e+01  4.94590e-01
1.21817e+04  2.46100e+01  4.90960e-01
1.21768e+04  2.46200e+01  4.87330e-01
1.21718e+04  2.46300e+01  4.83690e-01
1.21669e+04  2.46400e+01  4.83890e-01
1.21620e+04  2.46500e+01  4.84080e-01
1.21570e+04  2.46600e+01  4.80440e-01
1.21521e+04  2.46700e+01  4.80630e-01
1.21472e+04  2.46800e+01  4.80830e-01
1.21423e+04  2.46900e+01  4.77180e-01
1.21373e+04  2.47000e+01  4.73520e-01
1.21324e+04  2.47100e+01  4.73720e-01
1.21275e+04  2.47200e+01  4.70060e-01
1.21226e+04  2.47300e+01  4.62550e-01
1.21177e+04  2.47400e+01  4.58880e-01
1.21128e+04  2.47500e+01  4.55210e-01
1.21079e+04  2.47600e+01  4.51540e-01
1.21030e+04  2.47700e+01  4.51720e-01
1.20982e+04  2.47800e+01  4.48040e-01
1.20933e+04  2.47900e+01  4.48230e-01
1.20884e+04  2.48000e+01  4.48410e-01
1.20835e+04  2.48100e+01  4.48590e-01
1.20787e+04  2.48200e+01  4.48770e-01
1.20738e+04  2.48300e+01  4.45080e-01
1.20689e+04  2.48400e+01  4.45260e-01
1.20641e+04  2.48500e+01  4.41570e-01
1.20592e+04  2.48600e+01  4.37880e-01
1.20544e+04  2.48700e+01  4.34180e-01
1.20495e+04  2.48800e+01  4.26600e-01
1.20447e+04  2.48900e+01  4.22900e-01
1.20399e+04  2.49000e+01  4.19190e-01
1.20350e+04  2.49100e+01  4.15480e-01
1.20302e+04  2.49200e+01  4.11770e-01
1.20254e+04  2.49300e+01  4.08050e-01
1.20205e+04  2.49400e+01  4.08210e-01
1.20157e+04  2.49500e+01  4.04490e-01
1.20109e+04  2.49600e+01  4.00770e-01
1.20061e+04  2.49700e+01  4.00930e-01
1.20013e+04  2.49800e+01  3.97200e-01
1.19965e+04  2.49900e+01  3.93460e-01
1.19917e+04  2.50000e+01  3.89340e-01
1.19869e+04  2.50100e+01  3.85290e-01
1.19821e+04  2.50200e+01  3.79210e-01
1.19773e+04  2.50300e+01  3.72770e-01
1.19725e+04  2.50400e+01  3.66290e-01
1.19678e+04  2.50500e+01  3.59450e-01
1.19630e+04  2.50600e+01  3.52610e-01
1.19582e+04  2.50700e+01  3.45720e-01
1.19534e+04  2.50800e+01  3.40040e-01
1.19487e+04  2.50900e+01  3.35140e-01
1.19439e+04  2.51000e+01  3.30230e-01
1.19392e+04  2.51100e+01  3.26450e-01
1.19344e+04  2.51200e+01  3.23450e-01
1.19297e+04  2.51300e+01  3.20450e-01
1.19249e+04  2.51400e+01  3.17800e-01
1.19202e+04  2.51500e+01  3.15530e-01
1.19154e+04  2.51600e+01  3.13270e-01
1.19107e+04  2.51700e+01  3.11000e-01
1.19060e+04  2.51800e+01  3.09160e-01
1.19012e+04  2.51900e+01  3.06930e-01
1.18965e+04  2.52000e+01  3.05090e-01
1.18918e+04  2.52100e+01  3.03290e-01
1.18871e+04  2.52200e+01  3.01880e-01
1.18824e+04  2.52300e+01  3.00470e-01
1.18777e+04  2.52400e+01  2.99840e-01
1.18730e+04  2.52500e+01  2.99210e-01
1.18683e+04  2.52600e+01  2.98970e-01
1.18636e+04  2.52700e+01  2.99490e-01
1.18589e+04  2.52800e+01  3.00000e-01
1.18542e+04  2.52900e+01  3.00120e-01
1.18495e+04  2.53000e+01  3.00240e-01
1.18448e+04  2.53100e+01  3.00360e-01
1.18401e+04  2.53200e+01  3.00080e-01
1.18355e+04  2.53300e+01  2.98230e-01
1.18308e+04  2.53400e+01  2.96730e-01
1.18261e+04  2.53500e+01  2.94470e-01
1.18215e+04  2.53600e+01  2.91430e-01
1.18168e+04  2.53700e+01  2.88340e-01
1.18122e+04  2.53800e+01  2.85300e-01
1.18075e+04  2.53900e+01  2.82250e-01
1.18029e+04  2.54000e+01  2.79150e-01
1.17982e+04  2.54100e+01  2.76490e-01
1.17936e+04  2.54200e+01  2.74230e-01
1.17889e+04  2.54300e+01  2.71960e-01
1.17843e+04  2.54400e+01  2.69690e-01
1.17797e+04  2.54500e+01  2.67420e-01
1.17750e+04  2.54600e+01  2.64390e-01
1.17704e+04  2.54700e+01  2.61720e-01
1.17658e+04  2.54800e+01  2.57490e-01
1.17612e+04  2.54900e+01  2.52470e-01
1.17566e+04  2.55000e+01  2.47810e-01
1.17520e+04  2.55100e+01  2.41980e-01
1.17474e+04  2.55200e+01  2.35360e-01
1.17428e+04  2.55300e+01  2.29130e-01
1.17382e+04  2.55400e+01  2.22900e-01
1.17336e+04  2.55500e+01  2.17450e-01
1.17290e+04  2.55600e+01  2.12010e-01
1.17244e+04  2.55700e+01  2.07310e-01
1.17198e+04  2.55800e+01  2.04250e-01
1.17152e+04  2.55900e+01  2.01540e-01
1.17106e+04  2.56000e+01  1.98860e-01
1.17061e+04  2.56100e+01  1.96950e-01
1.17015e+04  2.56200e+01  1.95030e-01
1.16969e+04  2.56300e+01  1.93150e-01
1.16924e+04  2.56400e+01  1.90030e-01
1.16878e+04  2.56500e+01  1.86150e-01
1.16833e+04  2.56600e+01  1.82670e-01
1.16787e+04  2.56700e+01  1.77580e-01
1.16742e+04  2.56800e+01  1.71730e-01
1.16696e+04  2.56900e+01  1.65480e-01
1.16651e+04  2.57000e+01  1.59180e-01
1.16605e+04  2.57100e+01  1.52470e-01
1.16560e+04  2.57200e+01  1.45800e-01
1.16515e+04  2.57300e+01  1.39490e-01
1.16469e+04  2.57400e+01  1.34730e-01
1.16424e+04  2.57500e+01  1.29570e-01
1.16379e+04  2.57600e+01  1.25210e-01
1.16334e+04  2.57700e+01  1.23330e-01
1.16289e+04  2.57800e+01  1.21410e-01
1.16244e+04  2.57900e+01  1.19530e-01
1.16199e+04  2.58000e+01  1.19660e-01
1.16154e+04  2.58100e+01  1.19820e-01
1.16109e+04  2.58200e+01  1.20350e-01
1.16064e+04  2.58300e+01  1.21280e-01
1.16019e+04  2.58400e+01  1.22580e-01
1.15974e+04  2.58500e+01  1.24320e-01
1.15929e+04  2.58600e+01  1.25610e-01
1.15884e+04  2.58700e+01  1.27630e-01
1.15839e+04  2.58800e+01  1.29300e-01
1.15795e+04  2.58900e+01  1.31320e-01
1.15750e+04  2.59000e+01  1.33310e-01
1.15705e+04  2.59100e+01  1.35300e-01
1.15661e+04  2.59200e+01  1.37330e-01
1.15616e+04  2.59300e+01  1.38550e-01
1.15571e+04  2.59400e+01  1.40180e-01
1.15527e+04  2.59500e+01  1.41450e-01
1.15482e+04  2.59600e+01  1.41910e-01
1.15438e+04  2.59700e+01  1.42320e-01
1.15394e+04  2.59800e+01  1.42420e-01
1.15349e+04  2.59900e+01  1.42070e-01
1.15305e+04  2.60000e+01  1.40950e-01
1.15260e+04  2.60100e+01  1.39420e-01
1.15216e+04  2.60200e+01  1.37940e-01
1.15172e+04  2.60300e+01  1.35600e-01
1.15128e+04  2.60400e+01  1.33300e-01
1.15083e+04  2.60500e+01  1.31000e-01
1.15039e+04  2.60600e+01  1.28330e-01
1.14995e+04  2.60700e+01  1.25620e-01
1.14951e+04  2.60800e+01  1.22940e-01
1.14907e+04  2.60900e+01  1.20680e-01
1.14863e+04  2.61000e+01  1.18400e-01
1.14819e+04  2.61100e+01  1.16170e-01
1.14775e+04  2.61200e+01  1.13940e-01
1.14731e+04  2.61300e+01  1.11740e-01
1.14687e+04  2.61400e+01  1.09870e-01
1.14643e+04  2.61500e+01  1.07600e-01
1.14600e+04  2.61600e+01  1.05310e-01
1.14556e+04  2.61700e+01  1.02990e-01
1.14512e+04  2.61800e+01  1.00340e-01
1.14468e+04  2.61900e+01  9.71960e-02
1.14425e+04  2.62000e+01  9.39690e-02
1.14381e+04  2.62100e+01  9.08210e-02
1.14337e+04  2.62200e+01  8.75890e-02
1.14294e+04  2.62300e+01  8.46810e-02
1.14250e+04  2.62400e+01  8.17710e-02
1.14207e+04  2.62500e+01  7.92270e-02
1.14163e+04  2.62600e+01  7.78660e-02
1.14120e+04  2.62700e+01  7.68320e-02
1.14076e+04  2.62800e+01  7.54700e-02
1.14033e+04  2.62900e+01  7.61540e-02
1.13990e+04  2.63000e+01  7.65100e-02
1.13946e+04  2.63100e+01  7.72360e-02
1.13903e+04  2.63200e+01  7.80850e-02
1.13860e+04  2.63300e+01  7.89760e-02
1.13816e+04  2.63400e+01  7.98670e-02
1.13773e+04  2.63500e+01  8.03490e-02
1.13730e+04  2.63600e+01  8.07900e-02
1.13687e+04  2.63700e+01  8.08620e-02
1.13644e+04  2.63800e+01  8.09340e-02
1.13601e+04  2.63900e+01  8.09640e-02
1.13558e+04  2.64000e+01  8.06250e-02
1.13515e+04  2.64100e+01  8.02440e-02
1.13472e+04  2.64200e+01  8.03160e-02
1.13429e+04  2.64300e+01  8.03460e-02
1.13386e+04  2.64400e+01  8.03770e-02
1.13343e+04  2.64500e+01  8.04480e-02
1.13300e+04  2.64600e+01  8.05610e-02
1.13257e+04  2.64700e+01  8.06740e-02
1.13215e+04  2.64800e+01  8.07460e-02
1.13172e+04  2.64900e+01  7.96620e-02
1.13129e+04  2.65000e+01  7.86190e-02
1.13087e+04  2.65100e+01  7.75340e-02
1.13044e+04  2.65200e+01  7.57460e-02
1.13001e+04  2.65300e+01  7.30890e-02
1.12959e+04  2.65400e+01  7.04300e-02
1.12916e+04  2.65500e+01  6.78100e-02
1.12874e+04  2.65600e+01  6.51060e-02
1.12831e+04  2.65700e+01  6.20270e-02
1.12789e+04  2.65800e+01  5.92770e-02
1.12746e+04  2.65900e+01  5.61520e-02
1.12704e+04  2.66000e+01  5.36460e-02
1.12662e+04  2.66100e+01  5.08480e-02
1.12619e+04  2.66200e+01  4.80900e-02
1.12577e+04  2.66300e+01  4.52880e-02
1.12535e+04  2.66400e+01  4.25250e-02
1.12492e+04  2.66500e+01  3.97190e-02
1.12450e+04  2.66600e+01  3.70430e-02
1.12408e+04  2.66700e+01  3.43700e-02
1.12366e+04  2.66800e+01  3.16200e-02
1.12324e+04  2.66900e+01  2.95910e-02
1.12282e+04  2.67000e+01  2.92980e-02
1.12240e+04  2.67100e+01  2.86730e-02
1.12198e+04  2.67200e+01  2.75720e-02
1.12156e+04  2.67300e+01  9.97830e-02
1.12114e+04  2.67400e+01  1.11110e-01
1.12072e+04  2.67500e+01  1.10900e-01
1.12030e+04  2.67600e+01  1.12110e-01
1.11988e+04  2.67700e+01  1.08440e-01
1.11946e+04  2.67800e+01  1.04770e-01
1.11905e+04  2.67900e+01  1.01470e-01
1.11863e+04  2.68000e+01  9.81660e-02
1.11821e+04  2.68100e+01  9.48620e-02
1.11779e+04  2.68200e+01  9.16400e-02
1.11738e+04  2.68300e+01  8.79550e-02
1.11696e+04  2.68400e+01  8.41000e-02
1.11655e+04  2.68500e+01  8.04100e-02
1.11613e+04  2.68600e+01  7.68850e-02
1.11571e+04  2.68700e+01  7.34820e-02
1.11530e+04  2.68800e+01  7.03280e-02
1.11488e+04  2.68900e+01  6.72550e-02
1.11447e+04  2.69000e+01  6.43060e-02
1.11406e+04  2.69100e+01  6.15640e-02
1.11364e+04  2.69200e+01  5.89030e-02
1.11323e+04  2.69300e+01  5.63670e-02
1.11282e+04  2.69400e+01  5.39540e-02
1.11240e+04  2.69500e+01  5.15400e-02
1.11199e+04  2.69600e+01  4.92500e-02
1.11158e+04  2.69700e+01  4.70840e-02
1.11117e+04  2.69800e+01  4.49590e-02
1.11075e+04  2.69900e+01  4.28740e-02
1.11034e+04  2.70000e+01  4.03540e-02
1.10993e+04  2.70100e+01  3.74460e-02
1.10952e+04  2.70200e+01  3.45560e-02
1.10911e+04  2.70300e+01  3.02960e-02
1.10870e+04  2.70400e+01  1.85250e-02
1.10829e+04  2.70500e+01  1.98580e-02
1.10788e+04  2.70600e+01  2.13910e-02
1.10747e+04  2.70700e+01  2.31990e-02
1.10706e+04  2.70800e+01  2.45280e-02
1.10665e+04  2.70900e+01  2.58790e-02
1.10625e+04  2.71000e+01  2.72470e-02
1.10584e+04  2.71100e+01  2.81860e-02
1.10543e+04  2.71200e+01  2.86820e-02
1.10502e+04  2.71300e+01  2.90860e-02
1.10461e+04  2.71400e+01  2.95150e-02
1.10421e+04  2.71500e+01  2.93820e-02
1.10380e+04  2.71600e+01  2.92660e-02
1.10340e+04  2.71700e+01  2.91290e-02
1.10299e+04  2.71800e+01  2.88470e-02
1.10258e+04  2.71900e+01  2.84810e-02
1.10218e+04  2.72000e+01  2.81610e-02
1.10177e+04  2.72100e+01  2.78620e-02
1.10137e+04  2.72200e+01  2.72790e-02
1.10096e+04  2.72300e+01  2.65510e-02
1.10056e+04  2.72400e+01  2.59030e-02
1.10016e+04  2.72500e+01  2.50130e-02
1.09975e+04  2.72600e+01  2.32480e-02
1.09935e+04  2.72700e+01  2.14940e-02
1.09895e+04  2.72800e+01  1.98450e-02
1.09854e+04  2.72900e+01  1.74680e-02
1.09814e+04  2.73000e+01  1.48590e-02
1.09774e+04  2.73100e+01  1.24960e-02
1.09734e+04  2.73200e+01  1.01860e-02
1.09694e+04  2.73300e+01  6.07790e-03
1.09653e+04  2.73400e+01  3.61360e-03
1.09613e+04  2.73500e+01  2.19060e-03
1.09573e+04  2.73600e+01  1.69460e-03
1.09533e+04  2.73700e+01  2.66960e-04
1.09493e+04  2.73800e+01  4.44310e-04
1.09453e+04  2.73900e+01  3.74520e-04
1.09413e+04  2.74000e+01  3.14830e-04
1.09373e+04  2.74100e+01  2.66070e-04
1.09334e+04  2.74200e+01  2.23550e-04
1.09294e+04  2.74300e+01  1.88770e-04
1.09254e+04  2.74400e+01  1.59480e-04
1.09214e+04  2.74500e+01  1.33890e-04
1.09174e+04  2.74600e+01  1.12600e-04
1.09134e+04  2.74700e+01  9.47160e-05
1.09095e+04  2.74800e+01  7.96440e-05
1.09055e+04  2.74900e+01  6.68720e-05
1.09015e+04  2.75000e+01  5.63180e-05
1.08976e+04  2.75100e+01  4.73410e-05
1.08936e+04  2.75200e+01  3.97640e-05
1.08897e+04  2.75300e+01  3.34200e-05
1.08857e+04  2.75400e+01  3.03530e-05
1.08818e+04  2.75500e+01  2.84250e-05
1.08778e+04  2.75600e+01  2.65770e-05
1.08739e+04  2.75700e+01  2.48860e-05
1.08699e+04  2.75800e+01  2.31980e-05
1.08660e+04  2.75900e+01  2.17420e-05
1.08620e+04  2.76000e+01  2.03610e-05
1.08581e+04  2.76100e+01  1.90570e-05
1.08542e+04  2.76200e+01  1.78340e-05
1.08503e+04  2.76300e+01  1.66870e-05
1.08463e+04  2.76400e+01  1.56170e-05
1.08424e+04  2.76500e+01  1.45460e-05
1.08385e+04  2.76600e+01  1.36080e-05
1.08346e+04  2.76700e+01  1.27250e-05
1.08307e+04  2.76800e+01  1.19110e-05
1.08267e+04  2.76900e+01  1.11130e-05
1.08228e+04  2.77000e+01  1.03710e-05
1.08189e+04  2.77100e+01  9.70540e-06
1.08150e+04  2.77200e+01  2.06090e-05
1.08111e+04  2.77300e+01  3.10290e-05
1.08072e+04  2.77400e+01  7.47380e-05
1.08033e+04  2.77500e+01  3.78360e-04
1.07994e+04  2.77600e+01  3.47150e-03
1.07956e+04  2.77700e+01  4.62320e-03
1.07917e+04  2.77800e+01  6.06120e-03
1.07878e+04  2.77900e+01  7.78590e-03
1.07839e+04  2.78000e+01  9.11350e-03
1.07800e+04  2.78100e+01  9.46320e-03
1.07761e+04  2.78200e+01  9.71790e-03
1.07723e+04  2.78300e+01  1.00680e-02
1.07684e+04  2.78400e+01  1.01760e-02
1.07645e+04  2.78500e+01  1.02010e-02
1.07607e+04  2.78600e+01  1.02350e-02
1.07568e+04  2.78700e+01  1.02820e-02
1.07530e+04  2.78800e+01  1.02250e-02
1.07491e+04  2.78900e+01  1.02160e-02
1.07452e+04  2.79000e+01  1.02150e-02
1.07414e+04  2.79100e+01  1.00580e-02
1.07376e+04  2.79200e+01  9.25720e-03
1.07337e+04  2.79300e+01  8.56890e-03
1.07299e+04  2.79400e+01  7.90190e-03
1.07260e+04  2.79500e+01  6.60760e-03
1.07222e+04  2.79600e+01  4.84640e-03
1.07184e+04  2.79700e+01  3.52440e-03
1.07145e+04  2.79800e+01  2.57830e-03
1.07107e+04  2.79900e+01  5.71470e-04
1.07069e+04  2.80000e+01  1.59600e-04
1.06878e+04  2.80500e+01  3.84290e-05
